,Index test,Prediction,Output 0,Output 1
0,0.0,0.0,1.4549384117126465,-1.1987112760543823
1,3.0,0.0,0.054329536855220795,-0.034261297434568405
2,7.0,1.0,-0.6760376691818237,-0.14393171668052673
3,9.0,0.0,0.054329536855220795,-0.034261297434568405
4,27.0,1.0,-2.9558770656585693,-0.48626765608787537
5,34.0,1.0,-3.1660563945770264,-0.5178277492523193
6,39.0,1.0,-1.4146772623062134,-0.2548443078994751
7,40.0,1.0,-2.420271158218384,-0.4058421850204468
8,41.0,1.0,-1.2766491174697876,-0.2341182678937912
9,42.0,1.0,-26.615859985351562,-4.03900146484375
10,45.0,1.0,-5.223902225494385,-0.8268295526504517
11,48.0,0.0,0.20267033576965332,-0.1499546766281128
12,50.0,1.0,-2.054959297180176,-0.3509877324104309
13,51.0,1.0,-1.841639757156372,-0.31895607709884644
14,53.0,0.0,0.28750813007354736,-0.2743207812309265
15,60.0,1.0,-0.8576720952987671,-0.1712055653333664
16,62.0,0.0,0.16013288497924805,-0.1274905651807785
17,70.0,1.0,-0.5410671234130859,-0.12366482615470886
18,72.0,1.0,-0.9614077806472778,-0.18678230047225952
19,74.0,1.0,-1.115723729133606,-0.20995405316352844
20,75.0,0.0,0.054329536855220795,-0.034261297434568405
21,77.0,1.0,-0.2876659631729126,-0.0856146290898323
22,85.0,0.0,1.3942756652832031,-1.0793068408966064
23,87.0,1.0,-1.6111258268356323,-0.28434258699417114
24,91.0,1.0,-1.6519193649291992,-0.2904680669307709
25,97.0,1.0,-29.36114501953125,-4.45122766494751
26,108.0,1.0,-0.9982929229736328,-0.19232088327407837
27,110.0,1.0,-1.899620532989502,-0.3276623487472534
28,114.0,1.0,-1.8164139986038208,-0.31516823172569275
29,121.0,1.0,-0.13722145557403564,-0.06302419304847717
30,141.0,1.0,-3.4902944564819336,-0.5665146708488464
31,142.0,1.0,-0.9120916724205017,-0.17937709391117096
32,155.0,1.0,-1.3014601469039917,-0.237843856215477
33,158.0,1.0,-3.0083601474761963,-0.4941484034061432
34,160.0,1.0,-27.445650100708008,-4.163600921630859
35,161.0,1.0,-0.19315564632415771,-0.12306943535804749
36,164.0,1.0,-1.94508695602417,-0.33448949456214905
37,165.0,1.0,-0.4896392524242401,-0.2144978642463684
38,173.0,0.0,0.08329291641712189,-0.05685029923915863
39,179.0,1.0,-1.7921942472457886,-0.3115314543247223
40,189.0,1.0,-1.8374667167663574,-0.31832948327064514
41,193.0,1.0,-1.3435524702072144,-0.2441643476486206
42,197.0,1.0,-1.9242757558822632,-0.33136454224586487
43,203.0,1.0,-0.7668694257736206,-0.21118728816509247
44,215.0,1.0,-2.3587687015533447,-0.3966071307659149
45,221.0,1.0,-0.4613960087299347,-0.11170157790184021
46,234.0,1.0,-0.6628775596618652,-0.14195561408996582
47,237.0,0.0,0.5556105971336365,-0.42521846294403076
48,239.0,0.0,0.054329536855220795,-0.034261297434568405
49,240.0,1.0,-1.8390774726867676,-0.3185713291168213
50,242.0,1.0,-1.4562853574752808,-0.26109206676483154
51,245.0,1.0,-0.16480481624603271,-0.06716606020927429
52,249.0,1.0,-1.1899285316467285,-0.22109650075435638
53,263.0,0.0,0.054329536855220795,-0.034261297434568405
54,264.0,0.0,0.39429187774658203,-0.2994033694267273
55,270.0,1.0,-2.7490036487579346,-0.45520398020744324
56,281.0,0.0,0.054329536855220795,-0.034261297434568405
57,283.0,1.0,-27.242473602294922,-4.133092403411865
58,285.0,1.0,-1.4464499950408936,-0.2596152126789093
59,287.0,0.0,0.5798904895782471,-0.4441547095775604
60,288.0,1.0,-28.246322631835938,-4.283828258514404
61,294.0,1.0,-1.3177539110183716,-0.24029049277305603
62,298.0,1.0,-0.9136624336242676,-0.17961296439170837
63,303.0,1.0,-2.226022958755493,-0.37667426466941833
64,311.0,1.0,-1.8290704488754272,-0.3170687258243561
65,319.0,0.0,0.054329536855220795,-0.034261297434568405
66,320.0,0.0,0.054329536855220795,-0.034261297434568405
67,327.0,1.0,-0.7858383059501648,-0.16041915118694305
68,328.0,1.0,-0.4946269094944,-0.116691455245018
69,339.0,1.0,-22.431337356567383,-3.4106619358062744
70,340.0,1.0,-0.6760416030883789,-0.1439322978258133
71,344.0,1.0,-0.751338005065918,-0.15523865818977356
72,353.0,1.0,-1.2713361978530884,-0.23332050442695618
73,354.0,1.0,-1.2976750135421753,-0.23727549612522125
74,358.0,0.0,0.42105260491371155,-0.3202745020389557
75,362.0,0.0,0.054329536855220795,-0.034261297434568405
76,367.0,1.0,-1.779023289680481,-0.30955374240875244
77,372.0,0.0,0.054329536855220795,-0.034261297434568405
78,376.0,1.0,-1.3159551620483398,-0.24002039432525635
79,389.0,1.0,-1.603578805923462,-0.28320935368537903
80,392.0,1.0,-1.7307571172714233,-0.3023061752319336
81,394.0,1.0,-0.9583158493041992,-0.18631801009178162
82,403.0,1.0,-1.008445382118225,-0.19384536147117615
83,411.0,0.0,0.947445809841156,-0.7308170199394226
84,417.0,1.0,-0.751059889793396,-0.1551968902349472
85,421.0,1.0,-0.4119545519351959,-0.29801106452941895
86,430.0,1.0,-1.383139729499817,-0.2501086890697479
87,431.0,1.0,-1.5222169160842896,-0.2709922194480896
88,439.0,1.0,-21.758031845092773,-3.3095598220825195
89,452.0,1.0,-26.017086029052734,-3.9490904808044434
90,454.0,1.0,-2.0201101303100586,-0.34575483202934265
91,461.0,1.0,-2.4125194549560547,-0.40467819571495056
92,464.0,0.0,0.636372983455658,-0.4882063567638397
93,493.0,1.0,-0.6257433891296387,-0.13637962937355042
94,501.0,0.0,0.5874723196029663,-0.4500679671764374
95,503.0,1.0,-1.260149598121643,-0.2316407412290573
96,505.0,0.0,0.37956976890563965,-0.28792136907577515
97,506.0,1.0,-1.4447213411331177,-0.2593556344509125
98,508.0,0.0,0.054329536855220795,-0.034261297434568405
99,512.0,0.0,0.24641206860542297,-0.18406957387924194
100,525.0,1.0,-2.401137113571167,-0.40296903252601624
101,526.0,1.0,-1.3539913892745972,-0.24573183059692383
102,531.0,1.0,-0.6560989022254944,-0.2005808800458908
103,534.0,1.0,-0.34281450510025024,-0.10459387302398682
104,544.0,1.0,-1.4036368131637573,-0.2531864643096924
105,545.0,1.0,-0.8450963497161865,-0.16931721568107605
106,551.0,1.0,-0.5104199647903442,-0.11906290054321289
107,565.0,1.0,-1.2748461961746216,-0.23384754359722137
108,568.0,1.0,-2.311152219772339,-0.3894571363925934
109,571.0,1.0,-0.36771562695503235,-0.09763471782207489
110,573.0,1.0,-1.9098728895187378,-0.3292018473148346
111,574.0,1.0,-1.0159907341003418,-0.19497835636138916
112,577.0,1.0,-30.209156036376953,-4.578563213348389
113,582.0,1.0,-1.7585570812225342,-0.3064805567264557
114,594.0,1.0,-1.6092897653579712,-0.2840668857097626
115,596.0,1.0,-26.59266471862793,-4.035518169403076
116,601.0,1.0,-1.5266379117965698,-0.2716560661792755
117,603.0,1.0,-0.5228611826896667,-0.12093105912208557
118,604.0,0.0,0.054329536855220795,-0.034261297434568405
119,608.0,1.0,-22.718637466430664,-3.4538023471832275
120,614.0,1.0,-27.398168563842773,-4.156471252441406
121,618.0,0.0,0.5144700407981873,-0.3535800874233246
122,622.0,1.0,-0.22543418407440186,-0.07627003639936447
123,625.0,1.0,-2.089803695678711,-0.3562198877334595
124,629.0,1.0,-1.2150888442993164,-0.22487451136112213
125,632.0,1.0,-0.8353064060211182,-0.1678471714258194
126,639.0,1.0,-1.5573734045028687,-0.276271253824234
127,648.0,1.0,-26.890674591064453,-4.080266952514648
128,650.0,1.0,-0.22032594680786133,-0.07550299167633057
129,651.0,0.0,0.7344123721122742,-0.5646688342094421
130,652.0,1.0,-0.3409481942653656,-0.09361538290977478
131,657.0,1.0,-1.7462573051452637,-0.3046336770057678
132,661.0,1.0,-0.5464667677879333,-0.12447561323642731
133,665.0,0.0,1.2903913259506226,-0.9982857704162598
134,670.0,1.0,-27.463520050048828,-4.166284084320068
135,675.0,1.0,-1.7062304019927979,-0.29862329363822937
136,676.0,0.0,0.054329536855220795,-0.034261297434568405
137,679.0,1.0,-1.4739738702774048,-0.2637481391429901
138,684.0,0.0,1.117179036140442,-0.8631947040557861
139,699.0,0.0,0.03593467175960541,-0.11843667924404144
140,705.0,1.0,-0.9172251224517822,-0.1801479309797287
141,721.0,1.0,-2.204535961151123,-0.37344783544540405
142,722.0,1.0,-1.6370562314987183,-0.28823623061180115
143,740.0,0.0,0.13755950331687927,-0.09917369484901428
144,741.0,0.0,0.054329536855220795,-0.034261297434568405
145,745.0,1.0,-0.32325679063796997,-0.10586956143379211
146,749.0,0.0,0.054329536855220795,-0.034261297434568405
147,755.0,1.0,-1.3505053520202637,-0.24520838260650635
148,761.0,1.0,-0.7534875869750977,-0.1555614322423935
149,770.0,1.0,-2.026393413543701,-0.3466983139514923
150,771.0,1.0,-0.6999213099479675,-0.14751803874969482
151,772.0,0.0,0.054329536855220795,-0.034261297434568405
152,775.0,1.0,-1.2577588558197021,-0.23128177225589752
153,777.0,1.0,-0.6159314513206482,-0.13490629196166992
154,790.0,1.0,-2.7446603775024414,-0.4545518159866333
155,795.0,1.0,-0.8330522179603577,-0.16750869154930115
156,796.0,1.0,-1.4432787895202637,-0.2591390311717987
157,801.0,0.0,0.0037913918495178223,-0.0498463436961174
158,808.0,1.0,-2.5015475749969482,-0.4180465042591095
159,819.0,1.0,-20.099143981933594,-3.060464859008789
160,821.0,1.0,-1.2345199584960938,-0.22779224812984467
161,823.0,1.0,-2.0527422428131104,-0.35065481066703796
162,824.0,1.0,-0.23131155967712402,-0.0771525651216507
163,825.0,1.0,-0.327590674161911,-0.0916096419095993
164,832.0,1.0,-2.1086843013763428,-0.35905495285987854
165,838.0,1.0,-0.7931640148162842,-0.1615191549062729
166,843.0,1.0,-2.4719796180725098,-0.4136066138744354
167,846.0,0.0,0.09920346736907959,-0.06925919651985168
168,848.0,1.0,-1.0258512496948242,-0.19645899534225464
169,849.0,0.0,1.3517545461654663,-1.0461440086364746
170,853.0,1.0,-1.1223596334457397,-0.21095049381256104
171,854.0,1.0,-0.8088945746421814,-0.18478688597679138
172,855.0,1.0,-2.4514384269714355,-0.4105222225189209
173,856.0,1.0,-0.125502347946167,-0.06126447767019272
174,864.0,0.0,-0.044779278337955475,-0.049143269658088684
175,867.0,1.0,-1.9937857389450073,-0.34180203080177307
176,874.0,1.0,-1.674141764640808,-0.29380491375923157
177,877.0,1.0,-0.3116496205329895,-0.0892159640789032
178,880.0,1.0,-0.5251726508140564,-0.12127813696861267
179,883.0,0.0,0.35185933113098145,-0.26630955934524536
180,892.0,1.0,-1.5694468021392822,-0.2780841588973999
181,893.0,1.0,-1.630956768989563,-0.2873203754425049
182,897.0,1.0,-2.4716103076934814,-0.4135511815547943
183,899.0,0.0,2.0918924808502197,-1.7786426544189453
184,902.0,1.0,-1.0418128967285156,-0.19885575771331787
185,903.0,1.0,-3.1212098598480225,-0.5110936760902405
186,904.0,1.0,-28.986215591430664,-4.394928932189941
187,913.0,1.0,-0.3334147334098816,-0.09248416870832443
188,923.0,1.0,-2.7196953296661377,-0.45080310106277466
189,925.0,0.0,0.054329536855220795,-0.034261297434568405
190,927.0,0.0,-0.03125937283039093,-0.04711315035820007
191,933.0,1.0,-0.09089555591344833,-0.056067995727062225
192,939.0,0.0,1.0009490251541138,-0.7725450396537781
193,941.0,0.0,0.35123881697654724,-0.2658255994319916
194,942.0,1.0,-27.487384796142578,-4.169867515563965
195,945.0,1.0,-0.3796027600765228,-0.09941966831684113
196,950.0,1.0,-1.4155375957489014,-0.25497347116470337
197,954.0,1.0,-0.6506649255752563,-0.14012178778648376
198,957.0,0.0,0.055207833647727966,-0.14017431437969208
199,971.0,1.0,-0.6714283227920532,-0.1432395875453949
200,972.0,1.0,-26.688833236694336,-4.0499587059021
201,973.0,1.0,-2.8515074253082275,-0.47059571743011475
202,975.0,1.0,-0.227262943983078,-0.07654464244842529
203,980.0,1.0,-2.322169542312622,-0.39111146330833435
204,981.0,1.0,-1.3933731317520142,-0.2516452968120575
205,986.0,1.0,-1.5768903493881226,-0.279201865196228
206,989.0,1.0,-1.3652997016906738,-0.24742986261844635
207,990.0,1.0,-1.116714596748352,-0.5609034895896912
208,993.0,1.0,-2.4266905784606934,-0.4068061113357544
209,997.0,1.0,-2.3353042602539062,-0.39308375120162964
210,1002.0,1.0,-25.27250862121582,-3.8372862339019775
211,1009.0,1.0,-1.110942006111145,-0.2092360407114029
212,1011.0,1.0,-1.1349992752075195,-0.21284843981266022
213,1012.0,1.0,-2.0391857624053955,-0.3486192226409912
214,1013.0,1.0,-0.7826040387153625,-0.15993349254131317
215,1015.0,1.0,-1.9307456016540527,-0.33233603835105896
216,1018.0,0.0,1.5352938175201416,-1.1892892122268677
217,1027.0,1.0,-0.9829715490341187,-0.19002026319503784
218,1028.0,0.0,0.06448520720005035,-0.39502131938934326
219,1030.0,1.0,-1.6365258693695068,-0.2881565988063812
220,1036.0,1.0,-0.1740015745162964,-0.08292213082313538
221,1037.0,1.0,-3.4932703971862793,-0.5669615268707275
222,1038.0,1.0,-1.7793961763381958,-0.30960971117019653
223,1050.0,1.0,-1.3090685606002808,-0.2389863133430481
224,1056.0,1.0,-2.3858909606933594,-0.40067970752716064
225,1058.0,1.0,-2.7706425189971924,-0.4584532082080841
226,1060.0,1.0,-1.4029593467712402,-0.2530847489833832
227,1063.0,1.0,-1.0144000053405762,-0.19473950564861298
228,1067.0,1.0,-0.512701153755188,-0.28745296597480774
229,1071.0,0.0,1.0145881175994873,-0.7831824421882629
230,1072.0,1.0,-0.9630982875823975,-0.18703614175319672
231,1076.0,1.0,-0.740138053894043,-0.15355689823627472
232,1080.0,1.0,-21.967016220092773,-3.340940475463867
233,1081.0,0.0,0.2828696668148041,-0.21250341832637787
234,1083.0,1.0,-1.58430814743042,-0.28031572699546814
235,1087.0,1.0,-0.6993446946144104,-0.14743144810199738
236,1095.0,0.0,0.382803738117218,-0.2904435992240906
237,1102.0,1.0,-2.4804394245147705,-0.41487693786621094
238,1108.0,1.0,-2.653238534927368,-0.44082409143447876
239,1113.0,0.0,-0.2512228786945343,-0.2596265375614166
240,1123.0,0.0,1.8748153448104858,-1.454087495803833
241,1132.0,1.0,-24.591461181640625,-3.7350215911865234
242,1133.0,0.0,0.2735820710659027,-0.20525987446308136
243,1134.0,0.0,0.3841780722141266,-0.29151543974876404
244,1139.0,1.0,-2.4314961433410645,-0.40752771496772766
245,1147.0,1.0,-1.6947118043899536,-0.2968936860561371
246,1153.0,1.0,-1.343625783920288,-0.24417535960674286
247,1158.0,1.0,-0.5325177907943726,-0.1223810613155365
248,1165.0,0.0,1.6469560861587524,-1.276376485824585
249,1172.0,1.0,-0.41259580850601196,-0.10437384247779846
250,1174.0,1.0,-1.674768328666687,-0.2938990294933319
251,1177.0,1.0,-29.933860778808594,-4.537225246429443
252,1183.0,0.0,0.28270742297172546,-0.2123768925666809
253,1186.0,0.0,0.5741550326347351,-0.4396815598011017
254,1188.0,1.0,-2.257368803024292,-0.3813811242580414
255,1192.0,1.0,-1.435981273651123,-0.2580432593822479
256,1193.0,1.0,-0.8962307572364807,-0.17699545621871948
257,1203.0,1.0,-4.2834391593933105,-0.6856116056442261
258,1207.0,1.0,-0.20540431141853333,-0.07326239347457886
259,1218.0,1.0,-0.8110380172729492,-0.16420309245586395
260,1223.0,1.0,-1.3850417137145996,-0.2503942847251892
261,1224.0,0.0,0.054329536855220795,-0.034261297434568405
262,1238.0,1.0,-1.4144821166992188,-0.254815012216568
263,1243.0,0.0,0.7342312932014465,-0.5645275712013245
264,1245.0,0.0,7.885631084442139,-8.55049991607666
265,1267.0,0.0,0.054329536855220795,-0.034261297434568405
266,1272.0,1.0,-2.366257905960083,-0.3977316617965698
267,1273.0,1.0,-0.956579327583313,-0.18605726957321167
268,1276.0,0.0,0.5032283663749695,-0.38436469435691833
269,1282.0,1.0,-2.2440974712371826,-0.37938830256462097
270,1285.0,1.0,-24.73817253112793,-3.757051467895508
271,1288.0,1.0,-1.36253821849823,-0.24701520800590515
272,1289.0,0.0,0.03555341809988022,-0.03708067908883095
273,1297.0,0.0,0.785694420337677,-0.6046645045280457
274,1299.0,0.0,0.9414839148521423,-0.7261672616004944
275,1303.0,1.0,-0.8788271546363831,-0.17438216507434845
276,1304.0,1.0,-0.7380967140197754,-0.15325036644935608
277,1305.0,1.0,-0.4507956802845001,-0.1101098507642746
278,1310.0,1.0,-2.908496856689453,-0.4791531562805176
279,1323.0,0.0,0.15885496139526367,-0.1553839147090912
280,1324.0,0.0,0.054329536855220795,-0.034261297434568405
281,1325.0,0.0,0.6093031167984009,-0.4670940935611725
282,1332.0,1.0,-25.531949996948242,-3.8762435913085938
283,1334.0,1.0,-1.6688573360443115,-0.2930114269256592
284,1337.0,1.0,-1.5810312032699585,-0.2798236608505249
285,1339.0,0.0,0.054329536855220795,-0.034261297434568405
286,1341.0,0.0,3.2973427772521973,-2.866619825363159
287,1342.0,1.0,-0.9419304132461548,-0.18385761976242065
288,1346.0,1.0,-1.829177975654602,-0.3170848488807678
289,1348.0,1.0,-28.783489227294922,-4.364488124847412
290,1350.0,1.0,-27.183406829833984,-4.124222755432129
291,1359.0,1.0,-3.2695305347442627,-0.5333652496337891
292,1361.0,0.0,0.054329536855220795,-0.034261297434568405
293,1363.0,1.0,-0.09373260289430618,-0.05649399757385254
294,1364.0,1.0,-2.414102554321289,-0.4049159288406372
295,1370.0,1.0,-1.2506448030471802,-0.23021352291107178
296,1374.0,1.0,-0.2250397801399231,-0.07621081173419952
297,1375.0,1.0,-2.249070644378662,-0.38013508915901184
298,1385.0,1.0,-1.421745777130127,-0.2559056878089905
299,1387.0,1.0,-24.37748908996582,-3.702892303466797
300,1395.0,1.0,-0.37786588072776794,-0.0991588681936264
301,1399.0,1.0,-0.17946526408195496,-0.0693674385547638
302,1405.0,1.0,-0.2343795895576477,-0.07761326432228088
303,1408.0,1.0,-1.4533370733261108,-0.2606493830680847
304,1413.0,1.0,-0.33185139298439026,-0.09224942326545715
305,1415.0,0.0,0.054329536855220795,-0.034261297434568405
306,1416.0,1.0,-1.1491310596466064,-0.2149704396724701
307,1422.0,0.0,1.344848871231079,-1.0407581329345703
308,1425.0,1.0,-1.2942839860916138,-0.23676630854606628
309,1436.0,1.0,-0.35251879692077637,-0.09535279870033264
310,1448.0,1.0,-1.5530318021774292,-0.2756193280220032
311,1452.0,0.0,0.054329536855220795,-0.034261297434568405
312,1472.0,1.0,-0.13190507888793945,-0.06222590059041977
313,1473.0,1.0,-1.5519251823425293,-0.2754531502723694
314,1477.0,1.0,-0.7302159070968628,-0.15206700563430786
315,1497.0,1.0,-0.13495859503746033,-0.06268440932035446
316,1498.0,1.0,-1.085102915763855,-0.20535610616207123
317,1499.0,1.0,-1.2483034133911133,-0.22986194491386414
318,1509.0,1.0,-0.8515915274620056,-0.17029251158237457
319,1514.0,1.0,-0.8394137024879456,-0.16846391558647156
320,1515.0,0.0,0.17314237356185913,-0.12692533433437347
321,1519.0,1.0,-1.0162358283996582,-0.19501516222953796
322,1525.0,1.0,-1.1677422523498535,-0.21776506304740906
323,1532.0,1.0,-23.290189743041992,-3.539625644683838
324,1536.0,0.0,0.46455132961273193,-0.3541998565196991
325,1540.0,1.0,-0.6784717440605164,-0.14429719746112823
326,1543.0,1.0,-0.9275081157684326,-0.1816919893026352
327,1553.0,1.0,-1.886688232421875,-0.32572048902511597
328,1557.0,1.0,-1.7008417844772339,-0.29781416058540344
329,1563.0,1.0,-1.9853066205978394,-0.34052881598472595
330,1565.0,1.0,-24.619176864624023,-3.7391834259033203
331,1570.0,1.0,-1.6427762508392334,-0.2890951335430145
332,1574.0,0.0,0.054329536855220795,-0.034261297434568405
333,1577.0,0.0,1.9045519828796387,-1.477279543876648
334,1579.0,1.0,-25.44415283203125,-3.863060235977173
335,1583.0,1.0,-0.7765780091285706,-0.15902864933013916
336,1593.0,1.0,-2.5819151401519775,-0.4301143288612366
337,1595.0,1.0,-1.3556153774261475,-0.24597570300102234
338,1597.0,1.0,-0.599921703338623,-0.2572207450866699
339,1599.0,1.0,-1.4057148694992065,-0.25349852442741394
340,1604.0,0.0,2.018460750579834,-1.566118836402893
341,1609.0,1.0,-26.07438087463379,-3.9576940536499023
342,1612.0,1.0,-1.6035213470458984,-0.283200740814209
343,1615.0,1.0,-1.637696385383606,-0.28833237290382385
344,1621.0,1.0,-0.5841625928878784,-0.1301359385251999
345,1632.0,1.0,-1.5687977075576782,-0.27798667550086975
346,1635.0,1.0,-2.151214122772217,-0.3654411733150482
347,1640.0,1.0,-1.084977149963379,-0.20533722639083862
348,1641.0,1.0,-0.5071721076965332,-0.2893694341182709
349,1654.0,1.0,-0.9954415559768677,-0.19189274311065674
350,1663.0,1.0,-2.2247860431671143,-0.3764885365962982
351,1664.0,1.0,-0.5616058111190796,-0.12674885988235474
352,1666.0,1.0,-1.8203990459442139,-0.3157666325569153
353,1671.0,1.0,-0.2432868778705597,-0.07895076274871826
354,1690.0,1.0,-0.5749333500862122,-0.33763208985328674
355,1700.0,1.0,-2.144033908843994,-0.3643629848957062
356,1704.0,1.0,-0.14504128694534302,-0.06419840455055237
357,1712.0,0.0,0.054329536855220795,-0.034261297434568405
358,1718.0,0.0,0.13026012480258942,-0.09348078072071075
359,1729.0,0.0,-0.01338457316160202,-0.04442910850048065
360,1731.0,1.0,-1.3371731042861938,-0.2432064414024353
361,1737.0,1.0,-1.403358817100525,-0.2531447410583496
362,1753.0,0.0,0.3387773931026459,-0.25610673427581787
363,1759.0,1.0,-0.16410797834396362,-0.0670614242553711
364,1766.0,0.0,0.14474917948246002,-0.10478103160858154
365,1767.0,1.0,-0.10124111920595169,-0.057621464133262634
366,1768.0,1.0,-0.7049338221549988,-0.14827069640159607
367,1776.0,0.0,-0.09165378659963608,-0.34141379594802856
368,1783.0,1.0,-0.9120512008666992,-0.17937102913856506
369,1786.0,1.0,-0.21001526713371277,-0.0739547610282898
370,1794.0,0.0,0.2788529396057129,-0.2093707174062729
371,1796.0,1.0,-2.385495662689209,-0.40062037110328674
372,1804.0,1.0,-24.049901962280273,-3.6537024974823
373,1810.0,1.0,-1.92473566532135,-0.33143359422683716
374,1814.0,1.0,-3.2480051517486572,-0.5301330089569092
375,1821.0,1.0,-2.24644136428833,-0.37974026799201965
376,1827.0,0.0,1.2937992811203003,-1.0009437799453735
377,1830.0,0.0,0.054329536855220795,-0.034261297434568405
378,1831.0,1.0,-27.17159652709961,-4.1224493980407715
379,1832.0,1.0,-2.052673578262329,-0.3506444990634918
380,1836.0,1.0,-0.6551750898361206,-0.24286450445652008
381,1843.0,1.0,-0.599433422088623,-0.13242898881435394
382,1846.0,0.0,0.054329536855220795,-0.034261297434568405
383,1848.0,1.0,-24.570724487304688,-3.731908082962036
384,1851.0,1.0,-0.6938893795013428,-0.146612286567688
385,1855.0,1.0,-0.6865238547325134,-0.14550629258155823
386,1859.0,1.0,-1.3718150854110718,-0.2484082132577896
387,1860.0,1.0,-1.5713956356048584,-0.27837681770324707
388,1861.0,0.0,0.30850255489349365,-0.23249492049217224
389,1865.0,1.0,-0.8327769637107849,-0.16746735572814941
390,1866.0,1.0,-0.6795368790626526,-0.144457146525383
391,1867.0,1.0,-1.7475711107254028,-0.304830938577652
392,1874.0,0.0,-0.012070342898368835,-0.04423176497220993
393,1876.0,1.0,-0.5354310274124146,-0.12281851470470428
394,1880.0,1.0,-3.3282244205474854,-0.5421785712242126
395,1882.0,1.0,-4.244451999664307,-0.6797573566436768
396,1883.0,1.0,-0.5972424149513245,-0.13209998607635498
397,1885.0,0.0,0.1868758499622345,-0.13763628900051117
398,1887.0,1.0,-2.4738540649414062,-0.4138880968093872
399,1891.0,1.0,-1.1829051971435547,-0.2200419008731842
400,1892.0,1.0,-0.7050645351409912,-0.14829032123088837
401,1899.0,0.0,0.5846966505050659,-0.4479031562805176
402,1913.0,1.0,-1.849711298942566,-0.3201681077480316
403,1918.0,0.0,-0.025801032781600952,-0.0643203929066658
404,1925.0,1.0,-2.4794538021087646,-0.41472893953323364
405,1928.0,1.0,-1.099496841430664,-0.20751745998859406
406,1931.0,1.0,-0.2286972999572754,-0.07676002383232117
407,1932.0,1.0,-1.8757184743881226,-0.32407328486442566
408,1935.0,1.0,-0.7898480892181396,-0.16102124750614166
409,1937.0,1.0,-1.0776840448379517,-0.20424209535121918
410,1949.0,1.0,-27.76625633239746,-4.211742401123047
411,1952.0,1.0,-1.6612563133239746,-0.2918700873851776
412,1970.0,1.0,-1.002736210823059,-0.1929880976676941
413,1972.0,1.0,-1.322684645652771,-0.24103088676929474
414,1974.0,1.0,-0.5289579033851624,-0.1218465268611908
415,1981.0,1.0,-0.5174729824066162,-0.12012197077274323
416,1984.0,1.0,-0.11255861073732376,-0.05932087451219559
417,1991.0,1.0,-2.152256488800049,-0.365597665309906
418,1994.0,1.0,-20.94028663635254,-3.1867690086364746
419,1995.0,1.0,-2.091262102127075,-0.35643887519836426
420,2001.0,1.0,-0.2884429097175598,-0.08573129773139954
421,2006.0,1.0,-24.5659122467041,-3.7311854362487793
422,2007.0,1.0,-0.9823740720748901,-0.18993054330348969
423,2008.0,1.0,-0.6856069564819336,-0.14536862075328827
424,2009.0,1.0,-2.504455804824829,-0.4184831976890564
425,2013.0,1.0,-1.1660089492797852,-0.21750478446483612
426,2018.0,1.0,-2.612978458404541,-0.43477872014045715
427,2021.0,1.0,-0.7831683158874512,-0.16001823544502258
428,2022.0,0.0,1.695024847984314,-1.3138660192489624
429,2025.0,1.0,-2.2305710315704346,-0.37735721468925476
430,2028.0,1.0,-0.6370130777359009,-0.13807186484336853
431,2031.0,1.0,-1.5217645168304443,-0.27092429995536804
432,2032.0,1.0,-1.2522000074386597,-0.23044705390930176
433,2033.0,0.0,0.04226801171898842,-0.07535411417484283
434,2042.0,1.0,-1.5357774496078491,-0.2730284333229065
435,2043.0,1.0,-1.6569103002548218,-0.29121747612953186
436,2062.0,1.0,-1.3253415822982788,-0.24142983555793762
437,2064.0,0.0,1.4556506872177124,-1.1271742582321167
438,2069.0,0.0,0.1921350061893463,-0.32741689682006836
439,2076.0,1.0,-1.4611603021621704,-0.2618241012096405
440,2078.0,1.0,-0.5547001361846924,-0.12571191787719727
441,2081.0,1.0,-1.1825753450393677,-0.21999236941337585
442,2087.0,1.0,-3.5665032863616943,-0.5779580473899841
443,2089.0,1.0,-1.7351008653640747,-0.3029584288597107
444,2090.0,1.0,-0.9410576820373535,-0.18372656404972076
445,2098.0,1.0,-1.1369569301605225,-0.21314239501953125
446,2100.0,1.0,-1.4547064304351807,-0.2608549892902374
447,2102.0,1.0,-1.5991013050079346,-0.282537043094635
448,2105.0,0.0,0.24438929557800293,-0.1824919730424881
449,2110.0,0.0,0.09023888409137726,-0.062267571687698364
450,2112.0,1.0,-1.4922865629196167,-0.266497939825058
451,2113.0,1.0,-1.2334973812103271,-0.22763869166374207
452,2117.0,1.0,-2.1061673164367676,-0.3586770296096802
453,2118.0,0.0,0.40600115060806274,-0.3085356056690216
454,2121.0,1.0,-1.9601997137069702,-0.3367588222026825
455,2125.0,1.0,-1.3706904649734497,-0.24823932349681854
456,2128.0,1.0,-1.3438336849212646,-0.24420657753944397
457,2132.0,1.0,-1.1667249202728271,-0.21761229634284973
458,2138.0,1.0,-1.5334465503692627,-0.2726784348487854
459,2141.0,0.0,0.054329536855220795,-0.034261297434568405
460,2142.0,1.0,-1.1808114051818848,-0.21972748637199402
461,2145.0,1.0,-0.9212047457695007,-0.18074549734592438
462,2148.0,1.0,-1.3160207271575928,-0.24003024399280548
463,2152.0,1.0,-0.809712827205658,-0.1640041023492813
464,2158.0,1.0,-4.038079738616943,-0.648768961429596
465,2175.0,0.0,0.024860305711627007,-0.03868633508682251
466,2180.0,1.0,-1.8230489492416382,-0.3161645233631134
467,2188.0,0.0,0.471792608499527,-0.35984745621681213
468,2191.0,1.0,-0.3585487902164459,-0.0962582528591156
469,2200.0,1.0,-24.996143341064453,-3.795788049697876
470,2209.0,1.0,-1.1237969398498535,-0.21116632223129272
471,2210.0,1.0,-0.1451890766620636,-0.06422059237957001
472,2211.0,1.0,-23.472978591918945,-3.567072629928589
473,2220.0,0.0,0.6893691420555115,-0.5295389294624329
474,2221.0,1.0,-3.2445197105407715,-0.5296096205711365
475,2225.0,1.0,-27.511186599731445,-4.173441410064697
476,2238.0,0.0,1.0732015371322632,-0.8288959860801697
477,2242.0,1.0,-2.070716142654419,-0.35335373878479004
478,2243.0,1.0,-0.27574795484542847,-0.08382505178451538
479,2244.0,1.0,-0.572199285030365,-0.12833955883979797
480,2246.0,1.0,-0.9201045632362366,-0.18058030307292938
481,2252.0,0.0,0.050019748508930206,-0.03490844741463661
482,2256.0,1.0,-1.2747132778167725,-0.233827605843544
483,2260.0,1.0,-1.4646388292312622,-0.26234641671180725
484,2262.0,1.0,-1.7037519216537476,-0.2982511520385742
485,2273.0,1.0,-1.4363996982574463,-0.2581060826778412
486,2280.0,1.0,-1.3452121019363403,-0.2444135546684265
487,2285.0,0.0,0.9150713086128235,-0.7055676579475403
488,2290.0,1.0,-1.382318139076233,-0.24998532235622406
489,2296.0,0.0,0.12846802175045013,-0.09208309650421143
490,2297.0,1.0,-1.298272967338562,-0.23736527562141418
491,2306.0,1.0,-1.2940813302993774,-0.23673588037490845
492,2312.0,1.0,-1.5680447816848755,-0.2778736352920532
493,2315.0,1.0,-1.449202537536621,-0.26002854108810425
494,2320.0,1.0,-2.138193130493164,-0.3634859323501587
495,2326.0,1.0,-0.44872918725013733,-0.3096267879009247
496,2332.0,1.0,-1.213924765586853,-0.2246997207403183
497,2334.0,1.0,-1.7737046480178833,-0.308755099773407
498,2344.0,1.0,-1.2202372550964355,-0.22564759850502014
499,2345.0,1.0,-1.6470774412155151,-0.28974100947380066
500,2347.0,1.0,-29.94570541381836,-4.539003849029541
501,2352.0,0.0,-0.29201409220695496,-0.365287184715271
502,2359.0,1.0,-2.1535661220550537,-0.36579430103302
503,2360.0,1.0,-2.0654726028442383,-0.35256636142730713
504,2363.0,1.0,-1.9326250553131104,-0.33261826634407043
505,2368.0,1.0,-1.8545444011688232,-0.3208938241004944
506,2372.0,1.0,-0.41181695461273193,-0.10425688326358795
507,2380.0,1.0,-1.6416584253311157,-0.288927286863327
508,2390.0,0.0,1.1894237995147705,-0.9195395708084106
509,2397.0,1.0,-0.7832345962524414,-0.16002818942070007
510,2398.0,0.0,1.7281535863876343,-1.3397036790847778
511,2403.0,1.0,-0.6288012862205505,-0.13683879375457764
512,2404.0,1.0,-1.7542085647583008,-0.3058275878429413
513,2406.0,1.0,-1.2667433023452759,-0.23263084888458252
514,2407.0,0.0,0.11807955056428909,-0.08398096263408661
515,2409.0,1.0,-1.7160753011703491,-0.3001015782356262
516,2414.0,0.0,-0.02100803703069687,-0.05038830265402794
517,2420.0,0.0,0.15709134936332703,-0.11440688371658325
518,2423.0,0.0,0.448952317237854,-0.34203392267227173
519,2439.0,1.0,-1.6124072074890137,-0.2845349907875061
520,2442.0,1.0,-0.6038501858711243,-0.13309217989444733
521,2445.0,1.0,-1.54323410987854,-0.2741481363773346
522,2446.0,0.0,0.054329536855220795,-0.034261297434568405
523,2447.0,1.0,-25.858564376831055,-3.9252874851226807
524,2452.0,0.0,0.13644109666347504,-0.09830142557621002
525,2464.0,1.0,-1.6907827854156494,-0.29630371928215027
526,2468.0,1.0,-0.853190004825592,-0.17053253948688507
527,2469.0,1.0,-1.1725678443908691,-0.2184896469116211
528,2478.0,1.0,-1.043410301208496,-0.19909563660621643
529,2485.0,1.0,-2.044395685195923,-0.3494015038013458
530,2491.0,0.0,0.14538604021072388,-0.10527773201465607
531,2504.0,1.0,-27.871843338012695,-4.227597236633301
532,2509.0,1.0,-0.38647615909576416,-0.1004517674446106
533,2513.0,1.0,-23.686473846435547,-3.599130630493164
534,2514.0,1.0,-2.3655591011047363,-0.39762672781944275
535,2528.0,1.0,-0.48443445563316345,-0.30089613795280457
536,2530.0,1.0,-23.69028663635254,-3.599703311920166
537,2533.0,1.0,-1.7053407430648804,-0.2984897196292877
538,2535.0,1.0,-0.9642707109451294,-0.18721219897270203
539,2536.0,0.0,0.1959332823753357,-0.14470034837722778
540,2546.0,0.0,0.17410510778427124,-0.12767618894577026
541,2547.0,1.0,-0.45179060101509094,-0.11025924980640411
542,2549.0,1.0,-1.3580446243286133,-0.24634046852588654
543,2551.0,1.0,-0.26574358344078064,-0.08232281357049942
544,2553.0,1.0,-0.6307942867279053,-0.13713805377483368
545,2555.0,0.0,0.054329536855220795,-0.034261297434568405
546,2558.0,1.0,-2.3504438400268555,-0.39535707235336304
547,2559.0,1.0,-1.6709918975830078,-0.29333195090293884
548,2560.0,1.0,-1.2422174215316772,-0.22894810140132904
549,2569.0,1.0,-0.8979321122169495,-0.1772509217262268
550,2571.0,0.0,0.16205395758152008,-0.11827729642391205
551,2574.0,1.0,-0.9281321167945862,-0.1817856878042221
552,2585.0,1.0,-21.004650115966797,-3.1964337825775146
553,2590.0,1.0,-1.4948334693908691,-0.2668803930282593
554,2591.0,1.0,-0.41185396909713745,-0.10426244139671326
555,2599.0,1.0,-2.471323013305664,-0.4135080575942993
556,2602.0,1.0,-0.8254906535148621,-0.16637326776981354
557,2606.0,1.0,-0.2504866421222687,-0.0800318643450737
558,2609.0,1.0,-1.2087732553482056,-0.22392618656158447
559,2624.0,1.0,-2.399963855743408,-0.40279287099838257
560,2633.0,1.0,-1.1388359069824219,-0.21342453360557556
561,2644.0,1.0,-4.091902256011963,-0.6568508148193359
562,2652.0,1.0,-3.031252145767212,-0.49758583307266235
563,2670.0,1.0,-20.604724884033203,-3.1363818645477295
564,2677.0,0.0,0.054329536855220795,-0.034261297434568405
565,2682.0,1.0,-0.7655777931213379,-0.15737687051296234
566,2683.0,0.0,0.49969568848609924,-0.3816094994544983
567,2685.0,1.0,-21.464622497558594,-3.2655022144317627
568,2688.0,1.0,-0.46958133578300476,-0.11293067038059235
569,2689.0,1.0,-0.3556402325630188,-0.09582149982452393
570,2703.0,1.0,-1.238092064857483,-0.2283286303281784
571,2705.0,1.0,-0.6448470950126648,-0.13924820721149445
572,2706.0,1.0,-1.7169939279556274,-0.30023953318595886
573,2707.0,1.0,-3.145167827606201,-0.514691174030304
574,2714.0,1.0,-1.6290379762649536,-0.28703224658966064
575,2719.0,1.0,-0.5535823106765747,-0.12554407119750977
576,2726.0,1.0,-1.5067722797393799,-0.2686730921268463
577,2727.0,1.0,-0.6838316917419434,-0.14510205388069153
578,2733.0,0.0,0.054329536855220795,-0.034261297434568405
579,2738.0,0.0,0.054329536855220795,-0.034261297434568405
580,2741.0,1.0,-0.8293648958206177,-0.16695500910282135
581,2745.0,0.0,0.054329536855220795,-0.034261297434568405
582,2747.0,1.0,-2.195162296295166,-0.372040331363678
583,2756.0,0.0,0.054329536855220795,-0.034261297434568405
584,2757.0,1.0,-30.220727920532227,-4.580300807952881
585,2760.0,0.0,0.2792845070362091,-0.20970728993415833
586,2763.0,1.0,-0.6853927373886108,-0.14533644914627075
587,2764.0,1.0,-1.747811198234558,-0.3048669695854187
588,2767.0,1.0,-2.0020194053649902,-0.3430383801460266
589,2775.0,1.0,-0.1506444215774536,-0.0650397539138794
590,2776.0,1.0,-2.207674741744995,-0.37391915917396545
591,2777.0,0.0,0.03295578435063362,-0.044468414038419724
592,2782.0,1.0,-1.9682451486587524,-0.3379668891429901
593,2790.0,1.0,-1.7667564153671265,-0.30771175026893616
594,2801.0,0.0,0.0809815302491188,-0.11271463334560394
595,2806.0,0.0,0.054329536855220795,-0.034261297434568405
596,2807.0,1.0,-0.874241054058075,-0.17369352281093597
597,2809.0,1.0,-0.2642679810523987,-0.0821012407541275
598,2814.0,1.0,-1.3742324113845825,-0.24877119064331055
599,2821.0,1.0,-1.6704082489013672,-0.293244332075119
600,2834.0,1.0,-0.4198971390724182,-0.1054701954126358
601,2835.0,1.0,-0.44073936343193054,-0.10859981179237366
602,2838.0,1.0,-1.658406376838684,-0.2914421558380127
603,2839.0,1.0,-0.5923342108726501,-0.13136297464370728
604,2850.0,1.0,-1.3692326545715332,-0.24802044034004211
605,2852.0,1.0,-0.05653420090675354,-0.05090836435556412
606,2856.0,1.0,-0.2580738365650177,-0.08117114007472992
607,2864.0,0.0,0.10368460416793823,-0.07275409996509552
608,2867.0,1.0,-1.9261536598205566,-0.33164653182029724
609,2869.0,1.0,-2.7727112770080566,-0.45876386761665344
610,2870.0,1.0,-2.1082990169525146,-0.358997106552124
611,2879.0,1.0,-2.0396130084991455,-0.34868335723876953
612,2881.0,1.0,-1.7203266620635986,-0.30073994398117065
613,2887.0,1.0,-0.9305660724639893,-0.1821511834859848
614,2905.0,1.0,-1.1076740026474,-0.2087453454732895
615,2910.0,1.0,-1.324724793434143,-0.24133722484111786
616,2913.0,1.0,-25.484689712524414,-3.8691470623016357
617,2914.0,1.0,-0.25489842891693115,-0.08069433271884918
618,2916.0,1.0,-0.6373566389083862,-0.24424509704113007
619,2920.0,1.0,-1.3558686971664429,-0.24601371586322784
620,2926.0,1.0,-1.2661429643630981,-0.23254069685935974
621,2927.0,0.0,0.21898743510246277,-0.16268064081668854
622,2930.0,1.0,-1.4516829252243042,-0.2604009807109833
623,2931.0,1.0,-1.1626062393188477,-0.21699383854866028
624,2934.0,1.0,-1.284910798072815,-0.2353588342666626
625,2940.0,0.0,0.054329536855220795,-0.034261297434568405
626,2941.0,0.0,0.054329536855220795,-0.034261297434568405
627,2942.0,1.0,-0.7738462090492249,-0.15861843526363373
628,2953.0,0.0,0.4929167628288269,-0.37632250785827637
629,2960.0,1.0,-0.9805035591125488,-0.18964967131614685
630,2964.0,1.0,-1.671648621559143,-0.2934305667877197
631,2970.0,1.0,-1.1495283842086792,-0.21503010392189026
632,2975.0,0.0,0.5661411881446838,-0.4334314465522766
633,2979.0,1.0,-1.8802392482757568,-0.3247520923614502
634,2985.0,1.0,-1.035510540008545,-0.197909414768219
635,2986.0,1.0,-0.6451744437217712,-0.13929735124111176
636,2992.0,1.0,-1.1346253156661987,-0.2127922773361206
637,2997.0,1.0,-0.10557769984006882,-0.05827263742685318
638,2998.0,0.0,-0.08636540919542313,-0.189606711268425
639,3001.0,1.0,-27.11443328857422,-4.113865852355957
640,3006.0,1.0,-0.901282012462616,-0.17775394022464752
641,3022.0,1.0,-2.3090298175811768,-0.38913843035697937
642,3024.0,1.0,-0.6175717711448669,-0.13515259325504303
643,3029.0,1.0,-1.3822473287582397,-0.24997468292713165
644,3033.0,0.0,0.054329536855220795,-0.034261297434568405
645,3040.0,0.0,0.054329536855220795,-0.034261297434568405
646,3049.0,1.0,-0.7454339265823364,-0.1543521136045456
647,3054.0,1.0,-23.962169647216797,-3.640528678894043
648,3055.0,1.0,-1.5213395357131958,-0.2708604633808136
649,3056.0,1.0,-1.2776288986206055,-0.23426540195941925
650,3063.0,1.0,-2.030634641647339,-0.34733515977859497
651,3067.0,1.0,-1.509438157081604,-0.26907339692115784
652,3080.0,1.0,-0.18883559107780457,-0.07077446579933167
653,3095.0,1.0,-1.1529946327209473,-0.21555058658123016
654,3100.0,1.0,-26.709510803222656,-4.053063869476318
655,3106.0,0.0,1.139164686203003,-0.8803417086601257
656,3118.0,0.0,0.30274489521980286,-0.22800442576408386
657,3127.0,1.0,-0.21389997005462646,-0.07453808188438416
658,3137.0,0.0,0.20012825727462769,-0.14797206223011017
659,3145.0,1.0,-1.5696011781692505,-0.27810734510421753
660,3146.0,1.0,-2.141547203063965,-0.36398959159851074
661,3149.0,1.0,-1.3935601711273193,-0.2516734004020691
662,3150.0,1.0,-1.4284175634384155,-0.25690752267837524
663,3152.0,0.0,0.5318018794059753,-0.406649649143219
664,3154.0,0.0,0.054329536855220795,-0.034261297434568405
665,3161.0,1.0,-1.1468110084533691,-0.21462206542491913
666,3164.0,1.0,-0.9724591970443726,-0.18844176828861237
667,3165.0,1.0,-1.3387141227722168,-0.24343784153461456
668,3168.0,1.0,-1.152626872062683,-0.21549536287784576
669,3172.0,1.0,-2.1203551292419434,-0.3608074188232422
670,3177.0,0.0,0.30831265449523926,-0.2323468178510666
671,3182.0,1.0,-1.0211269855499268,-0.19574959576129913
672,3185.0,1.0,-0.7322391271591187,-0.15237081050872803
673,3188.0,1.0,-1.1633321046829224,-0.21710282564163208
674,3191.0,1.0,-25.60370635986328,-3.8870184421539307
675,3194.0,0.0,0.6965988278388977,-0.53517746925354
676,3197.0,1.0,-1.3661245107650757,-0.2475537210702896
677,3203.0,1.0,-0.22174596786499023,-0.07571622729301453
678,3212.0,1.0,-2.1976771354675293,-0.37241795659065247
679,3216.0,0.0,0.054329536855220795,-0.034261297434568405
680,3224.0,0.0,0.054329536855220795,-0.034261297434568405
681,3225.0,1.0,-1.8428459167480469,-0.31913718581199646
682,3226.0,1.0,-1.237417221069336,-0.22822730243206024
683,3231.0,1.0,-3.280994176864624,-0.5350865721702576
684,3237.0,1.0,-1.4736034870147705,-0.2636925280094147
685,3245.0,1.0,-1.1484228372573853,-0.2148640900850296
686,3246.0,0.0,0.27973270416259766,-0.2100568562746048
687,3252.0,1.0,-0.3970414400100708,-0.10203821957111359
688,3256.0,0.0,0.1208236813545227,-0.08612114936113358
689,3259.0,1.0,-1.7944318056106567,-0.31186744570732117
690,3276.0,1.0,-0.44256654381752014,-0.10887417197227478
691,3277.0,1.0,-2.1257102489471436,-0.361611545085907
692,3280.0,1.0,-2.2423312664031982,-0.37912309169769287
693,3281.0,1.0,-0.7402908802032471,-0.15357984602451324
694,3286.0,1.0,-27.54416275024414,-4.178393363952637
695,3287.0,1.0,-1.7035630941390991,-0.29822278022766113
696,3290.0,1.0,-1.1151647567749023,-0.2098701298236847
697,3296.0,0.0,0.054329536855220795,-0.034261297434568405
698,3297.0,1.0,-0.49939975142478943,-0.1174081414937973
699,3298.0,1.0,-0.45979079604148865,-0.2922428846359253
700,3302.0,1.0,-1.9975312948226929,-0.34236443042755127
701,3307.0,0.0,0.7421984076499939,-0.5707412958145142
702,3308.0,1.0,-0.7710757255554199,-0.1582024246454239
703,3311.0,1.0,-2.0791573524475098,-0.3546212315559387
704,3322.0,1.0,-0.5115609765052795,-0.11923423409461975
705,3327.0,0.0,0.16876906156539917,-0.23949117958545685
706,3328.0,0.0,0.054329536855220795,-0.034261297434568405
707,3330.0,1.0,-3.1202995777130127,-0.5109570026397705
708,3333.0,0.0,0.054329536855220795,-0.034261297434568405
709,3334.0,1.0,-0.1347619593143463,-0.06265488266944885
710,3335.0,1.0,-0.13962596654891968,-0.0633852481842041
711,3337.0,1.0,-2.194568395614624,-0.371951162815094
712,3338.0,1.0,-3.004080295562744,-0.4935057461261749
713,3339.0,0.0,0.054329536855220795,-0.034261297434568405
714,3351.0,0.0,2.4349863529205322,-1.8909738063812256
715,3353.0,1.0,-1.93817138671875,-0.3334510624408722
716,3358.0,1.0,-2.320189952850342,-0.3908142149448395
717,3360.0,0.0,0.04928598552942276,-0.03501862660050392
718,3363.0,1.0,-1.7206047773361206,-0.3007817268371582
719,3364.0,1.0,-30.28476905822754,-4.589917182922363
720,3382.0,1.0,-0.6655524373054504,-0.1566450595855713
721,3383.0,0.0,0.38905632495880127,-0.2953200936317444
722,3396.0,0.0,0.17053121328353882,-0.12488885223865509
723,3401.0,1.0,-1.4968284368515015,-0.267179936170578
724,3405.0,1.0,-0.8050961494445801,-0.16331087052822113
725,3408.0,1.0,-1.0290522575378418,-0.1969396471977234
726,3412.0,1.0,-1.115228295326233,-0.20987966656684875
727,3414.0,1.0,-0.5737237334251404,-0.12856847047805786
728,3428.0,1.0,-0.8183608651161194,-0.16530267894268036
729,3436.0,0.0,0.19870218634605408,-0.14685983955860138
730,3443.0,1.0,-0.911392331123352,-0.17927208542823792
731,3455.0,1.0,-3.25793719291687,-0.5316243767738342
732,3461.0,0.0,0.054329536855220795,-0.034261297434568405
733,3471.0,1.0,-1.195857048034668,-0.22198671102523804
734,3474.0,0.0,0.06824684143066406,-0.045115623623132706
735,3477.0,1.0,-1.6142868995666504,-0.28481724858283997
736,3479.0,1.0,-0.7700657844543457,-0.1580507755279541
737,3484.0,1.0,-1.90790593624115,-0.32890647649765015
738,3489.0,1.0,-1.1542236804962158,-0.21573513746261597
739,3492.0,1.0,-3.491867780685425,-0.5667509436607361
740,3495.0,1.0,-0.6177199482917786,-0.13517485558986664
741,3502.0,1.0,-0.6131842136383057,-0.13449376821517944
742,3503.0,1.0,-1.250179409980774,-0.23014365136623383
743,3505.0,1.0,-23.86208724975586,-3.625500440597534
744,3528.0,1.0,-27.009967803955078,-4.098179817199707
745,3529.0,1.0,-1.8970967531204224,-0.3272833824157715
746,3541.0,1.0,-1.2764432430267334,-0.23408737778663635
747,3542.0,1.0,-0.9380025863647461,-0.18326781690120697
748,3544.0,1.0,-0.7866909503936768,-0.1605471819639206
749,3545.0,1.0,-2.3207919597625732,-0.39090460538864136
750,3563.0,1.0,-1.6593610048294067,-0.2915855050086975
751,3565.0,1.0,-0.41963526606559753,-0.10543087124824524
752,3566.0,0.0,0.3043608069419861,-0.22926469147205353
753,3574.0,1.0,-2.397149085998535,-0.4023702144622803
754,3576.0,1.0,-1.2819533348083496,-0.23491474986076355
755,3577.0,1.0,-1.8946478366851807,-0.3269156813621521
756,3592.0,1.0,-0.2643675208091736,-0.08211618661880493
757,3595.0,0.0,0.15064731240272522,-0.10938107967376709
758,3596.0,1.0,-2.1216678619384766,-0.3610045611858368
759,3611.0,1.0,-1.6460187435150146,-0.2895820438861847
760,3615.0,1.0,-0.5950131416320801,-0.1317652314901352
761,3617.0,1.0,-0.2829737961292267,-0.0849100649356842
762,3620.0,1.0,-0.8242204785346985,-0.16618254780769348
763,3623.0,1.0,-1.6196452379226685,-0.28562185168266296
764,3625.0,1.0,-1.270282506942749,-0.2331622838973999
765,3631.0,1.0,-1.3101807832717896,-0.39446091651916504
766,3646.0,1.0,-0.6695073246955872,-0.1429511308670044
767,3651.0,1.0,-2.712948799133301,-0.4497900605201721
768,3656.0,0.0,0.054329536855220795,-0.034261297434568405
769,3657.0,0.0,0.054329536855220795,-0.034261297434568405
770,3668.0,1.0,-1.8820637464523315,-0.3250260651111603
771,3671.0,1.0,-27.73604393005371,-4.207205772399902
772,3674.0,1.0,-2.493079900741577,-0.4167749881744385
773,3675.0,1.0,-1.432913899421692,-0.2575826644897461
774,3682.0,0.0,0.39889732003211975,-0.3029952347278595
775,3683.0,1.0,-0.49883976578712463,-0.11732405424118042
776,3689.0,0.0,-0.012734070420265198,-0.04433143138885498
777,3690.0,0.0,0.011020705103874207,-0.0407644622027874
778,3697.0,0.0,0.049954891204833984,-0.03491818532347679
779,3700.0,1.0,-2.5263683795928955,-0.4217735230922699
780,3702.0,0.0,0.19074022769927979,-0.1406501829624176
781,3703.0,1.0,-1.926569938659668,-0.33170902729034424
782,3706.0,1.0,-1.674597144126892,-0.29387331008911133
783,3707.0,1.0,-1.1919410228729248,-0.22139869630336761
784,3708.0,1.0,-1.8418606519699097,-0.31898924708366394
785,3713.0,0.0,-0.04491376131772995,-0.09689158201217651
786,3718.0,1.0,-1.1270517110824585,-0.21165505051612854
787,3724.0,1.0,-1.160595417022705,-0.21669191122055054
788,3739.0,1.0,-25.46756362915039,-3.8665754795074463
789,3741.0,1.0,-0.5847774744033813,-0.13022828102111816
790,3745.0,1.0,-2.1226258277893066,-0.3611483871936798
791,3746.0,1.0,-1.3419088125228882,-0.2439175397157669
792,3750.0,1.0,-1.1300609111785889,-0.21210689842700958
793,3762.0,1.0,-1.7402873039245605,-0.30373722314834595
794,3778.0,1.0,-23.18556022644043,-3.5239145755767822
795,3779.0,1.0,-1.419702172279358,-0.2555988132953644
796,3788.0,1.0,-21.618553161621094,-3.288616180419922
797,3791.0,1.0,-1.2853612899780273,-0.23542647063732147
798,3798.0,1.0,-29.086284637451172,-4.409955024719238
799,3799.0,1.0,-0.863149106502533,-0.17202797532081604
800,3802.0,1.0,-0.16667062044143677,-0.06744621694087982
801,3803.0,1.0,-1.228202223777771,-0.22684359550476074
802,3815.0,1.0,-0.7956668138504028,-0.1618949919939041
803,3816.0,0.0,0.054329536855220795,-0.034261297434568405
804,3844.0,1.0,-0.7918776869773865,-0.16132600605487823
805,3845.0,1.0,-2.9223990440368652,-0.4812406897544861
806,3847.0,1.0,-1.2177765369415283,-0.2252780944108963
807,3852.0,1.0,-1.60764479637146,-0.28381991386413574
808,3853.0,1.0,-1.7460534572601318,-0.30460304021835327
809,3855.0,1.0,-1.066746711730957,-0.20259976387023926
810,3856.0,1.0,-20.303050994873047,-3.09108304977417
811,3860.0,0.0,3.526599168777466,-2.383124828338623
812,3861.0,0.0,0.5781271457672119,-0.4427794814109802
813,3864.0,1.0,-0.18211233615875244,-0.06976491957902908
814,3865.0,0.0,0.054329536855220795,-0.034261297434568405
815,3887.0,1.0,-0.7158975005149841,-0.14991697669029236
816,3891.0,0.0,0.054329536855220795,-0.034261297434568405
817,3892.0,0.0,-0.04232436418533325,-0.04877464473247528
818,3897.0,1.0,-21.99186134338379,-3.3446712493896484
819,3910.0,1.0,-0.7559950947761536,-0.15593795478343964
820,3919.0,1.0,-2.5446836948394775,-0.4245237410068512
821,3922.0,0.0,0.054329536855220795,-0.034261297434568405
822,3924.0,1.0,-0.7728101015090942,-0.15846286714076996
823,3932.0,1.0,-2.2560412883758545,-0.3811817765235901
824,3942.0,0.0,0.054329536855220795,-0.034261297434568405
825,3950.0,1.0,-0.19341832399368286,-0.07146260142326355
826,3952.0,1.0,-0.5679964423179626,-0.12770846486091614
827,3978.0,1.0,-0.9927675724029541,-0.19149121642112732
828,3981.0,1.0,-1.8850797414779663,-0.3254789412021637
829,3984.0,1.0,-2.3747591972351074,-0.39900821447372437
830,3987.0,0.0,0.4268924295902252,-0.3248290717601776
831,3994.0,1.0,-0.8666068315505981,-0.17254719138145447
832,4000.0,0.0,0.3115159571170807,-0.2348451316356659
833,4017.0,1.0,-26.245176315307617,-3.98334002494812
834,4020.0,1.0,-0.9098128080368042,-0.17903490364551544
835,4021.0,1.0,-0.7289302945137024,-0.15187396109104156
836,4023.0,1.0,-1.124904751777649,-0.21133266389369965
837,4026.0,0.0,0.3460778594017029,-0.26180049777030945
838,4032.0,1.0,-0.1125945970416069,-0.05932627618312836
839,4043.0,1.0,-0.5032697916030884,-0.11798925697803497
840,4044.0,1.0,-29.636281967163086,-4.492541790008545
841,4049.0,1.0,-2.363771677017212,-0.39735832810401917
842,4050.0,1.0,-1.9035332202911377,-0.32824990153312683
843,4051.0,1.0,-1.0284276008605957,-0.1968458592891693
844,4055.0,0.0,0.054329536855220795,-0.034261297434568405
845,4056.0,1.0,-0.9292818307876587,-0.18195833265781403
846,4058.0,1.0,-0.8476346731185913,-0.16969835758209229
847,4061.0,1.0,-1.2743122577667236,-0.23376737534999847
848,4062.0,0.0,0.054329536855220795,-0.034261297434568405
849,4063.0,1.0,-0.27126142382621765,-0.08315135538578033
850,4068.0,1.0,-0.29547351598739624,-0.12536226212978363
851,4069.0,1.0,-1.789231777191162,-0.31108662486076355
852,4082.0,1.0,-2.378309726715088,-0.39954134821891785
853,4095.0,1.0,-3.5292611122131348,-0.5723658204078674
854,4105.0,1.0,-1.9422783851623535,-0.33406776189804077
855,4110.0,1.0,-2.7056074142456055,-0.44868767261505127
856,4114.0,1.0,-2.1493587493896484,-0.36516255140304565
857,4115.0,0.0,0.7820854783058167,-0.6018498539924622
858,4116.0,1.0,-0.0733337476849556,-0.0534309521317482
859,4117.0,1.0,-1.9753738641738892,-0.33903729915618896
860,4118.0,1.0,-3.4425032138824463,-0.5593384504318237
861,4128.0,1.0,-1.8340492248535156,-0.3178163170814514
862,4129.0,1.0,-1.1400271654129028,-0.2136034071445465
863,4133.0,1.0,-1.918273687362671,-0.3304632604122162
864,4136.0,1.0,-3.080106019973755,-0.5049216151237488
865,4137.0,1.0,-2.487118721008301,-0.41587987542152405
866,4138.0,0.0,0.37774166464805603,-0.2864955961704254
867,4144.0,1.0,-0.844243049621582,-0.16918908059597015
868,4148.0,0.0,5.046560764312744,-3.9277827739715576
869,4160.0,1.0,-3.368586301803589,-0.5482392311096191
870,4162.0,1.0,-0.8691584467887878,-0.17293033003807068
871,4170.0,0.0,0.012066151946783066,-0.059508249163627625
872,4173.0,1.0,-2.4698915481567383,-0.41329309344291687
873,4178.0,0.0,0.3126072585582733,-0.29107028245925903
874,4182.0,1.0,-2.3067126274108887,-0.388790488243103
875,4186.0,1.0,-0.8737636804580688,-0.17362184822559357
876,4189.0,1.0,-26.03937339782715,-3.952437162399292
877,4194.0,1.0,-0.35942867398262024,-0.09639036655426025
878,4203.0,1.0,-0.22187134623527527,-0.09229076653718948
879,4206.0,0.0,0.5670108199119568,-0.4341096878051758
880,4216.0,0.0,0.054329536855220795,-0.034261297434568405
881,4222.0,1.0,-2.8924129009246826,-0.47673800587654114
882,4223.0,1.0,-2.290479898452759,-0.3863530158996582
883,4225.0,1.0,-0.15364715456962585,-0.06549064815044403
884,4229.0,1.0,-27.234243392944336,-4.131856441497803
885,4233.0,1.0,-0.5561555027961731,-0.12593045830726624
886,4234.0,0.0,0.43827199935913086,-0.3337041735649109
887,4237.0,0.0,0.4547174572944641,-0.3465302586555481
888,4241.0,0.0,0.054329536855220795,-0.034261297434568405
889,4247.0,1.0,-1.2278738021850586,-0.2267942875623703
890,4249.0,1.0,-0.6844239234924316,-0.14519096910953522
891,4256.0,1.0,-3.97186541557312,-0.638826310634613
892,4257.0,1.0,-3.0699429512023926,-0.5033955574035645
893,4258.0,0.0,1.61055326461792,-1.2479852437973022
894,4259.0,1.0,-0.3832213878631592,-0.09996303915977478
895,4265.0,1.0,-1.224794626235962,-0.2263319194316864
896,4266.0,1.0,-1.1696484088897705,-0.2180512696504593
897,4268.0,1.0,-0.4178211987018585,-0.10515846312046051
898,4269.0,1.0,-1.934771180152893,-0.3329405188560486
899,4274.0,1.0,-0.4663185179233551,-0.11244072020053864
900,4275.0,1.0,-0.6531796455383301,-0.14049939811229706
901,4276.0,1.0,-0.10956545919179916,-0.05887142941355705
902,4284.0,1.0,-1.7966327667236328,-0.3121979236602783
903,4290.0,1.0,-2.639183759689331,-0.4387136697769165
904,4291.0,1.0,-0.48268893361091614,-0.11489887535572052
905,4292.0,1.0,-0.8214755058288574,-0.16577036678791046
906,4297.0,1.0,-1.001612663269043,-0.19281938672065735
907,4301.0,1.0,-2.0377912521362305,-0.3484098017215729
908,4320.0,1.0,-0.893478512763977,-0.17658217251300812
909,4322.0,1.0,-1.5640370845794678,-0.2772718667984009
910,4329.0,0.0,0.054329536855220795,-0.034261297434568405
911,4330.0,1.0,-4.167844772338867,-0.6682541966438293
912,4341.0,1.0,-1.3413866758346558,-0.24383914470672607
913,4356.0,0.0,0.054329536855220795,-0.034261297434568405
914,4359.0,1.0,-26.562402725219727,-4.030974388122559
915,4360.0,0.0,0.054329536855220795,-0.034261297434568405
916,4377.0,1.0,-1.0325323343276978,-0.19746221601963043
917,4435.0,1.0,-2.2806382179260254,-0.38487520813941956
918,4436.0,1.0,-0.7861267328262329,-0.16046246886253357
919,4437.0,1.0,-0.7942731380462646,-0.16168570518493652
920,4442.0,1.0,-24.366918563842773,-3.7013051509857178
921,4443.0,1.0,-1.0259884595870972,-0.19647960364818573
922,4447.0,1.0,-2.395017385482788,-0.4020501375198364
923,4459.0,1.0,-0.48263075947761536,-0.11489014327526093
924,4462.0,1.0,-0.6767305135726929,-0.14403575658798218
925,4463.0,1.0,-0.9548478126525879,-0.18579727411270142
926,4464.0,1.0,-3.1937479972839355,-0.5219858884811401
927,4474.0,1.0,-1.3773928880691528,-0.2492457628250122
928,4476.0,1.0,-2.339665174484253,-0.3937385678291321
929,4478.0,1.0,-2.085639476776123,-0.35559457540512085
930,4484.0,1.0,-1.2804569005966187,-0.23469004034996033
931,4486.0,1.0,-0.7036231160163879,-0.14807388186454773
932,4494.0,1.0,-24.312593460083008,-3.693147659301758
933,4505.0,1.0,-1.4857271909713745,-0.26551300287246704
934,4512.0,1.0,-1.5635478496551514,-0.2771983742713928
935,4513.0,1.0,-0.941795825958252,-0.1838374137878418
936,4517.0,1.0,-0.6570325493812561,-0.2374250292778015
937,4525.0,1.0,-1.7383757829666138,-0.30345016717910767
938,4541.0,1.0,-0.9867568016052246,-0.19058865308761597
939,4557.0,1.0,-2.5825576782226562,-0.43021079897880554
940,4560.0,0.0,0.18209433555603027,-0.13390712440013885
941,4561.0,1.0,-3.1174497604370117,-0.510529100894928
942,4562.0,1.0,-1.5605268478393555,-0.2767447531223297
943,4571.0,0.0,0.054329536855220795,-0.034261297434568405
944,4582.0,1.0,-2.3517005443573,-0.39554575085639954
945,4587.0,0.0,1.8167304992675781,-1.4087861776351929
946,4591.0,1.0,-1.3528929948806763,-0.24556690454483032
947,4595.0,1.0,-1.0853880643844604,-0.20539891719818115
948,4600.0,0.0,0.054329536855220795,-0.034261297434568405
949,4606.0,1.0,-2.255589723587036,-0.3811139762401581
950,4611.0,1.0,-0.7339577674865723,-0.22456221282482147
951,4612.0,1.0,-1.6628825664520264,-0.2921142876148224
952,4615.0,1.0,-1.4247788190841675,-0.25636112689971924
953,4616.0,1.0,-1.5482289791107178,-0.27489814162254333
954,4620.0,1.0,-1.256594181060791,-0.23110687732696533
955,4623.0,1.0,-0.7717726230621338,-0.15830707550048828
956,4625.0,1.0,-1.977028250694275,-0.3392857313156128
957,4627.0,1.0,-1.1024119853973389,-0.20795519649982452
958,4633.0,0.0,0.7038704752922058,-0.5408487319946289
959,4634.0,1.0,-21.822975158691406,-3.3193116188049316
960,4636.0,0.0,0.054329536855220795,-0.034261297434568405
961,4639.0,1.0,-2.110558032989502,-0.35933631658554077
962,4642.0,1.0,-1.264543890953064,-0.23230057954788208
963,4643.0,1.0,-1.8707331418991089,-0.32332468032836914
964,4645.0,1.0,-2.5094008445739746,-0.41922569274902344
965,4648.0,1.0,-1.737284541130066,-0.3032863140106201
966,4649.0,1.0,-1.4964869022369385,-0.2671286463737488
967,4655.0,1.0,-1.703088641166687,-0.29815152287483215
968,4659.0,1.0,-2.129394054412842,-0.362164705991745
969,4671.0,1.0,-0.40956661105155945,-0.10391898453235626
970,4672.0,1.0,-1.2307406663894653,-0.22722476720809937
971,4680.0,0.0,0.9867062568664551,-0.761436939239502
972,4681.0,1.0,-1.2144495248794556,-0.22477851808071136
973,4683.0,1.0,-2.4872262477874756,-0.4158959984779358
974,4686.0,1.0,-27.741077423095703,-4.207961559295654
975,4687.0,1.0,-1.7485268115997314,-0.30497443675994873
976,4692.0,1.0,-0.09166518598794937,-0.05618356168270111
977,4694.0,1.0,-2.0935142040252686,-0.35677704215049744
978,4699.0,1.0,-1.2746464014053345,-0.23381756246089935
979,4721.0,1.0,-0.2560480833053589,-0.08086695522069931
980,4722.0,0.0,0.07357560843229294,-0.04927161708474159
981,4724.0,0.0,0.01665547490119934,-0.03991835564374924
982,4728.0,1.0,-0.4474184811115265,-0.10960273444652557
983,4732.0,1.0,-25.05071449279785,-3.8039822578430176
984,4733.0,1.0,-1.3707329034805298,-0.2482457160949707
985,4734.0,1.0,-23.42725944519043,-3.5602076053619385
986,4740.0,1.0,-0.9337865710258484,-0.18263475596904755
987,4745.0,1.0,-0.06729529798030853,-0.05252423137426376
988,4758.0,1.0,-2.3216657638549805,-0.391035795211792
989,4760.0,0.0,0.6309480667114258,-0.4839753806591034
990,4774.0,1.0,-1.6830393075942993,-0.29514098167419434
991,4784.0,1.0,-1.0486890077590942,-0.19988825917243958
992,4786.0,1.0,-0.6201201677322388,-0.13553525507450104
993,4790.0,1.0,-0.6790887117385864,-0.14438985288143158
994,4798.0,1.0,-0.7113417983055115,-0.1492329090833664
995,4803.0,1.0,-1.2768365144729614,-0.23414641618728638
996,4848.0,1.0,-1.0145715475082397,-0.19476525485515594
997,4849.0,1.0,-0.2843378782272339,-0.08511489629745483
998,4852.0,0.0,0.5457822680473328,-0.417553186416626
999,4855.0,1.0,-2.631113052368164,-0.43750178813934326
1000,4862.0,1.0,-0.9635269641876221,-0.18710051476955414
1001,4870.0,1.0,-1.1859289407730103,-0.22049592435359955
1002,4878.0,1.0,-0.6330136656761169,-0.13747131824493408
1003,4886.0,1.0,-0.705207347869873,-0.1483117640018463
1004,4891.0,1.0,-1.7418938875198364,-0.30397844314575195
1005,4906.0,1.0,-1.7470651865005493,-0.30475497245788574
1006,4911.0,0.0,2.485167980194092,-1.930111289024353
1007,4913.0,1.0,-1.304818868637085,-0.23834818601608276
1008,4915.0,1.0,-1.108415126800537,-0.20885662734508514
1009,4921.0,1.0,-21.96678924560547,-3.3409066200256348
1010,4922.0,1.0,-2.2488842010498047,-0.3801070749759674
1011,4927.0,0.0,0.35659539699554443,-0.2700033187866211
1012,4934.0,0.0,0.054329536855220795,-0.034261297434568405
1013,4942.0,1.0,-2.4233860969543457,-0.40630993247032166
1014,4948.0,1.0,-0.39994800090789795,-0.10247465968132019
1015,4950.0,1.0,-0.3115059733390808,-0.0891944020986557
1016,4959.0,1.0,-0.2654809355735779,-0.0822833701968193
1017,4961.0,0.0,0.48797720670700073,-0.37247008085250854
1018,4964.0,1.0,-0.10428924113512039,-0.05807916074991226
1019,4975.0,1.0,-1.6229513883590698,-0.2861182987689972
1020,4976.0,1.0,-1.9309276342391968,-0.3323633670806885
1021,4994.0,1.0,-0.24151396751403809,-0.07868453860282898
1022,4995.0,1.0,-1.4152294397354126,-0.25492721796035767
1023,5007.0,0.0,0.6204778552055359,-0.4758094549179077
1024,5012.0,1.0,-0.09749890118837357,-0.05705954134464264
1025,5018.0,1.0,-2.160597801208496,-0.36685019731521606
1026,5024.0,1.0,-0.8403396606445312,-0.16860295832157135
1027,5028.0,1.0,-0.7138838171958923,-0.149614617228508
1028,5038.0,0.0,0.543731689453125,-0.4761675298213959
1029,5046.0,1.0,-0.9593328237533569,-0.18647073209285736
1030,5047.0,1.0,-1.470808506011963,-0.26327285170555115
1031,5050.0,1.0,-0.463361531496048,-0.11199671030044556
1032,5053.0,1.0,-1.8780953884124756,-0.3244301676750183
1033,5054.0,1.0,-2.0512328147888184,-0.35042816400527954
1034,5055.0,1.0,-1.4944216012954712,-0.2668185234069824
1035,5059.0,0.0,0.054329536855220795,-0.034261297434568405
1036,5061.0,1.0,-1.3795750141143799,-0.24957342445850372
1037,5068.0,1.0,-2.4702742099761963,-0.41335055232048035
1038,5075.0,0.0,0.19652912020683289,-0.14516504108905792
1039,5076.0,1.0,-1.9516288042068481,-0.33547183871269226
1040,5080.0,1.0,-1.8071080446243286,-0.3137708604335785
1041,5089.0,1.0,-0.4010597765445709,-0.14647838473320007
1042,5098.0,1.0,-0.6358189582824707,-0.13789255917072296
1043,5099.0,1.0,-1.8804579973220825,-0.3247849643230438
1044,5107.0,0.0,1.1686723232269287,-0.9033551812171936
1045,5119.0,1.0,-1.5872259140014648,-0.28075385093688965
1046,5137.0,1.0,-1.3988879919052124,-0.2524734139442444
1047,5141.0,1.0,-2.1921164989471436,-0.371582955121994
1048,5143.0,1.0,-1.9465223550796509,-0.33470502495765686
1049,5146.0,1.0,-3.020825147628784,-0.4960201382637024
1050,5151.0,1.0,-1.8457146883010864,-0.3195679783821106
1051,5156.0,1.0,-1.1889299154281616,-0.2209465503692627
1052,5159.0,1.0,-0.8893395066261292,-0.17596067488193512
1053,5160.0,1.0,-1.4409408569335938,-0.25878798961639404
1054,5166.0,1.0,-0.15156328678131104,-0.06517773121595383
1055,5171.0,1.0,-1.2526180744171143,-0.23050983250141144
1056,5177.0,1.0,-1.0197328329086304,-0.19554026424884796
1057,5179.0,1.0,-2.9249186515808105,-0.4816190004348755
1058,5183.0,1.0,-2.179212808609009,-0.369645357131958
1059,5186.0,0.0,0.054329536855220795,-0.034261297434568405
1060,5205.0,1.0,-3.0672452449798584,-0.5029904842376709
1061,5208.0,0.0,0.5796896815299988,-0.4439981281757355
1062,5209.0,1.0,-0.49238714575767517,-0.11635513603687286
1063,5218.0,1.0,-1.0541642904281616,-0.20071041584014893
1064,5219.0,0.0,0.054329536855220795,-0.034261297434568405
1065,5220.0,1.0,-2.3886044025421143,-0.4010871648788452
1066,5221.0,0.0,0.39524412155151367,-0.30014604330062866
1067,5225.0,1.0,-0.8777206540107727,-0.17421601712703705
1068,5226.0,1.0,-1.4043500423431396,-0.25329357385635376
1069,5231.0,1.0,-23.4124755859375,-3.557987689971924
1070,5237.0,1.0,-2.798433780670166,-0.46262630820274353
1071,5244.0,0.0,0.4653165638446808,-0.3547966778278351
1072,5247.0,1.0,-2.2010257244110107,-0.3729207217693329
1073,5259.0,1.0,-0.6848236322402954,-0.14525099098682404
1074,5270.0,1.0,-0.19512087106704712,-0.0717182531952858
1075,5272.0,1.0,-0.05056934058666229,-0.05001269280910492
1076,5274.0,1.0,-1.0804696083068848,-0.20466037094593048
1077,5275.0,1.0,-0.15981963276863098,-0.06641749292612076
1078,5278.0,0.0,0.054329536855220795,-0.034261297434568405
1079,5279.0,0.0,0.054329536855220795,-0.034261297434568405
1080,5281.0,1.0,-0.8493309617042542,-0.16995307803153992
1081,5284.0,1.0,-1.3662664890289307,-0.247575044631958
1082,5293.0,1.0,-1.0111747980117798,-0.19425520300865173
1083,5296.0,1.0,-2.740403890609741,-0.4539126455783844
1084,5309.0,1.0,-0.10423815995454788,-0.05807149410247803
1085,5332.0,1.0,-0.28006404638290405,-0.0844731479883194
1086,5333.0,0.0,0.5732164978981018,-0.4389496147632599
1087,5335.0,1.0,-2.0378923416137695,-0.3484250009059906
1088,5339.0,1.0,-0.595192015171051,-0.1317920982837677
1089,5342.0,0.0,0.11507385969161987,-0.08163677155971527
1090,5343.0,0.0,0.054329536855220795,-0.034261297434568405
1091,5345.0,0.0,0.2662373185157776,-0.20073358714580536
1092,5357.0,1.0,-1.163477897644043,-0.21712473034858704
1093,5358.0,1.0,-2.5040783882141113,-0.418426513671875
1094,5377.0,0.0,0.054329536855220795,-0.034261297434568405
1095,5378.0,1.0,-1.3766775131225586,-0.24913832545280457
1096,5379.0,1.0,-1.6019970178604126,-0.2829718291759491
1097,5382.0,1.0,-2.0081403255462646,-0.3439575135707855
1098,5389.0,1.0,-0.3806079030036926,-0.09957060217857361
1099,5390.0,1.0,-0.9642739295959473,-0.18721267580986023
1100,5393.0,0.0,0.03587397187948227,-0.1494111865758896
1101,5397.0,1.0,-0.553931474685669,-0.12559650838375092
1102,5407.0,1.0,-1.062531590461731,-0.20196685194969177
1103,5410.0,1.0,-0.5186026692390442,-0.12029160559177399
1104,5412.0,1.0,-26.589210510253906,-4.034999370574951
1105,5417.0,1.0,-1.217751383781433,-0.22527432441711426
1106,5418.0,0.0,0.028080608695745468,-0.03820278123021126
1107,5421.0,1.0,-1.3990957736968994,-0.2525046169757843
1108,5424.0,1.0,-0.7130476832389832,-0.14948906004428864
1109,5426.0,0.0,0.054329536855220795,-0.034261297434568405
1110,5429.0,1.0,-2.038158416748047,-0.3484649360179901
1111,5431.0,1.0,-1.7066097259521484,-0.29868024587631226
1112,5432.0,0.0,-0.008409842848777771,-0.1958991289138794
1113,5439.0,1.0,-1.2126291990280151,-0.22450518608093262
1114,5448.0,1.0,-1.4398382902145386,-0.258622407913208
1115,5455.0,0.0,0.6686994433403015,-0.5134183168411255
1116,5458.0,1.0,-0.30109432339668274,-0.08763100206851959
1117,5462.0,1.0,-1.8628355264663696,-0.32213878631591797
1118,5464.0,1.0,-27.903959274291992,-4.232419490814209
1119,5467.0,1.0,-1.9319517612457275,-0.332517147064209
1120,5472.0,1.0,-1.4366848468780518,-0.2581489086151123
1121,5474.0,0.0,0.054329536855220795,-0.034261297434568405
1122,5480.0,0.0,0.054329536855220795,-0.034261297434568405
1123,5484.0,1.0,-1.3766520023345947,-0.24913451075553894
1124,5485.0,1.0,-1.607689619064331,-0.283826619386673
1125,5495.0,1.0,-1.358760118484497,-0.24644789099693298
1126,5496.0,1.0,-2.7754108905792236,-0.4591692388057709
1127,5499.0,0.0,-0.16684448719024658,-0.4270392954349518
1128,5509.0,1.0,-1.3592132329940796,-0.24651594460010529
1129,5510.0,1.0,-1.1164828538894653,-0.21006804704666138
1130,5518.0,0.0,-0.012455180287361145,-0.25057387351989746
1131,5526.0,0.0,0.054329536855220795,-0.034261297434568405
1132,5530.0,0.0,0.0015360675752162933,-0.04218865558505058
1133,5533.0,1.0,-0.9285004734992981,-0.18184100091457367
1134,5537.0,1.0,-0.9373651146888733,-0.1831721067428589
1135,5544.0,1.0,-2.228806734085083,-0.37709230184555054
1136,5546.0,1.0,-1.6259030103683472,-0.2865614891052246
1137,5559.0,1.0,-1.283667802810669,-0.23517219722270966
1138,5561.0,0.0,0.09928637742996216,-0.06932386755943298
1139,5566.0,0.0,0.054329536855220795,-0.034261297434568405
1140,5570.0,1.0,-0.9227595329284668,-0.1809789538383484
1141,5572.0,1.0,-0.8102098703384399,-0.1640787422657013
1142,5576.0,1.0,-0.6833944320678711,-0.14503638446331024
1143,5582.0,1.0,-2.264845609664917,-0.38250380754470825
1144,5590.0,1.0,-1.0737130641937256,-0.20364582538604736
1145,5594.0,1.0,-1.3070026636123657,-0.23867610096931458
1146,5595.0,1.0,-1.6839966773986816,-0.2952847182750702
1147,5597.0,1.0,-0.5809895992279053,-0.1296594887971878
1148,5598.0,1.0,-3.570683240890503,-0.578585684299469
1149,5602.0,1.0,-0.2795795202255249,-0.08440038561820984
1150,5603.0,0.0,0.054329536855220795,-0.034261297434568405
1151,5620.0,1.0,-0.860403299331665,-0.17161567509174347
1152,5626.0,0.0,0.4840766489505768,-0.36942797899246216
1153,5633.0,0.0,0.0617300420999527,-0.040033068507909775
1154,5634.0,1.0,-0.6431158185005188,-0.13898824155330658
1155,5635.0,1.0,-1.9295953512191772,-0.3321633040904999
1156,5636.0,1.0,-1.0910179615020752,-0.20624428987503052
1157,5637.0,1.0,-2.2939112186431885,-0.38686826825141907
1158,5641.0,1.0,-0.6336926221847534,-0.1375732719898224
1159,5648.0,0.0,0.054329536855220795,-0.034261297434568405
1160,5649.0,1.0,-1.3371797800064087,-0.24320745468139648
1161,5650.0,1.0,-0.18175211548805237,-0.06971082836389542
1162,5652.0,0.0,0.27509263157844543,-0.20643797516822815
1163,5657.0,1.0,-1.2670124769210815,-0.23267126083374023
1164,5668.0,1.0,-1.2659657001495361,-0.23251406848430634
1165,5674.0,0.0,1.0169134140014648,-0.7849959135055542
1166,5677.0,1.0,-1.4522391557693481,-0.260484516620636
1167,5690.0,0.0,0.7122637033462524,-0.5473947525024414
1168,5691.0,1.0,-1.5405828952789307,-0.27375003695487976
1169,5697.0,1.0,-1.8182203769683838,-0.31543949246406555
1170,5703.0,1.0,-0.3363898992538452,-0.09293091297149658
1171,5716.0,1.0,-0.5024512410163879,-0.11786633729934692
1172,5717.0,1.0,-2.2148196697235107,-0.3749920427799225
1173,5725.0,1.0,-0.0681801587343216,-0.052657097578048706
1174,5728.0,0.0,-0.32327792048454285,-0.3475213944911957
1175,5750.0,1.0,-0.3071746826171875,-0.12996706366539001
1176,5755.0,1.0,-0.7372594475746155,-0.1531246453523636
1177,5762.0,1.0,-24.964231491088867,-3.7909960746765137
1178,5767.0,1.0,-0.6327592134475708,-0.13743311166763306
1179,5775.0,1.0,-1.6339205503463745,-0.28776541352272034
1180,5778.0,1.0,-1.067476511001587,-0.20270936191082
1181,5788.0,0.0,0.14529111981391907,-0.10520370304584503
1182,5795.0,1.0,-1.7628087997436523,-0.3071190118789673
1183,5800.0,1.0,-0.9371768832206726,-0.18314383924007416
1184,5803.0,1.0,-1.9015852212905884,-0.3279573619365692
1185,5825.0,1.0,-1.7749019861221313,-0.30893486738204956
1186,5837.0,1.0,-2.192793846130371,-0.3716846704483032
1187,5840.0,1.0,-0.28717103600502014,-0.08554030954837799
1188,5848.0,1.0,-0.3996034860610962,-0.10242293775081635
1189,5849.0,1.0,-0.7825444936752319,-0.15992456674575806
1190,5851.0,1.0,-1.9929536581039429,-0.34167706966400146
1191,5854.0,1.0,-0.7396904826164246,-0.15348967909812927
1192,5856.0,1.0,-1.3908847570419312,-0.25127166509628296
1193,5861.0,1.0,-1.6626355648040771,-0.2920771837234497
1194,5862.0,1.0,-1.7392969131469727,-0.30358850955963135
1195,5863.0,1.0,-0.8294028043746948,-0.1669607013463974
1196,5864.0,1.0,-2.0867371559143066,-0.3557594418525696
1197,5866.0,1.0,-1.747842788696289,-0.30487173795700073
1198,5872.0,1.0,-0.5830059051513672,-0.1299622505903244
1199,5873.0,1.0,-1.6096571683883667,-0.2841220796108246
1200,5874.0,1.0,-0.5217405557632446,-0.14976808428764343
1201,5876.0,1.0,-2.1011226177215576,-0.35791951417922974
1202,5877.0,1.0,-0.844860315322876,-0.1692817658185959
1203,5879.0,1.0,-28.366945266723633,-4.301940441131592
1204,5881.0,1.0,-1.0276916027069092,-0.19673533737659454
1205,5883.0,1.0,-1.6691536903381348,-0.293055921792984
1206,5886.0,1.0,-28.059814453125,-4.255822658538818
1207,5897.0,1.0,-2.279142141342163,-0.3846505582332611
1208,5899.0,0.0,0.07349344342947006,-0.04920753464102745
1209,5907.0,1.0,-1.6621146202087402,-0.2919989824295044
1210,5910.0,1.0,-27.676067352294922,-4.19819974899292
1211,5915.0,1.0,-26.118297576904297,-3.9642882347106934
1212,5917.0,1.0,-0.405531644821167,-0.10331308841705322
1213,5918.0,1.0,-2.2115790843963623,-0.3745054304599762
1214,5919.0,1.0,-1.936298131942749,-0.3331697881221771
1215,5927.0,1.0,-1.9260623455047607,-0.3316327929496765
1216,5933.0,1.0,-1.5269826650619507,-0.27170783281326294
1217,5959.0,1.0,-1.8484108448028564,-0.31997281312942505
1218,5960.0,1.0,-1.5736254453659058,-0.27871161699295044
1219,5963.0,1.0,-1.466046690940857,-0.26255783438682556
1220,5965.0,1.0,-0.7360389232635498,-0.15294137597084045
1221,5973.0,1.0,-1.3351517915725708,-0.24290291965007782
1222,5981.0,1.0,-0.8666066527366638,-0.17254716157913208
1223,5987.0,1.0,-2.5043647289276123,-0.41846948862075806
1224,5994.0,1.0,-1.7094175815582275,-0.29910188913345337
1225,5995.0,1.0,-1.4113980531692505,-0.2543518841266632
1226,6001.0,0.0,0.5771073698997498,-0.4419841766357422
1227,6004.0,0.0,0.16683530807495117,-0.17077752947807312
1228,6013.0,0.0,1.065748691558838,-0.8230833411216736
1229,6018.0,1.0,-0.42474788427352905,-0.10619856417179108
1230,6019.0,0.0,0.34420204162597656,-0.2603375017642975
1231,6021.0,0.0,0.054329536855220795,-0.034261297434568405
1232,6028.0,1.0,-0.11105618625879288,-0.059095270931720734
1233,6029.0,0.0,0.3234327733516693,-0.24413925409317017
1234,6032.0,1.0,-2.7055656909942627,-0.44868141412734985
1235,6035.0,1.0,-1.053556203842163,-0.20061911642551422
1236,6038.0,1.0,-24.39178466796875,-3.7050387859344482
1237,6044.0,1.0,-1.2310267686843872,-0.22726772725582123
1238,6058.0,0.0,0.5442708134651184,-0.4163743555545807
1239,6059.0,1.0,-1.8397361040115356,-0.31867024302482605
1240,6060.0,1.0,-1.6437749862670898,-0.2892451286315918
1241,6070.0,0.0,0.40425533056259155,-0.30717402696609497
1242,6075.0,1.0,-1.0301204919815063,-0.19710005819797516
1243,6077.0,0.0,1.0329935550689697,-0.797537088394165
1244,6078.0,1.0,-2.3177175521850586,-0.39044296741485596
1245,6086.0,0.0,5.667051792144775,-6.140030384063721
1246,6091.0,1.0,-1.7452101707458496,-0.30447641015052795
1247,6097.0,1.0,-1.0020039081573486,-0.1928781270980835
1248,6102.0,1.0,-1.1966495513916016,-0.2221057265996933
1249,6103.0,1.0,-1.50752854347229,-0.2687866687774658
1250,6104.0,1.0,-2.0912718772888184,-0.35644036531448364
1251,6107.0,0.0,0.07948963344097137,-0.05388405919075012
1252,6114.0,0.0,0.35566234588623047,-0.26927557587623596
1253,6120.0,1.0,-24.71196174621582,-3.7531158924102783
1254,6122.0,0.0,0.054329536855220795,-0.034261297434568405
1255,6124.0,1.0,-0.3096563518047333,-0.08891665935516357
1256,6125.0,1.0,-1.7600822448730469,-0.30670955777168274
1257,6140.0,0.0,0.06750021874904633,-0.25105708837509155
1258,6143.0,1.0,-1.3512530326843262,-0.2453206479549408
1259,6145.0,1.0,-0.992835283279419,-0.19150137901306152
1260,6147.0,1.0,-1.2023297548294067,-0.22295863926410675
1261,6163.0,1.0,-1.1254469156265259,-0.21141406893730164
1262,6189.0,1.0,-2.246472120285034,-0.37974488735198975
1263,6195.0,0.0,-0.0037930533289909363,-0.056479088962078094
1264,6202.0,1.0,-0.5722228288650513,-0.12834309041500092
1265,6204.0,0.0,0.3192368745803833,-0.2408667951822281
1266,6207.0,1.0,-0.7658180594444275,-0.15741294622421265
1267,6213.0,1.0,-1.6587109565734863,-0.2914878726005554
1268,6221.0,0.0,0.22420263290405273,-0.2223207801580429
1269,6224.0,0.0,0.054329536855220795,-0.034261297434568405
1270,6233.0,0.0,0.054329536855220795,-0.034261297434568405
1271,6240.0,1.0,-3.8400652408599854,-0.6190354824066162
1272,6241.0,1.0,-24.222257614135742,-3.6795830726623535
1273,6243.0,1.0,-0.5428727269172668,-0.12393593788146973
1274,6244.0,1.0,-1.8480546474456787,-0.31991931796073914
1275,6247.0,0.0,0.44061779975891113,-0.3355337083339691
1276,6257.0,1.0,-1.13436758518219,-0.21275357902050018
1277,6260.0,1.0,-1.1210298538208008,-0.21075081825256348
1278,6264.0,1.0,-0.18212494254112244,-0.0697668120265007
1279,6266.0,1.0,-0.38496503233909607,-0.10022485256195068
1280,6269.0,1.0,-0.2154150903224945,-0.07476559281349182
1281,6277.0,1.0,-29.851028442382812,-4.524787425994873
1282,6290.0,0.0,0.13445374369621277,-0.0974920392036438
1283,6296.0,0.0,0.4962533712387085,-0.37892478704452515
1284,6306.0,1.0,-1.936152696609497,-0.33314794301986694
1285,6329.0,1.0,-25.0865421295166,-3.8093621730804443
1286,6330.0,1.0,-1.415080189704895,-0.25490477681159973
1287,6336.0,1.0,-29.031930923461914,-4.401793479919434
1288,6344.0,0.0,0.054329536855220795,-0.034261297434568405
1289,6348.0,0.0,1.0541167259216309,-0.8140113353729248
1290,6351.0,1.0,-2.411874771118164,-0.4045813977718353
1291,6358.0,1.0,-1.03029203414917,-0.19712582230567932
1292,6360.0,0.0,0.3050735592842102,-0.2298205941915512
1293,6361.0,0.0,-0.03403724730014801,-0.08141979575157166
1294,6371.0,1.0,-0.16868439316749573,-0.07059162855148315
1295,6375.0,1.0,-0.25276029109954834,-0.08037326484918594
1296,6381.0,0.0,0.18290311098098755,-0.17971719801425934
1297,6382.0,1.0,-1.7342238426208496,-0.30282673239707947
1298,6385.0,1.0,-25.166738510131836,-3.821404218673706
1299,6386.0,1.0,-0.5000112056732178,-0.23057137429714203
1300,6400.0,1.0,-1.1726880073547363,-0.21850769221782684
1301,6401.0,1.0,-22.471826553344727,-3.4167420864105225
1302,6413.0,1.0,-3.0561466217041016,-0.501323938369751
1303,6419.0,0.0,0.08870977908372879,-0.06107500195503235
1304,6430.0,0.0,0.43603745102882385,-0.33196142315864563
1305,6434.0,1.0,-2.154336929321289,-0.3659100830554962
1306,6437.0,1.0,-1.226317286491394,-0.2265605479478836
1307,6445.0,1.0,-0.4033524692058563,-0.10298587381839752
1308,6447.0,0.0,-0.1430683434009552,-0.20552992820739746
1309,6450.0,1.0,-1.648889183998108,-0.29001304507255554
1310,6451.0,1.0,-0.9004303216934204,-0.17762605845928192
1311,6459.0,1.0,-1.9344286918640137,-0.3328890800476074
1312,6468.0,0.0,0.054329536855220795,-0.034261297434568405
1313,6469.0,1.0,-1.9940539598464966,-0.34184229373931885
1314,6485.0,1.0,-0.750908374786377,-0.1551741361618042
1315,6496.0,1.0,-0.7338588237762451,-0.152614027261734
1316,6501.0,0.0,0.18301993608474731,-0.25724470615386963
1317,6503.0,1.0,-2.2139906883239746,-0.3748675584793091
1318,6504.0,1.0,-1.0206730365753174,-0.19568145275115967
1319,6505.0,0.0,0.04266313835978508,-0.036013100296258926
1320,6507.0,1.0,-27.639379501342773,-4.192690849304199
1321,6511.0,1.0,-2.8615710735321045,-0.4721068739891052
1322,6513.0,0.0,0.09486634284257889,-0.06587660312652588
1323,6514.0,1.0,-29.573598861694336,-4.483129501342773
1324,6519.0,1.0,-0.981356143951416,-0.1897777020931244
1325,6524.0,1.0,-1.5525075197219849,-0.2755405902862549
1326,6525.0,1.0,-1.60960853099823,-0.2841147482395172
1327,6527.0,0.0,11.653949737548828,-13.35489273071289
1328,6529.0,1.0,-0.9389409422874451,-0.183408722281456
1329,6531.0,1.0,-1.0860238075256348,-0.20549437403678894
1330,6536.0,1.0,-1.44832444190979,-0.2598966956138611
1331,6543.0,0.0,0.009791962802410126,-0.04094896838068962
1332,6545.0,1.0,-1.9714447259902954,-0.33844730257987976
1333,6553.0,1.0,-28.687026977539062,-4.350003242492676
1334,6559.0,1.0,-2.354609727859497,-0.39598262310028076
1335,6560.0,1.0,-1.2911278009414673,-0.23629236221313477
1336,6571.0,0.0,0.2958120107650757,-0.22259736061096191
1337,6573.0,1.0,-2.935119390487671,-0.4831507205963135
1338,6580.0,1.0,-0.43236836791038513,-0.10734283924102783
1339,6582.0,1.0,-20.725034713745117,-3.154447078704834
1340,6600.0,0.0,0.2895166873931885,-0.21768754720687866
1341,6627.0,1.0,-0.9548728466033936,-0.18580102920532227
1342,6636.0,0.0,0.054329536855220795,-0.034261297434568405
1343,6643.0,1.0,-3.884809970855713,-0.6257542967796326
1344,6649.0,1.0,-1.289983868598938,-0.23612059652805328
1345,6660.0,1.0,-2.1287853717803955,-0.36207330226898193
1346,6673.0,1.0,-2.238921642303467,-0.37861111760139465
1347,6677.0,0.0,0.4561483561992645,-0.34764623641967773
1348,6688.0,1.0,-0.5702162981033325,-0.12804178893566132
1349,6689.0,1.0,-0.7603231072425842,-0.15658783912658691
1350,6690.0,0.0,0.33619409799575806,-0.2540920078754425
1351,6692.0,1.0,-1.1700592041015625,-0.21811296045780182
1352,6694.0,1.0,-1.1605273485183716,-0.21668167412281036
1353,6695.0,1.0,-24.072721481323242,-3.6571290493011475
1354,6700.0,1.0,-0.5784646272659302,-0.12928034365177155
1355,6704.0,1.0,-0.9035761952400208,-0.1780984252691269
1356,6706.0,1.0,-27.695226669311523,-4.201076984405518
1357,6709.0,0.0,0.27757880091667175,-0.20837698876857758
1358,6711.0,0.0,0.054329536855220795,-0.034261297434568405
1359,6715.0,0.0,0.8139622211456299,-0.6267110109329224
1360,6727.0,1.0,-0.5895951986312866,-0.1309516876935959
1361,6737.0,0.0,0.238095223903656,-0.17758309841156006
1362,6748.0,1.0,-1.9489294290542603,-0.33506646752357483
1363,6750.0,1.0,-3.918466806411743,-0.6308081150054932
1364,6757.0,1.0,-0.6851261258125305,-0.14529642462730408
1365,6760.0,0.0,0.06803002208471298,-0.4887450635433197
1366,6763.0,1.0,-1.6255191564559937,-0.2865038514137268
1367,6766.0,1.0,-0.7174587845802307,-0.15015141665935516
1368,6776.0,1.0,-28.632200241088867,-4.341770648956299
1369,6784.0,1.0,-0.7920691967010498,-0.16135476529598236
1370,6787.0,1.0,-0.8611345887184143,-0.17172548174858093
1371,6795.0,1.0,-2.394699811935425,-0.4020024538040161
1372,6798.0,1.0,-0.15128469467163086,-0.0651359036564827
1373,6802.0,1.0,-0.8707581162452698,-0.1731705367565155
1374,6807.0,1.0,-0.4547511041164398,-0.11070378124713898
1375,6808.0,1.0,-0.7972164750099182,-0.16212767362594604
1376,6815.0,1.0,-1.4668231010437012,-0.26267439126968384
1377,6828.0,1.0,-1.5436537265777588,-0.2742111384868622
1378,6830.0,1.0,-1.1089000701904297,-0.20892943441867828
1379,6843.0,1.0,-0.6546765565872192,-0.14072416722774506
1380,6845.0,1.0,-1.035130262374878,-0.19785231351852417
1381,6861.0,1.0,-1.5584605932235718,-0.2764345109462738
1382,6870.0,1.0,-1.0388991832733154,-0.1984182447195053
1383,6872.0,1.0,-1.5731688737869263,-0.27864307165145874
1384,6874.0,1.0,-2.0302371978759766,-0.3472755253314972
1385,6877.0,1.0,-0.0818077102303505,-0.05470338463783264
1386,6879.0,1.0,-1.0274571180343628,-0.19670012593269348
1387,6880.0,0.0,0.14523078501224518,-0.10515664517879486
1388,6895.0,1.0,-1.5171993970870972,-0.27023881673812866
1389,6897.0,1.0,-1.5399911403656006,-0.27366116642951965
1390,6904.0,0.0,0.3817262649536133,-0.28960323333740234
1391,6906.0,1.0,-0.14242762327194214,-0.06380593776702881
1392,6909.0,1.0,-2.196805000305176,-0.37228697538375854
1393,6912.0,1.0,-0.5685751438140869,-0.12779536843299866
1394,6916.0,1.0,-1.6854496002197266,-0.2955029010772705
1395,6920.0,1.0,-4.07142972946167,-0.6537767052650452
1396,6928.0,0.0,0.3856126666069031,-0.2926343083381653
1397,6929.0,1.0,-0.8757993578910828,-0.17392751574516296
1398,6932.0,1.0,-0.6608864665031433,-0.14165663719177246
1399,6934.0,1.0,-0.43917492032051086,-0.10836489498615265
1400,6937.0,1.0,-1.9226603507995605,-0.33112195134162903
1401,6938.0,1.0,-2.6010942459106445,-0.43299421668052673
1402,6949.0,1.0,-1.4573066234588623,-0.2612454295158386
1403,6959.0,1.0,-0.5327233076095581,-0.12241192162036896
1404,6970.0,0.0,0.054329536855220795,-0.034261297434568405
1405,6973.0,1.0,-1.1717095375061035,-0.2183607816696167
1406,6974.0,1.0,-1.1733835935592651,-0.21861213445663452
1407,6981.0,1.0,-1.040136456489563,-0.1986040323972702
1408,6983.0,0.0,1.6298847198486328,-1.2630622386932373
1409,6990.0,1.0,-2.1481802463531494,-0.3649855852127075
1410,6993.0,1.0,-1.2021757364273071,-0.2229355126619339
1411,7000.0,0.0,1.7264502048492432,-1.338375210762024
1412,7002.0,1.0,-0.8594328761100769,-0.17146995663642883
1413,7003.0,0.0,1.0628331899642944,-0.820809543132782
1414,7009.0,1.0,-1.5812145471572876,-0.27985119819641113
1415,7012.0,1.0,-0.6436869502067566,-0.13907399773597717
1416,7020.0,1.0,-1.4991636276245117,-0.2675305902957916
1417,7026.0,1.0,-0.9352432489395142,-0.18285349011421204
1418,7029.0,0.0,0.21698135137557983,-0.16111606359481812
1419,7039.0,1.0,-1.76127290725708,-0.3068883717060089
1420,7040.0,0.0,0.054329536855220795,-0.034261297434568405
1421,7044.0,1.0,-0.9600279331207275,-0.18657509982585907
1422,7046.0,0.0,0.054329536855220795,-0.034261297434568405
1423,7050.0,1.0,-2.3097987174987793,-0.3892538547515869
1424,7052.0,0.0,0.023447787389159203,-0.03889843821525574
1425,7053.0,1.0,-24.993242263793945,-3.7953524589538574
1426,7063.0,1.0,-0.16117125749588013,-0.06662044674158096
1427,7072.0,0.0,0.2516360580921173,-0.18814381957054138
1428,7073.0,1.0,-1.9531515836715698,-0.33570048213005066
1429,7083.0,1.0,-0.2064037322998047,-0.0734124630689621
1430,7090.0,1.0,-2.987668752670288,-0.4910414218902588
1431,7097.0,1.0,-2.3881773948669434,-0.4010230600833893
1432,7112.0,1.0,-1.9477096796035767,-0.33488330245018005
1433,7114.0,1.0,-0.3087346851825714,-0.08877827227115631
1434,7128.0,1.0,-0.30894556641578674,-0.08880992978811264
1435,7132.0,1.0,-0.8612362742424011,-0.17174075543880463
1436,7133.0,1.0,-2.22114896774292,-0.3759424090385437
1437,7147.0,1.0,-0.726691484451294,-0.15153779089450836
1438,7152.0,0.0,1.0215338468551636,-0.78859943151474
1439,7158.0,1.0,-1.4449386596679688,-0.259388267993927
1440,7160.0,1.0,-2.2445812225341797,-0.3794609308242798
1441,7165.0,1.0,-1.5279544591903687,-0.2718537747859955
1442,7171.0,1.0,-0.7209302186965942,-0.15067268908023834
1443,7173.0,0.0,0.1660872995853424,-0.12142297625541687
1444,7174.0,1.0,-1.1375821828842163,-0.21323628723621368
1445,7175.0,1.0,-0.6437127590179443,-0.13907787203788757
1446,7176.0,1.0,-0.8358965516090393,-0.1679358035326004
1447,7179.0,0.0,0.1861802637577057,-0.13709379732608795
1448,7181.0,1.0,-0.9331973791122437,-0.18254628777503967
1449,7185.0,0.0,0.15288046002388,-0.11461859941482544
1450,7186.0,0.0,1.0213266611099243,-0.7884379029273987
1451,7196.0,0.0,-0.04905761033296585,-0.04978569597005844
1452,7197.0,1.0,-0.9334018230438232,-0.182576984167099
1453,7199.0,0.0,0.0910058468580246,-0.06286574900150299
1454,7206.0,1.0,-3.197387933731079,-0.5225324034690857
1455,7209.0,1.0,-2.2430078983306885,-0.3792246878147125
1456,7213.0,1.0,-2.637714385986328,-0.4384929835796356
1457,7214.0,1.0,-0.0640408843755722,-0.052035555243492126
1458,7223.0,1.0,-0.9369606971740723,-0.18311136960983276
1459,7225.0,1.0,-1.2573914527893066,-0.2312265932559967
1460,7232.0,1.0,-1.7888312339782715,-0.3110264837741852
1461,7237.0,1.0,-0.8465462327003479,-0.16953493654727936
1462,7246.0,1.0,-0.7584326863288879,-0.15630397200584412
1463,7256.0,1.0,-1.7127898931503296,-0.2996082603931427
1464,7262.0,1.0,-1.930092215538025,-0.33223792910575867
1465,7267.0,0.0,0.054329536855220795,-0.034261297434568405
1466,7280.0,1.0,-27.520322799682617,-4.174813747406006
1467,7287.0,1.0,-0.7960118055343628,-0.18925225734710693
1468,7291.0,1.0,-1.1406587362289429,-0.21369823813438416
1469,7295.0,1.0,-1.6741819381713867,-0.29381096363067627
1470,7301.0,1.0,-0.60166996717453,-0.1327648162841797
1471,7303.0,1.0,-1.6144931316375732,-0.28484824299812317
1472,7306.0,1.0,-0.15024694800376892,-0.06498007476329803
1473,7310.0,0.0,0.7395277619361877,-0.5686584115028381
1474,7312.0,1.0,-1.6093673706054688,-0.28407856822013855
1475,7316.0,1.0,-0.9113982915878296,-0.17927297949790955
1476,7317.0,1.0,-1.3510080575942993,-0.24528387188911438
1477,7323.0,1.0,-3.2833774089813232,-0.535444438457489
1478,7324.0,1.0,-1.3575949668884277,-0.24627293646335602
1479,7328.0,0.0,-0.025546155869960785,-0.046255264431238174
1480,7333.0,1.0,-26.97752571105957,-4.093308448791504
1481,7339.0,1.0,-1.8523119688034058,-0.3205586075782776
1482,7344.0,1.0,-0.9046860337257385,-0.17826507985591888
1483,7348.0,1.0,-0.1938217282295227,-0.07152317464351654
1484,7355.0,0.0,0.7525795102119446,-0.5788376927375793
1485,7356.0,1.0,-2.058093309402466,-0.3514583110809326
1486,7357.0,1.0,-0.2352449893951416,-0.07774320244789124
1487,7365.0,1.0,-1.5459778308868408,-0.2745601236820221
1488,7368.0,0.0,0.054329536855220795,-0.034261297434568405
1489,7376.0,1.0,-0.5192793607711792,-0.12039321660995483
1490,7378.0,1.0,-0.7471176981925964,-0.1546049416065216
1491,7386.0,1.0,-0.41363874077796936,-0.1398209035396576
1492,7387.0,0.0,0.3812181055545807,-0.28920695185661316
1493,7399.0,1.0,-2.142613172531128,-0.36414963006973267
1494,7402.0,1.0,-1.763493537902832,-0.30722180008888245
1495,7413.0,1.0,-1.535707712173462,-0.2730179727077484
1496,7414.0,1.0,-2.3644540309906006,-0.39746078848838806
1497,7416.0,0.0,0.054329536855220795,-0.034261297434568405
1498,7421.0,1.0,-1.2035878896713257,-0.22314755618572235
1499,7439.0,1.0,-0.6139719486236572,-0.15274964272975922
1500,7443.0,1.0,-1.4506785869598389,-0.26025018095970154
1501,7447.0,1.0,-1.0910347700119019,-0.20624680817127228
1502,7458.0,0.0,0.054329536855220795,-0.034261297434568405
1503,7460.0,1.0,-0.9600611925125122,-0.1865801066160202
1504,7470.0,1.0,-1.8353924751281738,-0.31801798939704895
1505,7473.0,1.0,-1.1123645305633545,-0.2094496488571167
1506,7475.0,0.0,0.054329536855220795,-0.034261297434568405
1507,7492.0,1.0,-28.44742774963379,-4.31402587890625
1508,7494.0,1.0,-2.6931631565093994,-0.4468190670013428
1509,7498.0,0.0,0.29793721437454224,-0.22425484657287598
1510,7503.0,0.0,0.054329536855220795,-0.034261297434568405
1511,7514.0,1.0,-0.21190527081489563,-0.07423856109380722
1512,7519.0,1.0,-3.327360153198242,-0.5420488119125366
1513,7524.0,1.0,-2.2518744468688965,-0.3805560767650604
1514,7536.0,1.0,-0.7789610624313354,-0.15938647091388702
1515,7544.0,0.0,0.7253715395927429,-0.5576177835464478
1516,7548.0,1.0,-1.7474220991134644,-0.3048085570335388
1517,7550.0,1.0,-1.199783444404602,-0.2225762903690338
1518,7551.0,1.0,-2.132817506790161,-0.36267873644828796
1519,7552.0,1.0,-0.952800989151001,-0.18548992276191711
1520,7554.0,1.0,-1.9693859815597534,-0.3381381928920746
1521,7558.0,1.0,-1.5013774633407593,-0.267863005399704
1522,7560.0,1.0,-2.3317711353302,-0.3925532102584839
1523,7561.0,0.0,0.054329536855220795,-0.034261297434568405
1524,7563.0,1.0,-0.2324865460395813,-0.07732900977134705
1525,7567.0,0.0,0.09839695692062378,-0.07802332937717438
1526,7569.0,1.0,-1.968540072441101,-0.33801114559173584
1527,7570.0,1.0,-3.130154848098755,-0.5124368667602539
1528,7571.0,1.0,-1.9267997741699219,-0.3317435383796692
1529,7574.0,0.0,0.1606588363647461,-0.11718922853469849
1530,7576.0,1.0,-0.5313087105751038,-0.12219952046871185
1531,7580.0,1.0,-29.43375015258789,-4.462129592895508
1532,7583.0,0.0,1.1981669664382935,-0.9263584613800049
1533,7585.0,1.0,-1.491935133934021,-0.26644518971443176
1534,7600.0,1.0,-2.367741584777832,-0.39795443415641785
1535,7604.0,0.0,0.08519110828638077,-0.05833073705434799
1536,7608.0,1.0,-1.693175196647644,-0.29666295647621155
1537,7609.0,1.0,-1.6906442642211914,-0.29628291726112366
1538,7614.0,1.0,-29.03195571899414,-4.401797294616699
1539,7619.0,1.0,-0.3236389458179474,-0.19380541145801544
1540,7623.0,1.0,-2.0638227462768555,-0.3523186445236206
1541,7630.0,0.0,0.24271491169929504,-0.18118607997894287
1542,7631.0,1.0,-1.8189959526062012,-0.3155559301376343
1543,7634.0,1.0,-1.2935837507247925,-0.2366611659526825
1544,7643.0,1.0,-1.4938980340957642,-0.26673993468284607
1545,7647.0,1.0,-1.0992354154586792,-0.20747821033000946
1546,7657.0,1.0,-0.802113950252533,-0.16286306083202362
1547,7679.0,1.0,-1.4068934917449951,-0.25367552042007446
1548,7681.0,1.0,-1.0932917594909668,-0.20658572018146515
1549,7683.0,1.0,-1.405696988105774,-0.25349584221839905
1550,7685.0,1.0,-22.08765411376953,-3.359055519104004
1551,7689.0,1.0,-1.827112078666687,-0.3167746365070343
1552,7706.0,1.0,-1.0746654272079468,-0.20378883183002472
1553,7715.0,1.0,-1.526814341545105,-0.2716825604438782
1554,7720.0,1.0,-0.3509823977947235,-0.09512209892272949
1555,7724.0,1.0,-1.1239442825317383,-0.2111884504556656
1556,7725.0,1.0,-2.180631399154663,-0.36985838413238525
1557,7729.0,0.0,2.796715021133423,-2.1730916500091553
1558,7732.0,1.0,-0.5652540922164917,-0.12729668617248535
1559,7736.0,1.0,-1.623794674873352,-0.2862449288368225
1560,7740.0,0.0,0.14170673489570618,-0.10240817070007324
1561,7748.0,1.0,-0.7501628994941711,-0.15506219863891602
1562,7749.0,1.0,-0.27596989274024963,-0.08385837078094482
1563,7752.0,1.0,-0.6681092977523804,-0.14274120330810547
1564,7753.0,1.0,-2.0306766033172607,-0.34734147787094116
1565,7764.0,0.0,0.054329536855220795,-0.034261297434568405
1566,7767.0,1.0,-1.041940689086914,-0.19887495040893555
1567,7775.0,1.0,-28.7518367767334,-4.359735012054443
1568,7778.0,1.0,-0.7355198264122009,-0.15286342799663544
1569,7789.0,1.0,-1.0678915977478027,-0.20277167856693268
1570,7794.0,1.0,-1.422548770904541,-0.2560262680053711
1571,7799.0,1.0,-2.1944336891174316,-0.37193092703819275
1572,7802.0,0.0,0.9560942649841309,-0.7375621199607849
1573,7809.0,1.0,-24.843158721923828,-3.7728161811828613
1574,7815.0,1.0,-1.1677135229110718,-0.21776074171066284
1575,7826.0,1.0,-0.5838685035705566,-0.13009178638458252
1576,7829.0,1.0,-0.23560211062431335,-0.0777968317270279
1577,7837.0,1.0,-1.286072850227356,-0.23553332686424255
1578,7838.0,1.0,-1.323218584060669,-0.24111105501651764
1579,7843.0,1.0,-1.7061926126480103,-0.2986176311969757
1580,7845.0,1.0,-1.5223225355148315,-0.27100810408592224
1581,7852.0,0.0,-0.004962582141160965,-0.04316447675228119
1582,7857.0,0.0,0.054329536855220795,-0.034261297434568405
1583,7862.0,1.0,-2.344590902328491,-0.3944782018661499
1584,7872.0,1.0,-2.485452175140381,-0.41562965512275696
1585,7882.0,0.0,0.6505022048950195,-0.4992259740829468
1586,7886.0,1.0,-1.13450026512146,-0.21277350187301636
1587,7892.0,1.0,-4.490533351898193,-0.7167083621025085
1588,7895.0,1.0,-0.23360058665275574,-0.07749629020690918
1589,7896.0,1.0,-0.8626837134361267,-0.1719581037759781
1590,7899.0,0.0,0.6471352577209473,-0.49660003185272217
1591,7909.0,1.0,-1.2862170934677124,-0.2355549931526184
1592,7910.0,1.0,-1.5639113187789917,-0.2772529721260071
1593,7911.0,1.0,-1.998968482017517,-0.34258025884628296
1594,7912.0,1.0,-0.7875300645828247,-0.19781452417373657
1595,7914.0,1.0,-0.331533282995224,-0.09220165759325027
1596,7915.0,1.0,-1.2305721044540405,-0.2271994650363922
1597,7919.0,0.0,0.27772995829582214,-0.2084948867559433
1598,7921.0,1.0,-22.924854278564453,-3.484767436981201
1599,7922.0,1.0,-2.8465688228607178,-0.4698541462421417
1600,7927.0,1.0,-0.6830998659133911,-0.1449921578168869
1601,7935.0,1.0,-1.661698579788208,-0.2919364869594574
1602,7944.0,1.0,-1.914571762084961,-0.3299073874950409
1603,7946.0,1.0,-1.2366994619369507,-0.22811952233314514
1604,7949.0,1.0,-1.521114468574524,-0.27082669734954834
1605,7958.0,0.0,0.7637985348701477,-0.5875875949859619
1606,7960.0,1.0,-28.178865432739258,-4.273698806762695
1607,7968.0,1.0,-0.7062276601791382,-0.14846497774124146
1608,7971.0,0.0,0.04302748665213585,-0.18172593414783478
1609,7973.0,1.0,-0.6292505264282227,-0.13690625131130219
1610,7977.0,1.0,-2.5613760948181152,-0.42703020572662354
1611,7979.0,1.0,-0.9658279418945312,-0.18744602799415588
1612,7981.0,1.0,-0.7076284289360046,-0.1486753225326538
1613,7995.0,1.0,-1.060532569885254,-0.2016666829586029
1614,7998.0,1.0,-2.1828246116638184,-0.3701877295970917
1615,8003.0,1.0,-0.11333810538053513,-0.05943792313337326
1616,8005.0,1.0,-0.5904847383499146,-0.13108526170253754
1617,8006.0,1.0,-1.9979783296585083,-0.34243154525756836
1618,8007.0,1.0,-0.7072113156318665,-0.14861267805099487
1619,8008.0,1.0,-1.6432524919509888,-0.289166659116745
1620,8014.0,1.0,-1.8851077556610107,-0.32548314332962036
1621,8015.0,1.0,-2.0188448429107666,-0.3455648422241211
1622,8016.0,1.0,-0.633818507194519,-0.1375921666622162
1623,8020.0,0.0,0.054329536855220795,-0.034261297434568405
1624,8021.0,1.0,-24.761295318603516,-3.760523557662964
1625,8023.0,1.0,-0.6108158230781555,-0.13413813710212708
1626,8033.0,1.0,-1.0844964981079102,-0.20526503026485443
1627,8036.0,1.0,-0.3251846432685852,-0.09124835580587387
1628,8039.0,0.0,0.054329536855220795,-0.034261297434568405
1629,8045.0,1.0,-0.5710287094116211,-0.12816378474235535
1630,8046.0,1.0,-1.242409586906433,-0.22897693514823914
1631,8051.0,1.0,-0.5300481915473938,-0.1220102310180664
1632,8053.0,1.0,-0.35445642471313477,-0.09564374387264252
1633,8054.0,1.0,-1.4618147611618042,-0.26192235946655273
1634,8055.0,0.0,0.4087209105491638,-0.3106568157672882
1635,8072.0,1.0,-1.6896549463272095,-0.296134352684021
1636,8079.0,1.0,-0.493056982755661,-0.11645571887493134
1637,8091.0,1.0,-3.304419994354248,-0.5386041402816772
1638,8096.0,0.0,0.054329536855220795,-0.034261297434568405
1639,8100.0,0.0,0.26260849833488464,-0.24658049643039703
1640,8104.0,0.0,0.9530346989631653,-0.7351759076118469
1641,8106.0,1.0,-26.842370986938477,-4.073013782501221
1642,8115.0,1.0,-24.072246551513672,-3.657057523727417
1643,8117.0,1.0,-0.4998842179775238,-0.11748087406158447
1644,8120.0,1.0,-0.4228608012199402,-0.10591520369052887
1645,8128.0,1.0,-1.6458598375320435,-0.28955817222595215
1646,8136.0,0.0,0.41859620809555054,-0.31835871934890747
1647,8148.0,0.0,0.054329536855220795,-0.034261297434568405
1648,8149.0,1.0,-3.2511167526245117,-0.5306002497673035
1649,8150.0,1.0,-0.18734607100486755,-0.07055079936981201
1650,8151.0,1.0,-1.734752893447876,-0.30290618538856506
1651,8161.0,1.0,-0.6809609532356262,-0.1446709781885147
1652,8163.0,1.0,-0.8515525460243225,-0.17028667032718658
1653,8168.0,0.0,0.054329536855220795,-0.034261297434568405
1654,8176.0,1.0,-0.8483726978302002,-0.16980919241905212
1655,8187.0,1.0,-2.511976718902588,-0.4196125268936157
1656,8194.0,0.0,0.054329536855220795,-0.034261297434568405
1657,8202.0,1.0,-0.7856634259223938,-0.1603928953409195
1658,8206.0,1.0,-1.8163139820098877,-0.31515324115753174
1659,8215.0,1.0,-1.500573992729187,-0.2677423655986786
1660,8217.0,1.0,-1.1381977796554565,-0.21332870423793793
1661,8221.0,1.0,-24.679763793945312,-3.748281240463257
1662,8222.0,1.0,-26.314523696899414,-3.99375319480896
1663,8224.0,1.0,-1.799451470375061,-0.31262117624282837
1664,8237.0,1.0,-0.9652178287506104,-0.18735440075397491
1665,8242.0,1.0,-1.5335297584533691,-0.27269092202186584
1666,8245.0,1.0,-1.6663010120391846,-0.29262757301330566
1667,8252.0,0.0,0.054329536855220795,-0.034261297434568405
1668,8254.0,1.0,-22.951114654541016,-3.488710641860962
1669,8258.0,1.0,-2.1189463138580322,-0.36059585213661194
1670,8261.0,1.0,-0.5264552235603333,-0.12147071957588196
1671,8263.0,1.0,-0.9828788042068481,-0.1900063306093216
1672,8270.0,1.0,-0.7754430770874023,-0.15885822474956512
1673,8271.0,1.0,-0.141215980052948,-0.06362400203943253
1674,8273.0,1.0,-1.4234610795974731,-0.25616323947906494
1675,8281.0,1.0,-1.5949779748916626,-0.28191787004470825
1676,8310.0,0.0,1.2273080348968506,-0.94908607006073
1677,8311.0,1.0,-1.171418309211731,-0.21831703186035156
1678,8321.0,1.0,-0.7884326577186584,-0.1608087122440338
1679,8331.0,1.0,-1.2170275449752808,-0.22516562044620514
1680,8333.0,0.0,0.054329536855220795,-0.034261297434568405
1681,8337.0,0.0,0.0648631826043129,-0.042476654052734375
1682,8347.0,1.0,-1.4996801614761353,-0.2676081359386444
1683,8355.0,1.0,-1.7804698944091797,-0.30977094173431396
1684,8357.0,1.0,-0.10207550972700119,-0.057746753096580505
1685,8363.0,1.0,-1.1184667348861694,-0.21036595106124878
1686,8366.0,1.0,-26.503246307373047,-4.022091865539551
1687,8367.0,1.0,-1.1654255390167236,-0.21741719543933868
1688,8375.0,1.0,-1.2742719650268555,-0.23376132547855377
1689,8382.0,1.0,-0.804796576499939,-0.1632658839225769
1690,8389.0,0.0,0.054329536855220795,-0.034261297434568405
1691,8400.0,1.0,-1.5533288717269897,-0.27566391229629517
1692,8402.0,1.0,-0.41245320439338684,-0.10435241460800171
1693,8403.0,1.0,-0.6551468372344971,-0.1407947987318039
1694,8405.0,1.0,-26.996952056884766,-4.096225261688232
1695,8414.0,1.0,-2.5066120624542236,-0.4188069701194763
1696,8425.0,1.0,-2.1988890171051025,-0.37259992957115173
1697,8427.0,0.0,0.07226122915744781,-0.048246514052152634
1698,8433.0,1.0,-24.968486785888672,-3.791635036468506
1699,8434.0,1.0,-1.577115535736084,-0.27923569083213806
1700,8436.0,1.0,-3.4905307292938232,-0.5665501356124878
1701,8446.0,1.0,-0.8935853242874146,-0.1765982210636139
1702,8457.0,1.0,-1.4580278396606445,-0.2613537311553955
1703,8464.0,1.0,-0.5100615620613098,-0.1190090924501419
1704,8467.0,0.0,0.9474091529846191,-0.7307884097099304
1705,8469.0,0.0,1.5467455387115479,-1.1982206106185913
1706,8472.0,1.0,-1.305673599243164,-0.23847654461860657
1707,8481.0,1.0,-1.4610836505889893,-0.26181256771087646
1708,8482.0,1.0,-1.056967854499817,-0.2011314034461975
1709,8484.0,1.0,-1.7433600425720215,-0.30419862270355225
1710,8487.0,1.0,-3.0067551136016846,-0.4939073920249939
1711,8491.0,1.0,-0.42458033561706543,-0.10617341101169586
1712,8501.0,1.0,-1.4304518699645996,-0.25721296668052673
1713,8502.0,1.0,-2.8379056453704834,-0.4685533046722412
1714,8510.0,1.0,-0.5382242202758789,-0.12323793768882751
1715,8511.0,1.0,-1.63044273853302,-0.28724318742752075
1716,8515.0,1.0,-1.1424726247787476,-0.2139706164598465
1717,8518.0,0.0,0.6908602118492126,-0.5307018160820007
1718,8522.0,1.0,-1.0658503770828247,-0.20246517658233643
1719,8524.0,1.0,-3.5142951011657715,-0.5701185464859009
1720,8529.0,1.0,-0.7216532826423645,-0.15078125894069672
1721,8532.0,1.0,-0.24642279744148254,-0.07942164689302444
1722,8538.0,1.0,-2.1977436542510986,-0.37242794036865234
1723,8542.0,1.0,-2.3451571464538574,-0.394563227891922
1724,8547.0,1.0,-3.0302317142486572,-0.4974326193332672
1725,8553.0,1.0,-1.1148802042007446,-0.20982740819454193
1726,8556.0,0.0,0.14435675740242004,-0.1044749766588211
1727,8558.0,1.0,-1.7240592241287231,-0.30130043625831604
1728,8559.0,1.0,-2.1333067417144775,-0.362752228975296
1729,8567.0,1.0,-1.2819985151290894,-0.23492154479026794
1730,8568.0,0.0,-0.044630929827690125,-0.04912099614739418
1731,8569.0,1.0,-0.5034224390983582,-0.11801217496395111
1732,8577.0,1.0,-1.5809612274169922,-0.27981314063072205
1733,8578.0,1.0,-1.9569376707077026,-0.33626896142959595
1734,8582.0,1.0,-0.301557332277298,-0.08770053088665009
1735,8583.0,1.0,-0.6503710150718689,-0.14007766544818878
1736,8587.0,1.0,-29.855581283569336,-4.525471210479736
1737,8591.0,1.0,-2.6664936542510986,-0.442814439535141
1738,8594.0,1.0,-1.5978388786315918,-0.2823474705219269
1739,8602.0,1.0,-1.63302743434906,-0.2876312732696533
1740,8609.0,1.0,-1.4995216131210327,-0.26758435368537903
1741,8614.0,1.0,-0.6775160431861877,-0.14415369927883148
1742,8615.0,1.0,-3.083261489868164,-0.5053954720497131
1743,8617.0,0.0,0.1295875906944275,-0.09295625984668732
1744,8622.0,1.0,-1.1906594038009644,-0.22120624780654907
1745,8632.0,0.0,0.054329536855220795,-0.034261297434568405
1746,8639.0,1.0,-25.0769100189209,-3.807915687561035
1747,8640.0,1.0,-0.7949668169021606,-0.16178986430168152
1748,8642.0,1.0,-0.37616175413131714,-0.09890297055244446
1749,8643.0,1.0,-0.6338236927986145,-0.13759295642375946
1750,8653.0,1.0,-1.9568573236465454,-0.3362569212913513
1751,8658.0,1.0,-1.6015280485153198,-0.282901406288147
1752,8659.0,1.0,-26.868669509887695,-4.076962471008301
1753,8664.0,1.0,-1.8996806144714355,-0.3276713788509369
1754,8665.0,1.0,-0.4795028269290924,-0.11442045867443085
1755,8673.0,1.0,-0.09882255643606186,-0.05725829675793648
1756,8676.0,1.0,-1.3060256242752075,-0.23852939903736115
1757,8677.0,1.0,-29.26382827758789,-4.436614513397217
1758,8679.0,0.0,0.46947893500328064,-0.35804298520088196
1759,8683.0,1.0,-1.046608567237854,-0.19957587122917175
1760,8701.0,1.0,-26.42196273803711,-4.009886264801025
1761,8704.0,1.0,-3.527376890182495,-0.5720828771591187
1762,8706.0,1.0,-1.0787826776504517,-0.20440706610679626
1763,8712.0,1.0,-0.4985244572162628,-0.11727669835090637
1764,8719.0,1.0,-2.152513265609741,-0.3656362295150757
1765,8728.0,1.0,-1.649179220199585,-0.29005661606788635
1766,8731.0,0.0,0.054329536855220795,-0.034261297434568405
1767,8732.0,1.0,-0.8416340947151184,-0.1687973290681839
1768,8734.0,1.0,-0.21395942568778992,-0.07454700767993927
1769,8735.0,1.0,-1.2570487260818481,-0.23117512464523315
1770,8743.0,1.0,-2.5050971508026123,-0.41857948899269104
1771,8748.0,0.0,0.054329536855220795,-0.034261297434568405
1772,8749.0,0.0,0.054329536855220795,-0.034261297434568405
1773,8754.0,0.0,0.054329536855220795,-0.034261297434568405
1774,8762.0,1.0,-1.382286787033081,-0.2499806135892868
1775,8763.0,1.0,-0.4058692753314972,-0.10336379706859589
1776,8766.0,1.0,-0.15702632069587708,-0.06599804759025574
1777,8768.0,0.0,0.054329536855220795,-0.034261297434568405
1778,8770.0,1.0,-1.9816159009933472,-0.33997461199760437
1779,8774.0,1.0,-2.890901565551758,-0.47651106119155884
1780,8775.0,1.0,-0.9898476600646973,-0.19105276465415955
1781,8776.0,0.0,0.04041518643498421,-0.04747609421610832
1782,8779.0,1.0,-1.522775650024414,-0.27107611298561096
1783,8781.0,1.0,-1.1153504848480225,-0.20989802479743958
1784,8785.0,1.0,-0.4904474914073944,-0.11606387794017792
1785,8791.0,1.0,-1.7014398574829102,-0.29790395498275757
1786,8793.0,0.0,0.054329536855220795,-0.034261297434568405
1787,8806.0,1.0,-1.932475209236145,-0.33259573578834534
1788,8810.0,0.0,0.13568046689033508,-0.09770819544792175
1789,8813.0,0.0,0.9410589337348938,-0.7258358001708984
1790,8814.0,1.0,-1.4461288452148438,-0.259566992521286
1791,8817.0,1.0,-0.8355196714401245,-0.16787920892238617
1792,8820.0,1.0,-1.2619694471359253,-0.2319139987230301
1793,8821.0,1.0,-2.069622278213501,-0.35318949818611145
1794,8826.0,1.0,-1.578089714050293,-0.27938196063041687
1795,8827.0,1.0,-1.5551527738571167,-0.2759377956390381
1796,8829.0,1.0,-0.9212988018989563,-0.18075962364673615
1797,8831.0,1.0,-2.9589896202087402,-0.4867350161075592
1798,8833.0,1.0,-0.4959851801395416,-0.1168954074382782
1799,8834.0,1.0,-1.2938544750213623,-0.23670180141925812
1800,8835.0,1.0,-2.0229761600494385,-0.34618520736694336
1801,8852.0,1.0,-2.069363594055176,-0.3531506657600403
1802,8853.0,0.0,0.5284488797187805,-0.4040345847606659
1803,8861.0,1.0,-0.786912739276886,-0.16058048605918884
1804,8866.0,1.0,-1.8890035152435303,-0.32606813311576843
1805,8879.0,0.0,0.054329536855220795,-0.034261297434568405
1806,8881.0,1.0,-1.6382110118865967,-0.28840965032577515
1807,8884.0,1.0,-0.051915571093559265,-0.05021484196186066
1808,8886.0,1.0,-1.8210216760635376,-0.3158601224422455
1809,8888.0,1.0,-2.029850959777832,-0.34721750020980835
1810,8890.0,1.0,-0.7666505575180054,-0.15753795206546783
1811,8896.0,1.0,-1.781571865081787,-0.30993643403053284
1812,8900.0,1.0,-1.3241369724273682,-0.2412489652633667
1813,8903.0,1.0,-0.538942813873291,-0.12334583699703217
1814,8913.0,0.0,0.7775697112083435,-0.5983279347419739
1815,8916.0,1.0,-3.5170962810516357,-0.5705391764640808
1816,8920.0,1.0,-1.917069673538208,-0.3302824795246124
1817,8921.0,0.0,0.36965593695640564,-0.2801894247531891
1818,8925.0,0.0,0.40475085377693176,-0.3075605034828186
1819,8928.0,1.0,-26.438440322875977,-4.012360572814941
1820,8934.0,1.0,-18.857210159301758,-2.87397837638855
1821,8937.0,1.0,-2.178985595703125,-0.3696112334728241
1822,8939.0,1.0,-2.040196418762207,-0.34877097606658936
1823,8944.0,1.0,-2.6709883213043213,-0.44348934292793274
1824,8956.0,1.0,-1.0976134538650513,-0.20723465085029602
1825,8958.0,1.0,-0.48688068985939026,-0.11552830040454865
1826,8959.0,1.0,-0.416820764541626,-0.10500824451446533
1827,8970.0,1.0,-1.3138314485549927,-0.23970149457454681
1828,8989.0,1.0,-1.629194974899292,-0.2870558202266693
1829,8990.0,1.0,-21.762075424194336,-3.310167074203491
1830,8992.0,0.0,1.141337275505066,-0.8820361495018005
1831,8994.0,0.0,0.2675478160381317,-0.20055367052555084
1832,8998.0,1.0,-3.360175371170044,-0.5469762682914734
1833,9001.0,0.0,0.054329536855220795,-0.034261297434568405
1834,9025.0,1.0,-2.007835865020752,-0.3439117670059204
1835,9030.0,1.0,-1.5032371282577515,-0.2681422531604767
1836,9031.0,1.0,-0.2887519299983978,-0.08577769994735718
1837,9033.0,1.0,-1.7954336404800415,-0.31201785802841187
1838,9052.0,1.0,-31.910411834716797,-4.834020137786865
1839,9055.0,1.0,-2.0863945484161377,-0.35570797324180603
1840,9057.0,1.0,-1.5033525228500366,-0.2681595981121063
1841,9076.0,1.0,-0.49230948090553284,-0.11634346842765808
1842,9078.0,0.0,0.5353158116340637,-0.40939024090766907
1843,9082.0,0.0,0.00011855363845825195,-0.17937710881233215
1844,9095.0,0.0,0.45101940631866455,-0.3436461091041565
1845,9105.0,1.0,-1.668673038482666,-0.2929837703704834
1846,9106.0,0.0,0.054329536855220795,-0.034261297434568405
1847,9111.0,1.0,-2.294623851776123,-0.3869752287864685
1848,9113.0,1.0,-3.743321180343628,-0.604508638381958
1849,9114.0,0.0,0.054329536855220795,-0.034261297434568405
1850,9116.0,1.0,-0.739128828048706,-0.1534053534269333
1851,9118.0,1.0,-1.9153164625167847,-0.3300192356109619
1852,9119.0,0.0,1.079374074935913,-0.8337100148200989
1853,9130.0,1.0,-3.113438367843628,-0.5099267363548279
1854,9138.0,1.0,-1.38280189037323,-0.25005796551704407
1855,9139.0,0.0,0.054329536855220795,-0.034261297434568405
1856,9145.0,1.0,-23.402738571166992,-3.556525707244873
1857,9146.0,1.0,-2.11245059967041,-0.35962051153182983
1858,9147.0,0.0,0.9536781907081604,-0.7356777787208557
1859,9170.0,1.0,-1.1173644065856934,-0.21020042896270752
1860,9180.0,1.0,-2.4709813594818115,-0.4134567379951477
1861,9191.0,1.0,-2.4246692657470703,-0.4065026044845581
1862,9201.0,1.0,-27.177053451538086,-4.123269081115723
1863,9202.0,1.0,-0.06499844789505005,-0.05217934027314186
1864,9206.0,1.0,-0.24075081944465637,-0.07856994867324829
1865,9211.0,1.0,-0.6548071503639221,-0.14074379205703735
1866,9214.0,1.0,-1.1787112951278687,-0.21941213309764862
1867,9216.0,1.0,-0.6207679510116577,-0.13563252985477448
1868,9227.0,1.0,-0.9452444911003113,-0.1843552589416504
1869,9228.0,1.0,-1.8623790740966797,-0.32207024097442627
1870,9237.0,0.0,0.0265178382396698,-0.03843744471669197
1871,9238.0,1.0,-0.08698200434446335,-0.05548034608364105
1872,9239.0,1.0,-2.4851667881011963,-0.41558676958084106
1873,9245.0,1.0,-28.588428497314453,-4.335198402404785
1874,9246.0,1.0,-2.2057676315307617,-0.3736327886581421
1875,9248.0,1.0,-0.6112999320030212,-0.19824790954589844
1876,9255.0,1.0,-1.104291319847107,-0.2082373946905136
1877,9257.0,1.0,-1.6535099744796753,-0.29070690274238586
1878,9259.0,1.0,-2.094653606414795,-0.3569481372833252
1879,9260.0,1.0,-2.020228385925293,-0.3457725942134857
1880,9268.0,1.0,-0.6719734072685242,-0.1433214396238327
1881,9286.0,1.0,-0.8712409138679504,-0.17324303090572357
1882,9292.0,1.0,-1.8926867246627808,-0.3266211748123169
1883,9304.0,1.0,-2.39286208152771,-0.40172648429870605
1884,9307.0,1.0,-2.975452184677124,-0.48920702934265137
1885,9308.0,1.0,-3.6363015174865723,-0.5884388089179993
1886,9315.0,1.0,-0.46098199486732483,-0.11163941025733948
1887,9319.0,1.0,-1.7286218404769897,-0.3019855320453644
1888,9321.0,1.0,-2.0429506301879883,-0.3491845428943634
1889,9323.0,1.0,-1.9567352533340454,-0.3362385928630829
1890,9344.0,1.0,-1.6817041635513306,-0.2949405014514923
1891,9355.0,1.0,-0.7067989110946655,-0.14855074882507324
1892,9361.0,1.0,-1.0367100238800049,-0.19808954000473022
1893,9367.0,1.0,-1.881614089012146,-0.32495856285095215
1894,9373.0,0.0,0.054329536855220795,-0.034261297434568405
1895,9378.0,1.0,-1.2185848951339722,-0.22539947926998138
1896,9379.0,1.0,-1.632241129875183,-0.7027638554573059
1897,9384.0,1.0,-0.8399947881698608,-0.16855117678642273
1898,9387.0,1.0,-1.7350140810012817,-0.3029453754425049
1899,9401.0,1.0,-1.7061586380004883,-0.298612505197525
1900,9407.0,1.0,-4.995059490203857,-0.7924669981002808
1901,9421.0,1.0,-1.0472172498703003,-0.19966726005077362
1902,9429.0,1.0,-0.9633153676986694,-0.18706873059272766
1903,9437.0,1.0,-1.4731110334396362,-0.2636185884475708
1904,9443.0,1.0,-1.5933092832565308,-0.2816673219203949
1905,9445.0,0.0,0.054329536855220795,-0.034261297434568405
1906,9446.0,1.0,-2.098095417022705,-0.3574649691581726
1907,9447.0,0.0,0.8663933873176575,-0.6676029562950134
1908,9448.0,1.0,-0.24210047721862793,-0.07877261936664581
1909,9457.0,1.0,-2.3492631912231445,-0.39517977833747864
1910,9458.0,0.0,0.054329536855220795,-0.034261297434568405
1911,9459.0,1.0,-27.128366470336914,-4.115958213806152
1912,9460.0,1.0,-2.4352011680603027,-0.40808403491973877
1913,9473.0,1.0,-0.42924168705940247,-0.10687334835529327
1914,9479.0,1.0,-0.2483828067779541,-0.12398010492324829
1915,9482.0,1.0,-1.7405619621276855,-0.30377843976020813
1916,9486.0,1.0,-0.6748773455619812,-0.14375747740268707
1917,9488.0,1.0,-2.5879297256469727,-0.4310174584388733
1918,9489.0,0.0,0.0122695192694664,-0.04057694226503372
1919,9496.0,1.0,-1.9503530263900757,-0.33528023958206177
1920,9497.0,1.0,-2.459505319595337,-0.4117335081100464
1921,9500.0,1.0,-0.2742922902107239,-0.08360646665096283
1922,9503.0,1.0,-1.292273759841919,-0.2364644557237625
1923,9513.0,1.0,-1.6215200424194336,-0.28590336441993713
1924,9516.0,1.0,-1.6154377460479736,-0.2849900722503662
1925,9517.0,1.0,-0.33782896399497986,-0.09314700216054916
1926,9518.0,1.0,-1.2511805295944214,-0.23029397428035736
1927,9525.0,1.0,-1.127180576324463,-0.21167439222335815
1928,9532.0,1.0,-2.1489176750183105,-0.3650963306427002
1929,9538.0,1.0,-2.5661590099334717,-0.4277484118938446
1930,9544.0,0.0,0.6045462489128113,-0.4633841812610626
1931,9548.0,1.0,-1.0094646215438843,-0.19399841129779816
1932,9560.0,0.0,0.010860759764909744,-0.21962712705135345
1933,9561.0,1.0,-1.206682562828064,-0.2236122488975525
1934,9571.0,1.0,-2.232553482055664,-0.37765491008758545
1935,9577.0,1.0,-1.1495108604431152,-0.21502746641635895
1936,9579.0,0.0,0.054329536855220795,-0.034261297434568405
1937,9581.0,1.0,-1.1945009231567383,-0.22178307175636292
1938,9590.0,0.0,0.4918837547302246,-0.3755168616771698
1939,9596.0,1.0,-2.7502589225769043,-0.4553924798965454
1940,9600.0,0.0,0.054329536855220795,-0.034261297434568405
1941,9603.0,1.0,-0.4676533043384552,-0.11264115571975708
1942,9604.0,1.0,-0.9034540057182312,-0.17808008193969727
1943,9605.0,1.0,-1.8218023777008057,-0.3159773349761963
1944,9612.0,1.0,-2.249058246612549,-0.3801332116127014
1945,9615.0,0.0,0.15285630524158478,-0.1387404203414917
1946,9622.0,1.0,-2.1634693145751953,-0.36728134751319885
1947,9625.0,1.0,-2.1104021072387695,-0.35931289196014404
1948,9628.0,1.0,-0.11209810525178909,-0.05925172567367554
1949,9631.0,1.0,-2.4940247535705566,-0.4169168770313263
1950,9632.0,1.0,-2.176922082901001,-0.3693014085292816
1951,9639.0,1.0,-1.122708797454834,-0.211002916097641
1952,9650.0,1.0,-1.512907862663269,-0.2695944011211395
1953,9658.0,1.0,-2.016601085662842,-0.3452279269695282
1954,9659.0,1.0,-1.6340912580490112,-0.28779101371765137
1955,9660.0,0.0,0.7990270256996155,-0.6150628328323364
1956,9665.0,1.0,-2.111896276473999,-0.3595372438430786
1957,9670.0,1.0,-1.0255237817764282,-0.19640982151031494
1958,9671.0,1.0,-1.6923009157180786,-0.29653167724609375
1959,9672.0,1.0,-0.7312787771224976,-0.15222661197185516
1960,9674.0,1.0,-0.584271252155304,-0.13015225529670715
1961,9684.0,1.0,-1.6383835077285767,-0.28843554854393005
1962,9686.0,1.0,-23.036806106567383,-3.501577854156494
1963,9698.0,1.0,-29.60205078125,-4.487401485443115
1964,9699.0,1.0,-1.109555721282959,-0.20902788639068604
1965,9705.0,1.0,-0.5638336539268494,-0.12708339095115662
1966,9708.0,1.0,-1.8069982528686523,-0.3137543797492981
1967,9718.0,1.0,-2.0992319583892822,-0.35763558745384216
1968,9730.0,0.0,0.30953478813171387,-0.23329997062683105
1969,9732.0,1.0,-0.4100888967514038,-0.32302024960517883
1970,9738.0,1.0,-0.681911289691925,-0.1448136866092682
1971,9741.0,0.0,0.054329536855220795,-0.034261297434568405
1972,9749.0,1.0,-1.3445664644241333,-0.24431660771369934
1973,9756.0,1.0,-1.0122572183609009,-0.19441774487495422
1974,9763.0,1.0,-0.8358705639839172,-0.16793188452720642
1975,9764.0,0.0,0.8011074066162109,-0.6166853904724121
1976,9767.0,1.0,-1.2626659870147705,-0.2320186048746109
1977,9776.0,0.0,0.054329536855220795,-0.034261297434568405
1978,9780.0,0.0,0.054329536855220795,-0.034261297434568405
1979,9782.0,1.0,-0.20633411407470703,-0.07340200990438461
1980,9785.0,1.0,-1.0020776987075806,-0.19288921356201172
1981,9787.0,1.0,-0.5861914753913879,-0.26481810212135315
1982,9791.0,0.0,0.054329536855220795,-0.034261297434568405
1983,9799.0,0.0,0.054329536855220795,-0.034261297434568405
1984,9800.0,1.0,-1.1193112134933472,-0.21049274504184723
1985,9812.0,1.0,-1.463431715965271,-0.2621651589870453
1986,9817.0,0.0,0.054329536855220795,-0.034261297434568405
1987,9818.0,1.0,-0.7045717239379883,-0.14821632206439972
1988,9819.0,1.0,-4.184417724609375,-0.6707426905632019
1989,9826.0,1.0,-0.5138808488845825,-0.11958257853984833
1990,9827.0,1.0,-3.0625052452087402,-0.502278745174408
1991,9828.0,0.0,0.12639813125133514,-0.09046874940395355
1992,9837.0,1.0,-16.20546531677246,-2.4757978916168213
1993,9839.0,0.0,-0.2112448513507843,-0.2177920937538147
1994,9840.0,0.0,-0.00924757868051529,-0.04380790516734123
1995,9843.0,1.0,-0.7961697578430176,-0.16197049617767334
1996,9848.0,0.0,0.054329536855220795,-0.034261297434568405
1997,9849.0,1.0,-1.3324908018112183,-0.242503359913826
1998,9852.0,1.0,-2.3311569690704346,-0.39246100187301636
1999,9853.0,1.0,-1.5751248598098755,-0.2789367735385895
2000,9861.0,0.0,0.6868646144866943,-0.5275856256484985
2001,9863.0,1.0,-24.109769821166992,-3.662692070007324
2002,9865.0,0.0,0.33262601494789124,-0.4458180367946625
2003,9880.0,0.0,4.967904567718506,0.027018792927265167
2004,9883.0,1.0,-2.8082358837127686,-0.46409815549850464
2005,9889.0,1.0,-1.8902394771575928,-0.3262537121772766
2006,9901.0,1.0,-0.16024383902549744,-0.06648118793964386
2007,9903.0,1.0,-2.268515110015869,-0.38305482268333435
2008,9913.0,0.0,0.054329536855220795,-0.034261297434568405
2009,9915.0,1.0,-0.15006989240646362,-0.06495349109172821
2010,9921.0,1.0,-1.8874038457870483,-0.3258279263973236
2011,9923.0,1.0,-2.3381764888763428,-0.393515020608902
2012,9926.0,1.0,-27.838476181030273,-4.2225871086120605
2013,9941.0,1.0,-0.5619303584098816,-0.1267976015806198
2014,9943.0,1.0,-0.4986652433872223,-0.11729784309864044
2015,9946.0,1.0,-0.4903393089771271,-0.11604763567447662
2016,9949.0,1.0,-1.3392549753189087,-0.24351905286312103
2017,9955.0,1.0,-2.7380712032318115,-0.4535623788833618
2018,9960.0,1.0,-0.4877127707004547,-0.11565324664115906
2019,9991.0,1.0,-27.175617218017578,-4.123053073883057
2020,10000.0,1.0,-1.7157753705978394,-0.3000565469264984
2021,10003.0,1.0,-0.42444345355033875,-0.10615284740924835
2022,10010.0,0.0,-0.10688876360654831,-0.27633291482925415
2023,10015.0,1.0,-0.7030993700027466,-0.1479952484369278
2024,10023.0,1.0,-1.8749934434890747,-0.323964387178421
2025,10034.0,1.0,-0.4693712890148163,-0.11289912462234497
2026,10037.0,1.0,-0.38221341371536255,-0.09981167316436768
2027,10043.0,1.0,-1.5271384716033936,-0.2717312276363373
2028,10045.0,0.0,0.7600008249282837,-0.5846256613731384
2029,10055.0,0.0,0.054329536855220795,-0.034261297434568405
2030,10061.0,1.0,-0.1495935618877411,-0.06488196551799774
2031,10064.0,1.0,-0.9748678207397461,-0.18880343437194824
2032,10065.0,1.0,-2.5149714946746826,-0.42006218433380127
2033,10069.0,1.0,-1.7061176300048828,-0.29860636591911316
2034,10073.0,1.0,-2.57858943939209,-0.42961493134498596
2035,10076.0,1.0,-1.6986948251724243,-0.29749175906181335
2036,10083.0,1.0,-2.019831657409668,-0.3457130193710327
2037,10088.0,1.0,-2.201016426086426,-0.37291935086250305
2038,10097.0,1.0,-0.5086796283721924,-0.11880157887935638
2039,10098.0,1.0,-1.1784601211547852,-0.21937443315982819
2040,10100.0,1.0,-0.7616366744041443,-0.15678508579730988
2041,10103.0,1.0,-0.13466739654541016,-0.06264068186283112
2042,10104.0,1.0,-1.9734152555465698,-0.3387432396411896
2043,10114.0,1.0,-1.614445447921753,-0.28484106063842773
2044,10119.0,0.0,1.107724666595459,-0.8558211326599121
2045,10120.0,1.0,-0.3605840802192688,-0.09656386077404022
2046,10123.0,1.0,-2.163766860961914,-0.367326021194458
2047,10124.0,1.0,-1.2816627025604248,-0.23487111926078796
2048,10140.0,1.0,-1.6011914014816284,-0.28285086154937744
2049,10152.0,1.0,-0.6130600571632385,-0.13447512686252594
2050,10153.0,1.0,-0.4613640606403351,-0.11169677972793579
2051,10158.0,1.0,-1.4809333086013794,-0.26479315757751465
2052,10170.0,1.0,-1.7696518898010254,-0.30814653635025024
2053,10173.0,1.0,-1.100975513458252,-0.20773950219154358
2054,10178.0,1.0,-0.19446545839309692,-0.07161983847618103
2055,10185.0,1.0,-1.2730244398117065,-0.2335740178823471
2056,10186.0,1.0,-1.0890586376190186,-0.20595009624958038
2057,10203.0,1.0,-1.7020138502120972,-0.2979901432991028
2058,10206.0,1.0,-2.6022026538848877,-0.4331606328487396
2059,10210.0,0.0,0.3917553126811981,-0.2974250614643097
2060,10214.0,1.0,-1.8640469312667847,-0.32232069969177246
2061,10218.0,1.0,-1.4085201025009155,-0.2539197504520416
2062,10221.0,0.0,0.052953459322452545,-0.03446792811155319
2063,10232.0,1.0,-1.7937037944793701,-0.3117581307888031
2064,10243.0,1.0,-0.7116151452064514,-0.14927394688129425
2065,10249.0,1.0,-0.7144565582275391,-0.1497006118297577
2066,10252.0,1.0,-0.43649905920028687,-0.10796310007572174
2067,10261.0,0.0,1.329286813735962,-1.0286210775375366
2068,10269.0,1.0,-1.4124754667282104,-0.254513680934906
2069,10271.0,1.0,-3.4508602619171143,-0.56059330701828
2070,10272.0,1.0,-1.4625638723373413,-0.2620348334312439
2071,10280.0,1.0,-0.2331964671611786,-0.09146882593631744
2072,10285.0,1.0,-28.186962127685547,-4.274914741516113
2073,10287.0,1.0,-1.1108790636062622,-0.209226593375206
2074,10292.0,1.0,-1.8026295900344849,-0.31309840083122253
2075,10301.0,1.0,-1.7474267482757568,-0.30480924248695374
2076,10302.0,1.0,-0.7124568223953247,-0.14940033853054047
2077,10313.0,1.0,-23.705936431884766,-3.602053165435791
2078,10319.0,1.0,-1.5411869287490845,-0.2738407254219055
2079,10321.0,1.0,-2.6957662105560303,-0.4472099542617798
2080,10322.0,1.0,-1.2886793613433838,-0.23592472076416016
2081,10328.0,1.0,-1.3707962036132812,-0.24825520813465118
2082,10331.0,1.0,-1.3401126861572266,-0.24364782869815826
2083,10336.0,1.0,-1.1724284887313843,-0.21846872568130493
2084,10342.0,1.0,-2.6807165145874023,-0.4449501037597656
2085,10351.0,0.0,0.3611197769641876,-0.2735319435596466
2086,10354.0,0.0,0.8548689484596252,-0.6586148738861084
2087,10355.0,1.0,-1.4337049722671509,-0.25770145654678345
2088,10377.0,1.0,-2.8223798274993896,-0.46622195839881897
2089,10378.0,0.0,0.028085701167583466,-0.15564373135566711
2090,10384.0,1.0,-1.1983466148376465,-0.2223605513572693
2091,10389.0,1.0,-1.7867164611816406,-0.3107089102268219
2092,10392.0,1.0,-2.4552645683288574,-0.4110967218875885
2093,10403.0,1.0,-0.8853753805160522,-0.17536543309688568
2094,10408.0,1.0,-0.845053493976593,-0.1693107783794403
2095,10413.0,1.0,-0.10671568661928177,-0.09614218771457672
2096,10414.0,1.0,-0.4958190619945526,-0.1168704628944397
2097,10422.0,1.0,-0.6707979440689087,-0.14314492046833038
2098,10433.0,1.0,-1.7379552125930786,-0.3033870458602905
2099,10442.0,0.0,0.054329536855220795,-0.034261297434568405
2100,10452.0,1.0,-24.813194274902344,-3.7683167457580566
2101,10455.0,1.0,-1.744991660118103,-0.3044435977935791
2102,10457.0,1.0,-0.32613053917884827,-0.09139039367437363
2103,10458.0,0.0,0.054329536855220795,-0.034261297434568405
2104,10468.0,0.0,0.3341013789176941,-0.252459853887558
2105,10470.0,1.0,-0.5003529191017151,-0.11755125224590302
2106,10473.0,1.0,-1.5213243961334229,-0.27085819840431213
2107,10483.0,1.0,-1.248763918876648,-0.22993110120296478
2108,10485.0,1.0,-1.3905788660049438,-0.2512257397174835
2109,10497.0,1.0,-1.5453623533248901,-0.27446770668029785
2110,10500.0,0.0,1.254117488861084,-0.9699952006340027
2111,10501.0,1.0,-1.490833044052124,-0.2662796974182129
2112,10503.0,1.0,-23.392436981201172,-3.554978847503662
2113,10504.0,1.0,-27.64853286743164,-4.194065093994141
2114,10515.0,1.0,-0.8181086778640747,-0.1652648001909256
2115,10519.0,1.0,-2.37194561958313,-0.3985857367515564
2116,10523.0,0.0,1.4262412786483765,-1.10423743724823
2117,10524.0,1.0,-0.0794786736369133,-0.054353661835193634
2118,10527.0,1.0,-2.289154529571533,-0.3861539959907532
2119,10530.0,0.0,0.054329536855220795,-0.034261297434568405
2120,10536.0,1.0,-0.23130649328231812,-0.1278700828552246
2121,10548.0,0.0,0.18670380115509033,-0.13750211894512177
2122,10549.0,1.0,-1.0395970344543457,-0.19852304458618164
2123,10553.0,1.0,-1.0130494832992554,-0.1945367157459259
2124,10555.0,1.0,-1.375630497932434,-0.24898111820220947
2125,10559.0,1.0,-0.2050570845603943,-0.07321025431156158
2126,10560.0,1.0,-0.22054290771484375,-0.07553557306528091
2127,10563.0,0.0,0.054329536855220795,-0.034261297434568405
2128,10568.0,1.0,-2.3336408138275146,-0.392833948135376
2129,10574.0,1.0,-0.25015339255332947,-0.07998181879520416
2130,10583.0,1.0,-1.555105447769165,-0.2759307026863098
2131,10585.0,1.0,-1.6980178356170654,-0.2973901033401489
2132,10591.0,1.0,-0.9462473392486572,-0.18450585007667542
2133,10594.0,1.0,-2.203303098678589,-0.3732627332210541
2134,10603.0,0.0,0.054329536855220795,-0.034261297434568405
2135,10607.0,1.0,-1.365355372428894,-0.2474382221698761
2136,10608.0,1.0,-1.1606978178024292,-0.2167072743177414
2137,10609.0,1.0,-1.8897194862365723,-0.32617563009262085
2138,10616.0,1.0,-1.049391269683838,-0.19999372959136963
2139,10635.0,0.0,-0.01692875474691391,-0.044961296021938324
2140,10636.0,1.0,-2.3801963329315186,-0.3998246192932129
2141,10637.0,1.0,-1.7766681909561157,-0.30920010805130005
2142,10642.0,0.0,0.054329536855220795,-0.034261297434568405
2143,10643.0,1.0,-0.5283300876617432,-0.12175224721431732
2144,10646.0,1.0,-1.3190187215805054,-0.24048040807247162
2145,10657.0,1.0,-23.575164794921875,-3.5824167728424072
2146,10658.0,1.0,-0.7377504706382751,-0.15319837629795074
2147,10660.0,0.0,0.651136040687561,-0.4997203052043915
2148,10662.0,1.0,-1.2004472017288208,-0.22267596423625946
2149,10666.0,0.0,0.054329536855220795,-0.034261297434568405
2150,10667.0,1.0,-1.4985978603363037,-0.2674456238746643
2151,10668.0,1.0,-0.218561589717865,-0.07523806393146515
2152,10674.0,1.0,-2.8958771228790283,-0.47725820541381836
2153,10675.0,1.0,-1.7344573736190796,-0.3028618097305298
2154,10676.0,1.0,-1.005603313446045,-0.19341860711574554
2155,10677.0,1.0,-0.694273829460144,-0.14667001366615295
2156,10678.0,1.0,-0.7834187150001526,-0.16005583107471466
2157,10681.0,1.0,-22.20342445373535,-3.376439094543457
2158,10698.0,1.0,-0.36438360810279846,-0.21477010846138
2159,10707.0,1.0,-2.370192289352417,-0.3983224630355835
2160,10710.0,1.0,-23.5950984954834,-3.5854098796844482
2161,10713.0,1.0,-0.635291337966919,-0.13781332969665527
2162,10714.0,0.0,0.391655832529068,-0.2973474860191345
2163,10716.0,1.0,-1.1653327941894531,-0.21740326285362244
2164,10723.0,0.0,0.054329536855220795,-0.034261297434568405
2165,10725.0,0.0,0.42497724294662476,-0.3233354091644287
2166,10727.0,1.0,-26.826372146606445,-4.070611000061035
2167,10728.0,1.0,-1.983730435371399,-0.3402921259403229
2168,10729.0,1.0,-1.1100690364837646,-0.2091049700975418
2169,10736.0,1.0,-0.726427435874939,-0.15149813890457153
2170,10742.0,1.0,-0.7885349988937378,-0.16082407534122467
2171,10750.0,1.0,-1.6949036121368408,-0.2969224750995636
2172,10751.0,1.0,-1.351728916168213,-0.2453921139240265
2173,10752.0,1.0,-0.731677770614624,-0.15228651463985443
2174,10754.0,1.0,-1.4068522453308105,-0.25366929173469543
2175,10761.0,0.0,0.054329536855220795,-0.034261297434568405
2176,10762.0,1.0,-0.47104838490486145,-0.113150954246521
2177,10763.0,0.0,0.054329536855220795,-0.034261297434568405
2178,10768.0,0.0,0.6856027841567993,-0.5266014933586121
2179,10770.0,1.0,-19.66229820251465,-2.9948689937591553
2180,10773.0,1.0,-1.341251015663147,-0.24381877481937408
2181,10783.0,1.0,-1.0009269714355469,-0.19271641969680786
2182,10784.0,1.0,-1.56718909740448,-0.27774515748023987
2183,10811.0,1.0,-0.2532115876674652,-0.08044103533029556
2184,10812.0,1.0,-0.38742998242378235,-0.10059498250484467
2185,10818.0,1.0,-2.0990264415740967,-0.3576047420501709
2186,10828.0,1.0,-0.32755038142204285,-0.0916035920381546
2187,10829.0,1.0,-2.225468873977661,-0.3765910863876343
2188,10844.0,1.0,-1.4140278100967407,-0.25474676489830017
2189,10849.0,1.0,-0.31288352608680725,-0.0894012451171875
2190,10853.0,1.0,-1.1283448934555054,-0.21184922754764557
2191,10865.0,1.0,-1.4065800905227661,-0.2536284327507019
2192,10877.0,1.0,-0.7674027681350708,-0.1576509028673172
2193,10892.0,1.0,-1.0891276597976685,-0.2059604525566101
2194,10895.0,1.0,-1.709963321685791,-0.29918381571769714
2195,10901.0,1.0,-0.7467892169952393,-0.15455561876296997
2196,10902.0,1.0,-0.5508092641830444,-0.1251276731491089
2197,10905.0,1.0,-0.45836135745048523,-0.11124588549137115
2198,10907.0,1.0,-1.9326361417770386,-0.33261990547180176
2199,10914.0,0.0,1.3390798568725586,-1.0362586975097656
2200,10917.0,1.0,-1.4277774095535278,-0.25681138038635254
2201,10918.0,1.0,-2.489999294281006,-0.41631239652633667
2202,10922.0,1.0,-1.317275047302246,-0.24021859467029572
2203,10932.0,1.0,-1.4289462566375732,-0.2569868862628937
2204,10933.0,1.0,-0.2597084939479828,-0.08141659200191498
2205,10935.0,1.0,-2.5602529048919678,-0.42686158418655396
2206,10944.0,1.0,-0.9797179698944092,-0.18953172862529755
2207,10948.0,1.0,-0.2629585862159729,-0.08190461993217468
2208,10952.0,1.0,-0.5589532852172852,-0.12635056674480438
2209,10953.0,1.0,-2.704371690750122,-0.4485021233558655
2210,10954.0,1.0,-2.5103888511657715,-0.4193740785121918
2211,10960.0,0.0,1.3799654245376587,-1.0681461095809937
2212,10963.0,1.0,-1.4560991525650024,-0.2610641121864319
2213,10977.0,1.0,-0.6768907308578491,-0.14405980706214905
2214,10978.0,1.0,-2.6226532459259033,-0.43623146414756775
2215,10981.0,1.0,-1.6221699714660645,-0.28600096702575684
2216,10988.0,1.0,-2.0184473991394043,-0.34550514817237854
2217,10990.0,1.0,-0.4753853380680084,-0.11380217969417572
2218,10991.0,1.0,-0.057080574333667755,-0.05099041014909744
2219,10992.0,1.0,-1.7781169414520264,-0.30941763520240784
2220,10998.0,1.0,-2.0958664417266846,-0.3571302592754364
2221,11008.0,1.0,-1.1117854118347168,-0.2093627005815506
2222,11016.0,1.0,-1.1763774156570435,-0.2190616875886917
2223,11028.0,1.0,-2.030343770980835,-0.3472915291786194
2224,11030.0,1.0,-1.6700173616409302,-0.29318562150001526
2225,11031.0,1.0,-1.3660813570022583,-0.2475472390651703
2226,11035.0,0.0,0.07262514531612396,-0.04853033646941185
2227,11037.0,0.0,0.43372440338134766,-0.33015742897987366
2228,11039.0,1.0,-0.36094048619270325,-0.09661738574504852
2229,11041.0,1.0,-2.0540049076080322,-0.3508444130420685
2230,11044.0,1.0,-0.9839626550674438,-0.1901690810918808
2231,11052.0,0.0,0.1336500644683838,-0.09612464904785156
2232,11054.0,0.0,-0.0102524533867836,-0.043958794325590134
2233,11057.0,1.0,-1.9146902561187744,-0.32992520928382874
2234,11073.0,1.0,-1.5442214012145996,-0.274296373128891
2235,11077.0,1.0,-1.663124680519104,-0.2921506464481354
2236,11078.0,1.0,-2.2381269931793213,-0.3784918189048767
2237,11081.0,0.0,0.054329536855220795,-0.034261297434568405
2238,11082.0,0.0,0.054329536855220795,-0.034261297434568405
2239,11085.0,1.0,-24.756084442138672,-3.7597413063049316
2240,11098.0,1.0,-1.1903895139694214,-0.2211657166481018
2241,11101.0,1.0,-1.036402940750122,-0.19804342091083527
2242,11108.0,1.0,-24.422182083129883,-3.7096030712127686
2243,11109.0,1.0,-0.39785486459732056,-0.10216036438941956
2244,11113.0,1.0,-0.606734037399292,-0.13352522253990173
2245,11116.0,1.0,-0.4926522672176361,-0.11639495193958282
2246,11141.0,1.0,-26.57231330871582,-4.0324625968933105
2247,11169.0,1.0,-2.0295865535736084,-0.34717780351638794
2248,11181.0,1.0,-1.6181509494781494,-0.285397469997406
2249,11182.0,1.0,-1.531662940979004,-0.27241063117980957
2250,11194.0,1.0,-1.5778144598007202,-0.2793406546115875
2251,11195.0,1.0,-2.0036520957946777,-0.3432835340499878
2252,11197.0,1.0,-2.3069193363189697,-0.3888215124607086
2253,11204.0,0.0,0.6118103265762329,-0.4690495431423187
2254,11208.0,1.0,-1.456223726272583,-0.26108282804489136
2255,11212.0,1.0,-0.24016019701957703,-0.0784812644124031
2256,11213.0,0.0,-0.04645457863807678,-0.10725542902946472
2257,11215.0,1.0,-1.1655877828598022,-0.21744154393672943
2258,11216.0,0.0,0.8580434322357178,-0.6610907316207886
2259,11229.0,0.0,0.054329536855220795,-0.034261297434568405
2260,11233.0,0.0,0.8136094212532043,-0.6264358758926392
2261,11235.0,1.0,-2.008768081665039,-0.3440517485141754
2262,11238.0,1.0,-0.509591817855835,-0.11893855035305023
2263,11241.0,1.0,-0.8511225581169128,-0.17022210359573364
2264,11243.0,0.0,0.8572031259536743,-0.6604353189468384
2265,11252.0,0.0,0.9367750883102417,-0.7224947810173035
2266,11266.0,1.0,-1.7278547286987305,-0.30187034606933594
2267,11270.0,0.0,0.18983668088912964,-0.13994549214839935
2268,11271.0,1.0,-1.3670450448989868,-0.24769195914268494
2269,11272.0,1.0,-1.7620213031768799,-0.3070007562637329
2270,11280.0,1.0,-0.9077582359313965,-0.17872639000415802
2271,11281.0,0.0,0.1796775758266449,-0.13202224671840668
2272,11285.0,1.0,-1.4712814092636108,-0.26334384083747864
2273,11295.0,0.0,1.2705914974212646,-0.9828435778617859
2274,11301.0,1.0,-1.9311449527740479,-0.332396000623703
2275,11306.0,1.0,-0.6559513807296753,-0.14091560244560242
2276,11312.0,1.0,-1.323944330215454,-0.24122002720832825
2277,11327.0,1.0,-23.98727035522461,-3.6442978382110596
2278,11329.0,1.0,-1.753041386604309,-0.30565235018730164
2279,11344.0,1.0,-25.437246322631836,-3.862023115158081
2280,11348.0,1.0,-0.10879842191934586,-0.058756254613399506
2281,11350.0,1.0,-1.368567943572998,-0.24792061746120453
2282,11351.0,0.0,0.3410578966140747,-0.2578853666782379
2283,11356.0,1.0,-0.60015469789505,-0.13253729045391083
2284,11358.0,1.0,-0.8971143364906311,-0.1771281212568283
2285,11361.0,1.0,-27.16546058654785,-4.121528148651123
2286,11390.0,1.0,-1.185407280921936,-0.22041760385036469
2287,11395.0,1.0,-1.7042522430419922,-0.2983262538909912
2288,11397.0,1.0,-0.4159260392189026,-0.1048738956451416
2289,11398.0,0.0,0.48396456241607666,-0.36934053897857666
2290,11404.0,1.0,-29.984342575073242,-4.544805526733398
2291,11414.0,1.0,-2.050562858581543,-0.3503275513648987
2292,11418.0,0.0,-0.046590499579906464,-0.049415238201618195
2293,11427.0,1.0,-25.151031494140625,-3.8190457820892334
2294,11437.0,1.0,-0.9834113121032715,-0.19008630514144897
2295,11450.0,1.0,-0.9900921583175659,-0.25223520398139954
2296,11455.0,1.0,-0.4377298355102539,-0.10814790427684784
2297,11463.0,0.0,0.831719160079956,-0.8050278425216675
2298,11474.0,1.0,-0.6470655798912048,-0.1395813226699829
2299,11475.0,1.0,-1.6511839628219604,-0.29035764932632446
2300,11479.0,0.0,0.1289888322353363,-0.09248928725719452
2301,11489.0,1.0,-27.440881729125977,-4.162884712219238
2302,11494.0,0.0,0.054329536855220795,-0.034261297434568405
2303,11503.0,1.0,-1.468390941619873,-0.26290982961654663
2304,11506.0,1.0,-1.8789458274841309,-0.324557900428772
2305,11517.0,1.0,-1.8429890871047974,-0.3191587030887604
2306,11550.0,1.0,-2.180248737335205,-0.3698009252548218
2307,11555.0,1.0,-1.161294937133789,-0.21679694950580597
2308,11556.0,1.0,-24.154361724853516,-3.6693878173828125
2309,11559.0,1.0,-2.109912157058716,-0.3592393398284912
2310,11564.0,1.0,-1.9308767318725586,-0.3323557376861572
2311,11568.0,1.0,-1.978294014930725,-0.3394757807254791
2312,11573.0,1.0,-21.26294708251953,-3.2352190017700195
2313,11575.0,1.0,-2.942500114440918,-0.4842590093612671
2314,11577.0,1.0,-29.9281005859375,-4.536360263824463
2315,11581.0,1.0,-1.0656012296676636,-0.20242777466773987
2316,11585.0,1.0,-1.0997672080993652,-0.2075580507516861
2317,11591.0,1.0,-0.5790533423423767,-0.12936875224113464
2318,11596.0,0.0,0.20060208439826965,-0.1483416110277176
2319,11598.0,1.0,-0.987966775894165,-0.19077034294605255
2320,11604.0,0.0,0.054329536855220795,-0.034261297434568405
2321,11607.0,1.0,-0.32420259714126587,-0.09110089391469955
2322,11612.0,0.0,0.054329536855220795,-0.034261297434568405
2323,11614.0,0.0,0.054329536855220795,-0.034261297434568405
2324,11617.0,1.0,-1.3580782413482666,-0.24634552001953125
2325,11618.0,1.0,-0.8677219748497009,-0.17271463572978973
2326,11620.0,1.0,-0.7984210252761841,-0.16230854392051697
2327,11621.0,1.0,-1.6259156465530396,-0.2865633964538574
2328,11623.0,1.0,-1.5603692531585693,-0.2767210900783539
2329,11636.0,1.0,-0.8364871144294739,-0.1680244654417038
2330,11637.0,1.0,-3.893768072128296,-0.6270993947982788
2331,11645.0,1.0,-29.854480743408203,-4.52530574798584
2332,11651.0,1.0,-2.8597540855407715,-0.4718340337276459
2333,11662.0,1.0,-24.487506866455078,-3.719412326812744
2334,11669.0,1.0,-2.6904337406158447,-0.4464092254638672
2335,11670.0,1.0,-1.3415714502334595,-0.24386687576770782
2336,11672.0,1.0,-0.5081732273101807,-0.11872553825378418
2337,11673.0,1.0,-0.1301848292350769,-0.06196758896112442
2338,11674.0,1.0,-0.1764778196811676,-0.0689188539981842
2339,11680.0,1.0,-2.7038047313690186,-0.4484170079231262
2340,11689.0,1.0,-1.3639631271362305,-0.2472291737794876
2341,11703.0,0.0,-0.06696729362010956,-0.14909425377845764
2342,11710.0,1.0,-1.0227570533752441,-0.19599437713623047
2343,11713.0,1.0,-2.1862058639526367,-0.37069544196128845
2344,11722.0,0.0,0.20216739177703857,-0.14956241846084595
2345,11724.0,0.0,0.054329536855220795,-0.034261297434568405
2346,11725.0,1.0,-0.7666684985160828,-0.15754064917564392
2347,11732.0,1.0,-1.5743883848190308,-0.27882617712020874
2348,11742.0,1.0,-2.7872865200042725,-0.46095243096351624
2349,11746.0,0.0,0.28061673045158386,-0.21074633300304413
2350,11757.0,1.0,-1.1284558773040771,-0.2118658870458603
2351,11765.0,1.0,-2.004272222518921,-0.34337666630744934
2352,11767.0,1.0,-1.3149876594543457,-0.23987512290477753
2353,11777.0,1.0,-0.1771882176399231,-0.06902552396059036
2354,11781.0,1.0,-1.1390880346298218,-0.21346239745616913
2355,11787.0,0.0,1.6586815118789673,-1.2855212688446045
2356,11789.0,1.0,-1.6492220163345337,-0.2900630235671997
2357,11791.0,1.0,-2.0036978721618652,-0.34329038858413696
2358,11795.0,1.0,-0.950705885887146,-0.1851753145456314
2359,11800.0,1.0,-1.7868233919143677,-0.31072497367858887
2360,11808.0,1.0,-2.272562026977539,-0.38366249203681946
2361,11809.0,1.0,-28.9630184173584,-4.391445636749268
2362,11811.0,1.0,-27.244739532470703,-4.133432388305664
2363,11813.0,0.0,0.5747785568237305,-0.4401678442955017
2364,11817.0,1.0,-0.3093319237232208,-0.08886794745922089
2365,11819.0,1.0,-1.8320772647857666,-0.3175202012062073
2366,11823.0,1.0,-2.2718381881713867,-0.38355380296707153
2367,11824.0,1.0,-0.8997137546539307,-0.17751845717430115
2368,11826.0,1.0,-0.48255398869514465,-0.11487860977649689
2369,11827.0,1.0,-0.9459569454193115,-0.18446221947669983
2370,11828.0,1.0,-0.21534138917922974,-0.07475452125072479
2371,11842.0,1.0,-26.901981353759766,-4.081964492797852
2372,11844.0,1.0,-0.4816810190677643,-0.11474752426147461
2373,11847.0,1.0,-26.102310180664062,-3.9618875980377197
2374,11866.0,0.0,0.054329536855220795,-0.034261297434568405
2375,11867.0,0.0,0.049311455339193344,-0.0350148007273674
2376,11868.0,1.0,-0.9582459926605225,-0.18630753457546234
2377,11870.0,1.0,-0.3841792047023773,-0.1001068502664566
2378,11875.0,1.0,-2.702131986618042,-0.4481658339500427
2379,11876.0,1.0,-0.6532312035560608,-0.14050714671611786
2380,11882.0,1.0,-0.5736683011054993,-0.1285601407289505
2381,11888.0,1.0,-2.9576761722564697,-0.4865378141403198
2382,11889.0,1.0,-1.07827889919281,-0.2043314129114151
2383,11891.0,1.0,-0.4805348813533783,-0.23676781356334686
2384,11896.0,1.0,-1.2815271615982056,-0.23485076427459717
2385,11901.0,0.0,0.3615265190601349,-0.27384915947914124
2386,11906.0,1.0,-1.5737814903259277,-0.27873504161834717
2387,11908.0,0.0,0.1954372227191925,-0.14431345462799072
2388,11912.0,1.0,-1.3335903882980347,-0.24266846477985382
2389,11913.0,1.0,-1.6471415758132935,-0.2897506356239319
2390,11917.0,1.0,-0.889628529548645,-0.1760040819644928
2391,11920.0,1.0,-1.452465534210205,-0.26051849126815796
2392,11924.0,1.0,-1.561066746711731,-0.27682581543922424
2393,11929.0,1.0,-28.917316436767578,-4.384582996368408
2394,11930.0,1.0,-1.3007158041000366,-0.23773209750652313
2395,11934.0,1.0,-28.305809020996094,-4.292760372161865
2396,11939.0,1.0,-0.4784751236438751,-0.3039003014564514
2397,11940.0,1.0,-22.570356369018555,-3.431536912918091
2398,11948.0,1.0,-0.791689395904541,-0.1612977385520935
2399,11956.0,1.0,-0.0566072016954422,-0.05091932788491249
2400,11957.0,1.0,-1.5092976093292236,-0.26905229687690735
2401,11961.0,0.0,-0.04353819787502289,-0.04895691201090813
2402,11968.0,1.0,-0.20417189598083496,-0.07307733595371246
2403,11975.0,1.0,-2.2594900131225586,-0.3816996216773987
2404,11977.0,0.0,0.11198790371417999,-0.07922998070716858
2405,11986.0,1.0,-0.9954100847244263,-0.1918880194425583
2406,11988.0,1.0,-1.542606234550476,-0.2740538418292999
2407,11994.0,0.0,1.4934855699539185,-1.1566823720932007
2408,11999.0,0.0,0.5276506543159485,-0.4034120738506317
2409,12002.0,0.0,0.07756616175174713,-0.0870371162891388
2410,12007.0,1.0,-0.6934049129486084,-0.14653953909873962
2411,12032.0,1.0,-2.0996952056884766,-0.35770517587661743
2412,12038.0,1.0,-1.2918845415115356,-0.23640599846839905
2413,12042.0,1.0,-0.6494194865226746,-0.13993477821350098
2414,12046.0,1.0,-0.5395037531852722,-0.13109947741031647
2415,12050.0,1.0,-1.4820204973220825,-0.26495641469955444
2416,12053.0,0.0,0.5051644444465637,-0.3858746886253357
2417,12063.0,1.0,-2.8040711879730225,-0.46347281336784363
2418,12088.0,1.0,-1.531287670135498,-0.27235427498817444
2419,12091.0,1.0,-1.1037614345550537,-0.20815782248973846
2420,12096.0,1.0,-1.027903437614441,-0.1967671513557434
2421,12101.0,1.0,-1.1214746236801147,-0.2108176052570343
2422,12103.0,1.0,-1.861108422279358,-0.32187947630882263
2423,12104.0,1.0,-1.8562047481536865,-0.32114315032958984
2424,12107.0,1.0,-0.5925554037094116,-0.13139618933200836
2425,12113.0,1.0,-1.2550017833709717,-0.23086775839328766
2426,12123.0,1.0,-1.420088291168213,-0.25565680861473083
2427,12132.0,1.0,-1.238277554512024,-0.2283564805984497
2428,12137.0,1.0,-23.936594009399414,-3.636688232421875
2429,12148.0,1.0,-1.5298506021499634,-0.27213847637176514
2430,12160.0,1.0,-1.1750305891036987,-0.2188594490289688
2431,12168.0,1.0,-2.528338670730591,-0.42206940054893494
2432,12171.0,1.0,-0.49648717045783997,-0.11697079241275787
2433,12173.0,1.0,-0.982388973236084,-0.18993279337882996
2434,12180.0,0.0,0.5700164437294006,-0.43645381927490234
2435,12181.0,1.0,-31.042823791503906,-4.703744888305664
2436,12194.0,1.0,-0.7231963276863098,-0.15101295709609985
2437,12195.0,1.0,-0.49386951327323914,-0.11657772958278656
2438,12201.0,1.0,-28.582923889160156,-4.334371566772461
2439,12202.0,1.0,-1.0893187522888184,-0.20598913729190826
2440,12207.0,0.0,0.5724385380744934,-0.4383428394794464
2441,12216.0,0.0,1.0746382474899292,-0.8300164937973022
2442,12218.0,1.0,-1.994247317314148,-0.34187132120132446
2443,12225.0,1.0,-1.4367132186889648,-0.25815317034721375
2444,12228.0,1.0,-1.1931108236312866,-0.2215743511915207
2445,12236.0,1.0,-0.9983712434768677,-0.1923326551914215
2446,12237.0,0.0,0.3226560056209564,-0.2435334175825119
2447,12242.0,1.0,-1.5145729780197144,-0.2698444426059723
2448,12248.0,1.0,-1.3794829845428467,-0.24955959618091583
2449,12250.0,1.0,-1.2331039905548096,-0.22757963836193085
2450,12258.0,1.0,-0.15233996510505676,-0.06529435515403748
2451,12266.0,1.0,-0.8960365056991577,-0.17696627974510193
2452,12270.0,1.0,-0.3759353458881378,-0.09886898100376129
2453,12271.0,1.0,-1.0794174671173096,-0.2045023888349533
2454,12280.0,1.0,-1.7440420389175415,-0.30430102348327637
2455,12281.0,0.0,0.49843478202819824,-0.3806261122226715
2456,12290.0,1.0,-0.8489586114883423,-0.1698971688747406
2457,12291.0,1.0,-29.216964721679688,-4.429577827453613
2458,12292.0,1.0,-2.126560926437378,-0.36173924803733826
2459,12293.0,0.0,0.10731159895658493,-0.12783309817314148
2460,12297.0,1.0,-1.204024314880371,-0.2232130914926529
2461,12300.0,1.0,-1.3005317449569702,-0.23770444095134735
2462,12301.0,0.0,0.6872038245201111,-0.5278501510620117
2463,12315.0,1.0,-0.5680835247039795,-0.12772154808044434
2464,12320.0,1.0,-24.67510414123535,-3.7475814819335938
2465,12325.0,1.0,-1.7709877490997314,-0.30834710597991943
2466,12330.0,1.0,-2.6632728576660156,-0.44233080744743347
2467,12334.0,1.0,-26.865684509277344,-4.076514720916748
2468,12337.0,0.0,0.4218900799751282,-0.3209276497364044
2469,12342.0,1.0,-2.168588161468506,-0.3680500090122223
2470,12345.0,0.0,0.054329536855220795,-0.034261297434568405
2471,12347.0,1.0,-1.0514219999313354,-0.20029863715171814
2472,12349.0,1.0,-1.969868540763855,-0.3382106423377991
2473,12350.0,0.0,0.20784679055213928,-0.27367499470710754
2474,12352.0,1.0,-0.9696232080459595,-0.1880159080028534
2475,12353.0,0.0,0.9272847771644592,-0.7150931358337402
2476,12355.0,1.0,-1.5593504905700684,-0.27656811475753784
2477,12358.0,1.0,-2.003796100616455,-0.34330517053604126
2478,12363.0,1.0,-1.6866625547409058,-0.2956850528717041
2479,12364.0,1.0,-1.1346864700317383,-0.2128014713525772
2480,12367.0,0.0,0.054329536855220795,-0.034261297434568405
2481,12369.0,1.0,-1.6091058254241943,-0.28403928875923157
2482,12373.0,1.0,-3.1354312896728516,-0.5132291913032532
2483,12377.0,1.0,-2.3181986808776855,-0.39051520824432373
2484,12389.0,1.0,-0.9832085371017456,-0.19005584716796875
2485,12395.0,1.0,-1.9635401964187622,-0.3372603952884674
2486,12399.0,1.0,-3.840367555618286,-0.6190809011459351
2487,12400.0,0.0,1.1512154340744019,-0.8897402882575989
2488,12404.0,1.0,-0.1327555775642395,-0.06235361099243164
2489,12409.0,1.0,-0.3394567668437958,-0.09339143335819244
2490,12411.0,0.0,0.6835084557533264,-0.5249680876731873
2491,12414.0,0.0,1.1167867183685303,-0.862888753414154
2492,12415.0,1.0,-1.8405795097351074,-0.31879687309265137
2493,12420.0,1.0,-1.0049974918365479,-0.1933276355266571
2494,12423.0,0.0,-0.007470935583114624,-0.07222000509500504
2495,12426.0,1.0,-1.9030828475952148,-0.32818225026130676
2496,12429.0,1.0,-0.4202158451080322,-0.10551804304122925
2497,12439.0,1.0,-1.773207187652588,-0.30868038535118103
2498,12440.0,1.0,-1.2728379964828491,-0.23354601860046387
2499,12445.0,1.0,-2.227029323577881,-0.37682539224624634
2500,12447.0,1.0,-1.0539743900299072,-0.2006819099187851
2501,12448.0,1.0,-2.477505922317505,-0.4144364297389984
2502,12468.0,0.0,0.0730048269033432,-0.13991892337799072
2503,12469.0,1.0,-0.7348200082778931,-0.15275834500789642
2504,12473.0,0.0,-0.010775379836559296,-0.044037315994501114
2505,12476.0,1.0,-0.9835860729217529,-0.19011253118515015
2506,12478.0,0.0,0.054329536855220795,-0.034261297434568405
2507,12481.0,1.0,-2.211982488632202,-0.3745660185813904
2508,12486.0,1.0,-1.4128637313842773,-0.25457197427749634
2509,12493.0,1.0,-0.6304189562797546,-0.13708171248435974
2510,12494.0,1.0,-0.16853466629981995,-0.06772612035274506
2511,12495.0,1.0,-1.8667712211608887,-0.32272976636886597
2512,12498.0,1.0,-1.4327901601791382,-0.25756409764289856
2513,12506.0,1.0,-2.6466946601867676,-0.43984147906303406
2514,12515.0,1.0,-1.1787766218185425,-0.21942195296287537
2515,12516.0,0.0,0.054329536855220795,-0.034261297434568405
2516,12517.0,1.0,-1.6355950832366943,-0.2880168557167053
2517,12524.0,1.0,-2.9058685302734375,-0.47875848412513733
2518,12529.0,1.0,-1.1228137016296387,-0.21101868152618408
2519,12531.0,1.0,-1.0893285274505615,-0.20599061250686646
2520,12533.0,1.0,-1.1642892360687256,-0.21724656224250793
2521,12540.0,1.0,-2.915915012359619,-0.4802670478820801
2522,12541.0,1.0,-22.262348175048828,-3.385287046432495
2523,12542.0,1.0,-1.038735032081604,-0.19839359819889069
2524,12550.0,1.0,-0.7660773992538452,-0.15745188295841217
2525,12562.0,0.0,0.054329536855220795,-0.034261297434568405
2526,12565.0,0.0,0.054329536855220795,-0.034261297434568405
2527,12569.0,1.0,-1.6431200504302979,-0.2891467809677124
2528,12571.0,1.0,-1.911663293838501,-0.3294706642627716
2529,12573.0,1.0,-0.8128029704093933,-0.16446810960769653
2530,12574.0,1.0,-0.5342733860015869,-0.12264467775821686
2531,12577.0,1.0,-2.8578038215637207,-0.471541166305542
2532,12590.0,1.0,-5.029821395874023,-0.797686755657196
2533,12591.0,1.0,-25.509565353393555,-3.872882604598999
2534,12595.0,1.0,-1.9076156616210938,-0.32886287569999695
2535,12597.0,0.0,1.9246922731399536,-1.4929873943328857
2536,12602.0,1.0,-23.35795021057129,-3.549800157546997
2537,12603.0,1.0,-0.6868619918823242,-0.21264100074768066
2538,12621.0,1.0,-1.3384488821029663,-0.24339799582958221
2539,12622.0,1.0,-2.719418525695801,-0.4507615566253662
2540,12625.0,1.0,-2.285158395767212,-0.38555392622947693
2541,12630.0,1.0,-3.0763468742370605,-0.5043571591377258
2542,12633.0,1.0,-0.6790415644645691,-0.1443827748298645
2543,12635.0,1.0,-2.323721408843994,-0.39134448766708374
2544,12660.0,1.0,-2.2334043979644775,-0.3777826726436615
2545,12661.0,1.0,-25.670551300048828,-3.8970556259155273
2546,12670.0,0.0,0.26212769746780396,-0.19632641971111298
2547,12680.0,0.0,0.27420148253440857,-0.2057429701089859
2548,12681.0,1.0,-27.44182777404785,-4.163026809692383
2549,12685.0,0.0,0.054329536855220795,-0.034261297434568405
2550,12694.0,1.0,-1.4603196382522583,-0.2616978585720062
2551,12697.0,1.0,-0.8653634190559387,-0.17236047983169556
2552,12698.0,1.0,-0.8628551363945007,-0.17198383808135986
2553,12699.0,1.0,-0.4272267520427704,-0.10657079517841339
2554,12703.0,1.0,-0.8275835514068604,-0.16668753325939178
2555,12709.0,0.0,0.6496193408966064,-0.4985373914241791
2556,12712.0,1.0,-1.4050276279449463,-0.25339531898498535
2557,12719.0,1.0,-1.3201651573181152,-0.24065256118774414
2558,12721.0,1.0,-1.1692403554916382,-0.21799001097679138
2559,12723.0,1.0,-23.18426513671875,-3.5237202644348145
2560,12736.0,0.0,0.18328529596328735,-0.13483597338199615
2561,12743.0,1.0,-0.7699391841888428,-0.15803176164627075
2562,12746.0,1.0,-2.119767427444458,-0.3607191741466522
2563,12753.0,1.0,-1.7579013109207153,-0.30638208985328674
2564,12761.0,1.0,-1.7366539239883423,-0.3031916320323944
2565,12762.0,1.0,-0.10032879561185837,-0.057484470307826996
2566,12764.0,1.0,-2.1474626064300537,-0.364877849817276
2567,12770.0,1.0,-1.6940858364105225,-0.2967996895313263
2568,12771.0,1.0,-0.3946538269519806,-0.1016797125339508
2569,12774.0,1.0,-2.6917216777801514,-0.44660264253616333
2570,12779.0,1.0,-0.674626350402832,-0.14371979236602783
2571,12783.0,1.0,-1.7929476499557495,-0.311644583940506
2572,12791.0,0.0,1.064907431602478,-0.8224272131919861
2573,12794.0,1.0,-0.8128940463066101,-0.16448178887367249
2574,12802.0,1.0,-0.631812572479248,-0.13729096949100494
2575,12805.0,1.0,-2.525404930114746,-0.4216288626194
2576,12810.0,1.0,-1.5517020225524902,-0.2754196524620056
2577,12813.0,0.0,0.054329536855220795,-0.034261297434568405
2578,12815.0,0.0,0.1661803126335144,-0.12149551510810852
2579,12816.0,1.0,-30.93939781188965,-4.6882147789001465
2580,12825.0,1.0,-1.732319951057434,-0.3025408387184143
2581,12831.0,1.0,-1.7795023918151855,-0.30962565541267395
2582,12835.0,1.0,-1.789961576461792,-0.3111962080001831
2583,12836.0,0.0,0.054329536855220795,-0.034261297434568405
2584,12841.0,1.0,-0.23973935842514038,-0.0784180760383606
2585,12846.0,1.0,-0.10735658556222916,-0.058539748191833496
2586,12852.0,1.0,-1.494561791419983,-0.2668395936489105
2587,12854.0,1.0,-0.7590501308441162,-0.15639668703079224
2588,12869.0,0.0,1.4567155838012695,-1.128004789352417
2589,12873.0,1.0,-0.8631539940834045,-0.17202872037887573
2590,12877.0,1.0,-26.895118713378906,-4.080934047698975
2591,12885.0,1.0,-0.2312827706336975,-0.07714824378490448
2592,12892.0,1.0,-2.281736373901367,-0.3850401043891907
2593,12893.0,1.0,-0.4393191337585449,-0.10838654637336731
2594,12895.0,1.0,-1.5754969120025635,-0.278992623090744
2595,12902.0,1.0,-30.86345863342285,-4.676811695098877
2596,12904.0,1.0,-0.9246492385864258,-0.18126271665096283
2597,12907.0,1.0,-1.2139109373092651,-0.22469764947891235
2598,12908.0,1.0,-0.741607666015625,-0.1537775695323944
2599,12912.0,1.0,-1.3462527990341187,-0.2445698231458664
2600,12914.0,1.0,-0.5226724743843079,-0.12090271711349487
2601,12918.0,1.0,-0.6478731036186218,-0.13970257341861725
2602,12929.0,1.0,-6.1768293380737305,-0.9699191451072693
2603,12930.0,1.0,-1.1851136684417725,-0.2203735113143921
2604,12936.0,1.0,-2.193711280822754,-0.37182244658470154
2605,12938.0,1.0,-0.24225971102714539,-0.07879652082920074
2606,12939.0,1.0,-2.0875067710876465,-0.3558749854564667
2607,12943.0,0.0,0.2740207314491272,-0.2761884033679962
2608,12948.0,1.0,-2.948793411254883,-0.48520398139953613
2609,12949.0,1.0,-1.0593042373657227,-0.20148222148418427
2610,12950.0,1.0,-0.21635913848876953,-0.0749073475599289
2611,12955.0,1.0,-1.698602557182312,-0.2974779009819031
2612,12962.0,1.0,-4.620844841003418,-0.7362757325172424
2613,12964.0,1.0,-1.0810391902923584,-0.20474590361118317
2614,12967.0,1.0,-1.8067207336425781,-0.3137127161026001
2615,12968.0,1.0,-1.7139902114868164,-0.2997884750366211
2616,12969.0,0.0,0.099442258477211,-0.06944543123245239
2617,12984.0,1.0,-2.443683624267578,-0.4093577563762665
2618,12987.0,0.0,0.09336856007575989,-0.11096763610839844
2619,12992.0,0.0,0.054329536855220795,-0.034261297434568405
2620,13000.0,1.0,-1.5534902811050415,-0.27568817138671875
2621,13002.0,1.0,-1.7423561811447144,-0.3040478825569153
2622,13005.0,1.0,-1.5333691835403442,-0.2726668417453766
2623,13007.0,1.0,-0.16972091794013977,-0.06790424883365631
2624,13009.0,1.0,-1.0627450942993164,-0.20199888944625854
2625,13012.0,1.0,-0.576401948928833,-0.12897062301635742
2626,13026.0,1.0,-0.3288295865058899,-0.1261175274848938
2627,13048.0,1.0,-26.907590866088867,-4.0828070640563965
2628,13056.0,1.0,-0.39863044023513794,-0.10227683186531067
2629,13062.0,1.0,-0.5096827745437622,-0.11895221471786499
2630,13063.0,1.0,-1.4312916994094849,-0.25733909010887146
2631,13066.0,1.0,-0.811461329460144,-0.18389718234539032
2632,13072.0,1.0,-1.940770149230957,-0.3338412940502167
2633,13077.0,1.0,-0.46503356099128723,-0.1122477799654007
2634,13083.0,1.0,-25.216075897216797,-3.828812599182129
2635,13090.0,0.0,1.0604214668273926,-0.818928599357605
2636,13092.0,1.0,-0.31898465752601624,-0.09031738340854645
2637,13093.0,1.0,-1.0212937593460083,-0.195774644613266
2638,13097.0,1.0,-1.0292738676071167,-0.19697292149066925
2639,13100.0,1.0,-1.9250242710113525,-0.33147692680358887
2640,13101.0,1.0,-26.682451248168945,-4.049000263214111
2641,13103.0,1.0,-1.493575930595398,-0.26669156551361084
2642,13121.0,1.0,-0.2997261881828308,-0.08742557466030121
2643,13122.0,1.0,-1.3178402185440063,-0.24030345678329468
2644,13131.0,1.0,-0.8596287965774536,-0.17149938642978668
2645,13133.0,1.0,-1.5568039417266846,-0.2761857509613037
2646,13142.0,0.0,0.5615137219429016,-0.4298223853111267
2647,13145.0,1.0,-26.633045196533203,-4.041581630706787
2648,13147.0,1.0,-0.4785318076610565,-0.11427465081214905
2649,13159.0,1.0,-0.4366772770881653,-0.10798986256122589
2650,13161.0,1.0,-1.551837682723999,-0.2754400372505188
2651,13165.0,0.0,0.2605604827404022,-0.19510412216186523
2652,13166.0,1.0,-1.8622548580169678,-0.32205161452293396
2653,13171.0,1.0,-1.7585383653640747,-0.30647775530815125
2654,13178.0,1.0,-0.3093051612377167,-0.08886392414569855
2655,13189.0,0.0,0.4121885895729065,-0.3133613169193268
2656,13193.0,1.0,-1.613783597946167,-0.28474166989326477
2657,13209.0,1.0,-1.0267231464385986,-0.19658991694450378
2658,13214.0,1.0,-0.8666495084762573,-0.17255359888076782
2659,13219.0,1.0,-1.5789129734039307,-0.27950558066368103
2660,13222.0,1.0,-2.22929048538208,-0.37716493010520935
2661,13223.0,1.0,-0.6260430216789246,-0.13642461597919464
2662,13225.0,1.0,-27.986474990844727,-4.244809627532959
2663,13226.0,1.0,-0.5039311051368713,-0.11808854341506958
2664,13232.0,1.0,-2.5621464252471924,-0.4271458685398102
2665,13233.0,0.0,1.9541047811508179,-1.5159265995025635
2666,13234.0,0.0,0.21510565280914307,-0.1596531867980957
2667,13235.0,1.0,-1.6576106548309326,-0.29132264852523804
2668,13237.0,1.0,-1.5391393899917603,-0.27353325486183167
2669,13253.0,1.0,-1.179255485534668,-0.21949385106563568
2670,13260.0,1.0,-0.27662530541419983,-0.08395678550004959
2671,13266.0,1.0,-0.5914028286933899,-0.13122312724590302
2672,13268.0,1.0,-1.357059121131897,-0.24619247019290924
2673,13275.0,1.0,-1.0969867706298828,-0.20714056491851807
2674,13276.0,1.0,-0.7574371099472046,-0.15615448355674744
2675,13281.0,1.0,-1.9147834777832031,-0.32993918657302856
2676,13298.0,0.0,0.2781509459018707,-0.23590975999832153
2677,13300.0,1.0,-0.965540885925293,-0.18740291893482208
2678,13303.0,1.0,-1.56971275806427,-0.2781240940093994
2679,13305.0,1.0,-0.5680997967720032,-0.12772399187088013
2680,13310.0,0.0,0.054329536855220795,-0.034261297434568405
2681,13313.0,1.0,-0.8516026735305786,-0.17029419541358948
2682,13314.0,1.0,-1.370828628540039,-0.24826008081436157
2683,13316.0,1.0,-1.5320985317230225,-0.27247604727745056
2684,13323.0,0.0,0.21945956349372864,-0.1630488485097885
2685,13328.0,1.0,-0.7115502953529358,-0.14926421642303467
2686,13329.0,0.0,0.008997701108455658,-0.04106822982430458
2687,13338.0,1.0,-0.2987351715564728,-0.08727675676345825
2688,13340.0,1.0,-1.0529824495315552,-0.2005329579114914
2689,13342.0,1.0,-2.0485477447509766,-0.3500249981880188
2690,13349.0,1.0,-2.3104302883148193,-0.38934871554374695
2691,13350.0,1.0,-2.6369616985321045,-0.43838000297546387
2692,13354.0,1.0,-0.8536049127578735,-0.17059484124183655
2693,13357.0,1.0,-1.010640025138855,-0.19417491555213928
2694,13367.0,1.0,-21.75069808959961,-3.3084585666656494
2695,13379.0,0.0,0.013462133705615997,-0.15330591797828674
2696,13384.0,1.0,-2.1764445304870605,-0.3692297041416168
2697,13387.0,0.0,0.054329536855220795,-0.034261297434568405
2698,13392.0,1.0,-1.0648717880249023,-0.2023182511329651
2699,13393.0,1.0,-1.359613060951233,-0.2465759813785553
2700,13395.0,1.0,-2.3867945671081543,-0.4008153975009918
2701,13401.0,1.0,-1.9242781400680542,-0.3313648998737335
2702,13411.0,1.0,-0.4994545876979828,-0.1174163669347763
2703,13414.0,1.0,-0.6834940314292908,-0.14505134522914886
2704,13416.0,0.0,0.34209850430488586,-0.25869694352149963
2705,13423.0,1.0,-2.0184807777404785,-0.34551018476486206
2706,13424.0,1.0,-28.73721694946289,-4.357539653778076
2707,13429.0,1.0,-1.2247754335403442,-0.2263290286064148
2708,13443.0,1.0,-1.9889103174209595,-0.34106990694999695
2709,13445.0,1.0,-0.6056616306304932,-0.13336420059204102
2710,13451.0,0.0,-0.2901354134082794,-0.32775232195854187
2711,13455.0,1.0,-1.7817658185958862,-0.3099655210971832
2712,13470.0,1.0,-1.1762852668762207,-0.21904785931110382
2713,13472.0,1.0,-30.286420822143555,-4.590165138244629
2714,13473.0,1.0,-2.719864845275879,-0.45082855224609375
2715,13478.0,1.0,-0.0715521052479744,-0.053163424134254456
2716,13479.0,1.0,-1.608318567276001,-0.2839210629463196
2717,13482.0,1.0,-1.9604028463363647,-0.3367893099784851
2718,13492.0,1.0,-0.7029913067817688,-0.1479790210723877
2719,13495.0,1.0,-0.6845190525054932,-0.14520525932312012
2720,13501.0,1.0,-23.54627227783203,-3.578078508377075
2721,13503.0,1.0,-2.686981678009033,-0.4458909034729004
2722,13506.0,1.0,-2.0097382068634033,-0.34419742226600647
2723,13508.0,1.0,-2.980863094329834,-0.4900195300579071
2724,13527.0,1.0,-2.2399864196777344,-0.37877100706100464
2725,13531.0,1.0,-1.8259996175765991,-0.31660759449005127
2726,13532.0,1.0,-0.5364702939987183,-0.12297455966472626
2727,13533.0,0.0,0.3768197000026703,-0.2857765555381775
2728,13536.0,1.0,-0.27686807513237,-0.08399324119091034
2729,13537.0,1.0,-0.7817357778549194,-0.1598031222820282
2730,13539.0,1.0,-0.43083783984184265,-0.10711301863193512
2731,13543.0,1.0,-0.26132574677467346,-0.14185704290866852
2732,13553.0,1.0,-2.5398852825164795,-0.4238032102584839
2733,13555.0,0.0,0.5470864176750183,-0.46396657824516296
2734,13556.0,1.0,-2.1172194480895996,-0.360336571931839
2735,13562.0,1.0,-1.7408725023269653,-0.3038250803947449
2736,13567.0,1.0,-1.7180250883102417,-0.30039435625076294
2737,13573.0,1.0,-26.546875,-4.028642654418945
2738,13578.0,0.0,0.2373049557209015,-0.23592354357242584
2739,13584.0,1.0,-3.2177774906158447,-0.5255941152572632
2740,13587.0,1.0,-2.3052000999450684,-0.388563334941864
2741,13592.0,0.0,0.3745715022087097,-0.28402313590049744
2742,13595.0,1.0,-0.16569796204566956,-0.06730017066001892
2743,13596.0,1.0,-1.3476918935775757,-0.24478591978549957
2744,13598.0,1.0,-0.4175810217857361,-0.21436528861522675
2745,13601.0,1.0,-1.0224177837371826,-0.1959434300661087
2746,13603.0,1.0,-0.876023530960083,-0.17396117746829987
2747,13606.0,0.0,0.605979859828949,-0.4645022749900818
2748,13613.0,1.0,-1.655056357383728,-0.2909391224384308
2749,13614.0,0.0,0.12154367566108704,-0.08668267726898193
2750,13626.0,1.0,-2.032623767852783,-0.34763386845588684
2751,13632.0,0.0,0.054329536855220795,-0.034261297434568405
2752,13640.0,1.0,-1.3407485485076904,-0.24374331533908844
2753,13641.0,1.0,-1.7802765369415283,-0.30974191427230835
2754,13643.0,1.0,-0.27600446343421936,-0.08386356383562088
2755,13648.0,1.0,-1.0200250148773193,-0.19558414816856384
2756,13649.0,1.0,-1.687126636505127,-0.29575473070144653
2757,13652.0,1.0,-1.1064138412475586,-0.20855610072612762
2758,13653.0,1.0,-0.34688031673431396,-0.09450612962245941
2759,13658.0,1.0,-1.4089668989181519,-0.25398683547973633
2760,13664.0,1.0,-0.25319990515708923,-0.08043928444385529
2761,13665.0,1.0,-0.9117921590805054,-0.17933212220668793
2762,13667.0,1.0,-1.860280156135559,-0.3217550814151764
2763,13673.0,1.0,-1.9445704221725464,-0.33441194891929626
2764,13677.0,1.0,-1.9387872219085693,-0.3335435688495636
2765,13679.0,1.0,-1.9221957921981812,-0.3310522139072418
2766,13710.0,0.0,0.054329536855220795,-0.034261297434568405
2767,13712.0,1.0,-0.3399774730205536,-0.09346961975097656
2768,13713.0,1.0,-3.378469944000244,-0.5497233271598816
2769,13720.0,1.0,-0.4787375032901764,-0.1143055409193039
2770,13729.0,0.0,1.2166157960891724,-0.940747082233429
2771,13730.0,1.0,-0.09974614530801773,-0.05739698186516762
2772,13732.0,1.0,-2.964139938354492,-0.4875083863735199
2773,13740.0,1.0,-0.8344733715057373,-0.16772209107875824
2774,13743.0,1.0,-1.2703677415847778,-0.23317508399486542
2775,13751.0,1.0,-1.8964413404464722,-0.3271849751472473
2776,13755.0,0.0,-0.05058963596820831,-0.18773303925991058
2777,13756.0,1.0,-1.9024215936660767,-0.32808294892311096
2778,13759.0,1.0,-3.0405538082122803,-0.4989825487136841
2779,13764.0,1.0,-0.695323646068573,-0.14682765305042267
2780,13765.0,1.0,-0.2794910669326782,-0.08438710868358612
2781,13771.0,1.0,-0.5971468091011047,-0.1320856213569641
2782,13781.0,0.0,0.1633497178554535,-0.1192878931760788
2783,13786.0,1.0,-0.271938294172287,-0.08325299620628357
2784,13793.0,1.0,-1.6214849948883057,-0.2858981192111969
2785,13797.0,1.0,-1.6828492879867554,-0.2951124310493469
2786,13800.0,0.0,0.05889488384127617,-0.10569518804550171
2787,13805.0,1.0,-1.4812276363372803,-0.2648373544216156
2788,13811.0,1.0,-2.3024299144744873,-0.38814741373062134
2789,13813.0,1.0,-0.6514684557914734,-0.14024245738983154
2790,13823.0,1.0,-1.8589117527008057,-0.3215496242046356
2791,13830.0,1.0,-0.5224072933197021,-0.12086290121078491
2792,13842.0,0.0,0.2773609459400177,-0.20820707082748413
2793,13848.0,1.0,-1.0403343439102173,-0.19863374531269073
2794,13854.0,1.0,-1.7448606491088867,-0.3044239282608032
2795,13861.0,1.0,-0.6324797868728638,-0.13739114999771118
2796,13864.0,1.0,-1.674015998840332,-0.29378604888916016
2797,13872.0,0.0,0.054329536855220795,-0.034261297434568405
2798,13880.0,0.0,0.34639662504196167,-0.2620491087436676
2799,13905.0,1.0,-0.2200431525707245,-0.0754605308175087
2800,13910.0,1.0,-24.36983299255371,-3.701742649078369
2801,13911.0,1.0,-0.6221071481704712,-0.13583362102508545
2802,13912.0,1.0,-1.28388249874115,-0.23520444333553314
2803,13917.0,1.0,-1.2537469863891602,-0.23067933320999146
2804,13920.0,1.0,-0.9289873838424683,-0.18191412091255188
2805,13921.0,1.0,-0.23944643139839172,-0.07837408781051636
2806,13926.0,1.0,-0.5904585719108582,-0.13108134269714355
2807,13928.0,1.0,-1.3720688819885254,-0.24844631552696228
2808,13934.0,1.0,-4.025607585906982,-0.6468961238861084
2809,13941.0,1.0,-1.4339425563812256,-0.2577371299266815
2810,13950.0,1.0,-0.6968353986740112,-0.14705465734004974
2811,13952.0,1.0,-2.0406200885772705,-0.3488345742225647
2812,13963.0,0.0,0.054329536855220795,-0.034261297434568405
2813,13969.0,1.0,-0.7108302712440491,-0.1491560935974121
2814,13970.0,1.0,-0.7650379538536072,-0.1572958081960678
2815,13974.0,1.0,-1.4815707206726074,-0.2648888826370239
2816,13976.0,1.0,-27.530845642089844,-4.176393508911133
2817,13987.0,1.0,-0.6394339799880981,-0.13843537867069244
2818,13994.0,1.0,-27.862911224365234,-4.226255893707275
2819,13996.0,1.0,-0.07224633544683456,-0.05326766520738602
2820,14009.0,1.0,-0.46239617466926575,-0.1118517518043518
2821,14011.0,1.0,-27.958560943603516,-4.2406182289123535
2822,14016.0,1.0,-0.44946756958961487,-0.10991042852401733
2823,14027.0,1.0,-1.5614732503890991,-0.27688688039779663
2824,14036.0,0.0,0.3711478114128113,-0.2813529670238495
2825,14041.0,1.0,-1.0626004934310913,-0.2019771933555603
2826,14046.0,1.0,-1.389451026916504,-0.25105637311935425
2827,14065.0,1.0,-25.4890193939209,-3.8697972297668457
2828,14070.0,0.0,0.3481920659542084,-0.26344940066337585
2829,14071.0,1.0,-23.780229568481445,-3.613208770751953
2830,14076.0,1.0,-1.2637860774993896,-0.23218680918216705
2831,14082.0,1.0,-1.6320198774337769,-0.2874799966812134
2832,14085.0,1.0,-2.1615023612976074,-0.3669860064983368
2833,14096.0,1.0,-2.1308841705322266,-0.3623884618282318
2834,14101.0,1.0,-1.4968341588974,-0.26718080043792725
2835,14103.0,1.0,-0.41977229714393616,-0.10545144975185394
2836,14104.0,1.0,-0.5986576676368713,-0.13231249153614044
2837,14120.0,1.0,-1.183152675628662,-0.22007904946804047
2838,14123.0,1.0,-0.06628825515508652,-0.0523730143904686
2839,14126.0,0.0,0.46469244360923767,-0.35430991649627686
2840,14128.0,1.0,-1.5462018251419067,-0.2745937407016754
2841,14131.0,1.0,-16.803977966308594,-2.565669298171997
2842,14135.0,1.0,-1.4339816570281982,-0.2577430009841919
2843,14150.0,0.0,0.5664058923721313,-0.4336378872394562
2844,14152.0,1.0,-0.6171157956123352,-0.1350841224193573
2845,14157.0,0.0,0.4599929749965668,-0.35064470767974854
2846,14158.0,0.0,0.054329536855220795,-0.034261297434568405
2847,14165.0,0.0,0.054329536855220795,-0.034261297434568405
2848,14166.0,0.0,0.054329536855220795,-0.034261297434568405
2849,14167.0,1.0,-0.7342629432678223,-0.15267470479011536
2850,14173.0,1.0,-1.1853599548339844,-0.22041048109531403
2851,14174.0,1.0,-0.7590892910957336,-0.1564025729894638
2852,14189.0,1.0,-3.0276710987091064,-0.4970480799674988
2853,14193.0,1.0,-0.5679951310157776,-0.12770827114582062
2854,14197.0,1.0,-1.9895435571670532,-0.3411650061607361
2855,14198.0,0.0,0.4811437427997589,-0.3671405613422394
2856,14210.0,0.0,0.6278168559074402,-0.4815332889556885
2857,14213.0,1.0,-2.986008405685425,-0.4907921254634857
2858,14217.0,1.0,-0.45397183299064636,-0.11058677732944489
2859,14219.0,1.0,-0.18614131212234497,-0.18462137877941132
2860,14222.0,1.0,-1.6479631662368774,-0.28987401723861694
2861,14230.0,1.0,-1.1973209381103516,-0.22220651805400848
2862,14234.0,1.0,-1.611130952835083,-0.2843433618545532
2863,14238.0,1.0,-2.308098077774048,-0.38899850845336914
2864,14250.0,1.0,-2.008989095687866,-0.3440849483013153
2865,14253.0,1.0,-2.466520309448242,-0.4127868711948395
2866,14255.0,0.0,0.20562058687210083,-0.15225562453269958
2867,14258.0,1.0,-1.0991843938827515,-0.20747055113315582
2868,14265.0,1.0,-2.0992603302001953,-0.3576398491859436
2869,14268.0,1.0,-1.8403232097625732,-0.31875839829444885
2870,14271.0,1.0,-1.6393297910690308,-0.2885776460170746
2871,14273.0,1.0,-25.74151039123535,-3.9077107906341553
2872,14274.0,1.0,-3.124999523162842,-0.5116627812385559
2873,14275.0,1.0,-0.8605326414108276,-0.17163509130477905
2874,14278.0,1.0,-0.16578814387321472,-0.06731370836496353
2875,14284.0,1.0,-2.256577491760254,-0.38126230239868164
2876,14288.0,0.0,0.054329536855220795,-0.034261297434568405
2877,14295.0,1.0,-4.881640911102295,-0.7754363417625427
2878,14298.0,0.0,0.04321829974651337,-0.035929735749959946
2879,14301.0,0.0,0.054329536855220795,-0.034261297434568405
2880,14305.0,0.0,0.054329536855220795,-0.034261297434568405
2881,14311.0,0.0,0.054329536855220795,-0.034261297434568405
2882,14318.0,1.0,-1.0823506116867065,-0.20494283735752106
2883,14321.0,1.0,-1.0234917402267456,-0.19610470533370972
2884,14327.0,1.0,-25.095247268676758,-3.810669422149658
2885,14328.0,1.0,-0.7602953314781189,-0.15658366680145264
2886,14331.0,0.0,0.054329536855220795,-0.034261297434568405
2887,14332.0,1.0,-1.8952054977416992,-0.32699939608573914
2888,14333.0,1.0,-1.90214204788208,-0.3280409872531891
2889,14336.0,1.0,-1.1281567811965942,-0.21182097494602203
2890,14338.0,1.0,-2.4493865966796875,-0.4102140963077545
2891,14339.0,1.0,-25.70782470703125,-3.9026525020599365
2892,14345.0,1.0,-0.482783704996109,-0.11491310596466064
2893,14347.0,1.0,-0.8804795742034912,-0.1746302843093872
2894,14356.0,1.0,-0.13448086380958557,-0.06261267513036728
2895,14367.0,1.0,-0.5348004698753357,-0.12272383272647858
2896,14370.0,1.0,-24.372037887573242,-3.702073574066162
2897,14371.0,0.0,0.054329536855220795,-0.034261297434568405
2898,14373.0,1.0,-0.6113613247871399,-0.13422004878520966
2899,14386.0,1.0,-2.6782853603363037,-0.44458508491516113
2900,14388.0,1.0,-2.1466526985168457,-0.3647562265396118
2901,14389.0,1.0,-29.224891662597656,-4.430768013000488
2902,14393.0,1.0,-1.5637840032577515,-0.2772338390350342
2903,14404.0,1.0,-1.7385001182556152,-0.30346885323524475
2904,14407.0,1.0,-2.3548083305358887,-0.39601242542266846
2905,14413.0,1.0,-1.9005582332611084,-0.3278031647205353
2906,14414.0,1.0,-1.4208277463912964,-0.2557678520679474
2907,14438.0,0.0,6.944452285766602,-7.748013019561768
2908,14445.0,1.0,-30.248437881469727,-4.584461688995361
2909,14463.0,0.0,0.3071555197238922,-0.27807098627090454
2910,14496.0,1.0,-0.36279547214508057,-0.2366980016231537
2911,14502.0,1.0,-1.0374706983566284,-0.19820375740528107
2912,14503.0,0.0,0.054329536855220795,-0.034261297434568405
2913,14512.0,1.0,-1.8548296689987183,-0.3209366500377655
2914,14518.0,1.0,-1.5381582975387573,-0.2733859419822693
2915,14519.0,1.0,-2.2245259284973145,-0.37644949555397034
2916,14522.0,1.0,-0.5614311099052429,-0.12672263383865356
2917,14531.0,0.0,0.35336777567863464,-0.26748600602149963
2918,14534.0,1.0,-2.629169464111328,-0.4372099041938782
2919,14539.0,1.0,-1.2156447172164917,-0.22495798766613007
2920,14542.0,1.0,-1.0366140604019165,-0.19807511568069458
2921,14544.0,1.0,-0.3430713415145874,-0.09393419325351715
2922,14547.0,0.0,0.5579742789268494,-0.42706194519996643
2923,14549.0,1.0,-1.8988897800445557,-0.3275526165962219
2924,14555.0,1.0,-1.2387521266937256,-0.22842775285243988
2925,14560.0,1.0,-0.18264621496200562,-0.06984508037567139
2926,14563.0,1.0,-0.09372646361589432,-0.05649308115243912
2927,14569.0,1.0,-1.1134787797927856,-0.20961695909500122
2928,14571.0,1.0,-1.1685824394226074,-0.21789121627807617
2929,14574.0,1.0,-0.7023378610610962,-0.1478808969259262
2930,14578.0,0.0,0.23729735612869263,-0.17696084082126617
2931,14579.0,1.0,-0.7509927749633789,-0.15518681704998016
2932,14583.0,1.0,-1.0572136640548706,-0.20116831362247467
2933,14585.0,1.0,-2.3636560440063477,-0.3973409831523895
2934,14589.0,1.0,-1.6218799352645874,-0.285957396030426
2935,14594.0,1.0,-0.89271479845047,-0.17646750807762146
2936,14597.0,0.0,0.6492633819580078,-0.4982598125934601
2937,14599.0,1.0,-0.39343690872192383,-0.10149697959423065
2938,14604.0,1.0,-1.229714035987854,-0.22707059979438782
2939,14609.0,1.0,-0.14155659079551697,-0.06367515027523041
2940,14617.0,1.0,-28.471620559692383,-4.317658424377441
2941,14620.0,0.0,-0.020086847245693207,-0.04543550685048103
2942,14621.0,1.0,-1.5851073265075684,-0.280435711145401
2943,14638.0,1.0,-0.14454659819602966,-0.06412412226200104
2944,14640.0,1.0,-24.703678131103516,-3.7518720626831055
2945,14641.0,0.0,0.054329536855220795,-0.034261297434568405
2946,14645.0,0.0,0.054329536855220795,-0.034261297434568405
2947,14648.0,1.0,-2.081425666809082,-0.3549618721008301
2948,14649.0,1.0,-1.4303033351898193,-0.25719067454338074
2949,14650.0,1.0,-1.293328046798706,-0.23662276566028595
2950,14670.0,1.0,-0.5193865895271301,-0.12040930986404419
2951,14680.0,1.0,-1.1876416206359863,-0.22075310349464417
2952,14681.0,1.0,-1.30807626247406,-0.2388373166322708
2953,14691.0,1.0,-1.461743712425232,-0.26191169023513794
2954,14693.0,1.0,-2.6458194255828857,-0.4397100508213043
2955,14709.0,1.0,-28.048141479492188,-4.254069805145264
2956,14717.0,0.0,0.09108297526836395,-0.06292589008808136
2957,14724.0,0.0,0.6727282404899597,-0.5165603756904602
2958,14727.0,1.0,-1.886142373085022,-0.3256385028362274
2959,14747.0,1.0,-2.2285690307617188,-0.3770565688610077
2960,14749.0,0.0,0.021250225603580475,-0.0392284169793129
2961,14752.0,1.0,-2.911813259124756,-0.4796511232852936
2962,14755.0,1.0,-1.582760214805603,-0.2800832688808441
2963,14762.0,1.0,-1.9681750535964966,-0.33795633912086487
2964,14763.0,1.0,-1.3493927717208862,-0.24504132568836212
2965,14770.0,0.0,0.054329536855220795,-0.034261297434568405
2966,14773.0,0.0,0.7203264832496643,-0.5536830425262451
2967,14774.0,1.0,-1.304905891418457,-0.23836125433444977
2968,14775.0,1.0,-1.89339017868042,-0.3267268240451813
2969,14779.0,1.0,-1.4810636043548584,-0.26481273770332336
2970,14780.0,0.0,1.6264803409576416,-1.2604069709777832
2971,14781.0,1.0,-0.7019580602645874,-0.14782385528087616
2972,14787.0,1.0,-2.36257004737854,-0.39717790484428406
2973,14793.0,1.0,-1.111254334449768,-0.20928294956684113
2974,14796.0,1.0,-1.8870000839233398,-0.32576730847358704
2975,14800.0,1.0,-1.9400328397750854,-0.3337305784225464
2976,14804.0,1.0,-0.8097253441810608,-0.16400597989559174
2977,14809.0,1.0,-0.907793402671814,-0.17873167991638184
2978,14811.0,1.0,-1.3800184726715088,-0.24964000284671783
2979,14817.0,1.0,-0.18690258264541626,-0.0704842135310173
2980,14819.0,1.0,-0.745307207107544,-0.15433308482170105
2981,14823.0,1.0,-25.52533531188965,-3.8752503395080566
2982,14827.0,0.0,-0.07267699390649796,-0.12067811191082001
2983,14833.0,1.0,-1.974429726600647,-0.3388955593109131
2984,14835.0,0.0,0.16073668003082275,-0.2415275275707245
2985,14839.0,1.0,-2.041259527206421,-0.34893059730529785
2986,14852.0,1.0,-0.7404482960700989,-0.1536034792661667
2987,14856.0,1.0,-2.574298858642578,-0.42897069454193115
2988,14864.0,1.0,-0.30929067730903625,-0.08886174857616425
2989,14873.0,1.0,-1.383528709411621,-0.2501671016216278
2990,14875.0,1.0,-27.868284225463867,-4.227062702178955
2991,14881.0,0.0,0.17622289061546326,-0.41142672300338745
2992,14885.0,1.0,-0.7677572965621948,-0.15770414471626282
2993,14887.0,1.0,-1.993454098701477,-0.34175220131874084
2994,14889.0,1.0,-25.406747817993164,-3.857443332672119
2995,14897.0,1.0,-26.461275100708008,-4.01578950881958
2996,14900.0,1.0,-1.2104164361953735,-0.2241729199886322
2997,14901.0,1.0,-0.8665792346000671,-0.17254304885864258
2998,14902.0,1.0,-2.0992534160614014,-0.3576388359069824
2999,14905.0,1.0,-1.7223918437957764,-0.301050066947937
3000,14907.0,1.0,-0.982986569404602,-0.1900225132703781
3001,14908.0,1.0,-1.4622666835784912,-0.2619902193546295
3002,14909.0,1.0,-1.2529475688934326,-0.2305593192577362
3003,14910.0,1.0,-1.7355681657791138,-0.3030286133289337
3004,14915.0,0.0,0.10228016972541809,-0.16472502052783966
3005,14916.0,1.0,-28.234521865844727,-4.2820563316345215
3006,14930.0,1.0,-1.960558533668518,-0.33681267499923706
3007,14932.0,1.0,-1.156340479850769,-0.21605297923088074
3008,14935.0,1.0,-0.5407467484474182,-0.12361671030521393
3009,14938.0,1.0,-1.2726197242736816,-0.2335132509469986
3010,14942.0,1.0,-1.043217658996582,-0.19906669855117798
3011,14944.0,0.0,0.3423958122730255,-0.2589288055896759
3012,14953.0,1.0,-2.2886922359466553,-0.38608458638191223
3013,14954.0,1.0,-0.632607102394104,-0.1374102681875229
3014,14956.0,1.0,-1.6199008226394653,-0.2856602370738983
3015,14961.0,1.0,-2.171985387802124,-0.3685601055622101
3016,14970.0,1.0,-2.312527656555176,-0.3896636366844177
3017,14979.0,1.0,-1.569530963897705,-0.2780967950820923
3018,14981.0,0.0,0.6643176078796387,-0.5100008249282837
3019,14985.0,1.0,-1.8183889389038086,-0.3154647946357727
3020,15000.0,1.0,-1.6418182849884033,-0.2889513075351715
3021,15002.0,1.0,-1.3686833381652832,-0.24793794751167297
3022,15004.0,1.0,-1.4610086679458618,-0.2618013322353363
3023,15006.0,1.0,-28.964298248291016,-4.391637802124023
3024,15015.0,0.0,0.03355800360441208,-0.05206198990345001
3025,15024.0,1.0,-1.0991193056106567,-0.20746077597141266
3026,15029.0,1.0,-1.384880781173706,-0.2503701150417328
3027,15031.0,1.0,-0.6647462248802185,-0.14223621785640717
3028,15032.0,1.0,-1.6005207300186157,-0.2827501595020294
3029,15033.0,0.0,0.4250751733779907,-0.323411762714386
3030,15038.0,1.0,-0.497355192899704,-0.11710113286972046
3031,15045.0,0.0,0.6952738165855408,-0.5341440439224243
3032,15050.0,1.0,-29.23482894897461,-4.432260036468506
3033,15053.0,0.0,0.8505976796150208,-0.6552836298942566
3034,15056.0,1.0,-0.39912864565849304,-0.10235163569450378
3035,15058.0,1.0,-25.44495391845703,-3.86318039894104
3036,15062.0,1.0,-24.791297912597656,-3.765028953552246
3037,15066.0,1.0,-24.106090545654297,-3.662139415740967
3038,15071.0,1.0,-0.8870134353637695,-0.17561139166355133
3039,15072.0,1.0,-1.8924334049224854,-0.3265831470489502
3040,15073.0,1.0,-0.9514051675796509,-0.18528032302856445
3041,15075.0,1.0,-1.106831669807434,-0.20861883461475372
3042,15076.0,1.0,-0.5919315218925476,-0.13130250573158264
3043,15079.0,1.0,-0.6468318700790405,-0.1395462304353714
3044,15080.0,1.0,-0.9118682146072388,-0.17934353649616241
3045,15087.0,1.0,-1.1182342767715454,-0.2103310376405716
3046,15091.0,1.0,-2.846489429473877,-0.46984222531318665
3047,15098.0,1.0,-8.56328010559082,-1.328263759613037
3048,15099.0,1.0,-1.4170079231262207,-0.2551942467689514
3049,15100.0,1.0,-22.43967056274414,-3.4119133949279785
3050,15107.0,1.0,-1.7785212993621826,-0.3094783425331116
3051,15108.0,1.0,-0.11966582387685776,-0.06038808077573776
3052,15113.0,1.0,-0.6396152973175049,-0.1384626030921936
3053,15118.0,0.0,0.14513728022575378,-0.3636306822299957
3054,15127.0,1.0,-1.0474770069122314,-0.1997062712907791
3055,15132.0,1.0,-0.7561982274055481,-0.15596845746040344
3056,15137.0,1.0,-1.2339531183242798,-0.2277071326971054
3057,15146.0,1.0,-1.1441279649734497,-0.21421918272972107
3058,15149.0,1.0,-1.8289694786071777,-0.31705355644226074
3059,15162.0,0.0,0.08349896967411041,-0.07180849462747574
3060,15167.0,1.0,-27.5225887298584,-4.175153732299805
3061,15178.0,1.0,-2.9697797298431396,-0.48835524916648865
3062,15192.0,1.0,-1.0721683502197266,-0.20341387391090393
3063,15198.0,1.0,-0.7523201107978821,-0.21476759016513824
3064,15202.0,1.0,-2.343266010284424,-0.39427924156188965
3065,15206.0,1.0,-1.300915002822876,-0.237761989235878
3066,15210.0,1.0,-24.108882904052734,-3.6625587940216064
3067,15221.0,0.0,0.24019625782966614,-0.1792217493057251
3068,15225.0,1.0,-0.6772654056549072,-0.14411607384681702
3069,15232.0,0.0,0.054329536855220795,-0.034261297434568405
3070,15244.0,1.0,-0.3501967191696167,-0.0950041189789772
3071,15249.0,0.0,0.4491499960422516,-0.34218811988830566
3072,15254.0,0.0,0.11779268831014633,-0.08375722914934158
3073,15262.0,1.0,-2.960963249206543,-0.48703140020370483
3074,15263.0,1.0,-2.5844359397888184,-0.4304928481578827
3075,15265.0,1.0,-1.1975631713867188,-0.22224289178848267
3076,15271.0,1.0,-1.4990198612213135,-0.26750901341438293
3077,15272.0,1.0,-2.04673433303833,-0.3497526943683624
3078,15275.0,0.0,0.7077020406723022,-0.5438370108604431
3079,15276.0,0.0,0.054329536855220795,-0.034261297434568405
3080,15278.0,1.0,-30.962852478027344,-4.691736698150635
3081,15281.0,0.0,0.135690838098526,-0.09771628677845001
3082,15283.0,1.0,-1.4497507810592651,-0.26011085510253906
3083,15284.0,1.0,-2.774521589279175,-0.4590356945991516
3084,15292.0,1.0,-2.2370383739471436,-0.3783283531665802
3085,15296.0,1.0,-2.7021915912628174,-0.44817477464675903
3086,15299.0,1.0,-1.109560251235962,-0.20902857184410095
3087,15302.0,1.0,-1.526801586151123,-0.27168065309524536
3088,15305.0,1.0,-2.10105037689209,-0.3579086363315582
3089,15314.0,1.0,-0.824205756187439,-0.1661803275346756
3090,15318.0,1.0,-1.8633853197097778,-0.3222213387489319
3091,15320.0,1.0,-0.2610852122306824,-0.08162331581115723
3092,15333.0,1.0,-1.4280784130096436,-0.2568565607070923
3093,15342.0,1.0,-0.7213010191917419,-0.15072837471961975
3094,15368.0,1.0,-0.6345199942588806,-0.1376975029706955
3095,15377.0,0.0,0.054329536855220795,-0.034261297434568405
3096,15379.0,1.0,-0.26444464921951294,-0.08212776482105255
3097,15397.0,1.0,-1.5821380615234375,-0.2799898386001587
3098,15401.0,1.0,-0.7668637037277222,-0.15756995975971222
3099,15410.0,1.0,-1.5875800848007202,-0.2808070182800293
3100,15413.0,0.0,0.2176007628440857,-0.16159915924072266
3101,15418.0,1.0,-1.2047628164291382,-0.2233239710330963
3102,15421.0,1.0,-1.925648808479309,-0.33157071471214294
3103,15441.0,1.0,-1.7437620162963867,-0.30425897240638733
3104,15442.0,1.0,-2.083348035812378,-0.3552505075931549
3105,15448.0,0.0,0.49255019426345825,-0.3760366141796112
3106,15450.0,1.0,-0.3556472063064575,-0.09582255780696869
3107,15452.0,0.0,0.054329536855220795,-0.034261297434568405
3108,15453.0,1.0,-1.0241663455963135,-0.1962059885263443
3109,15457.0,1.0,-1.2193025350570679,-0.2255072444677353
3110,15465.0,1.0,-1.5068650245666504,-0.26868700981140137
3111,15478.0,1.0,-2.3878915309906006,-0.400980144739151
3112,15482.0,0.0,1.0202058553695679,-0.7875637412071228
3113,15485.0,1.0,-2.004441499710083,-0.34340208768844604
3114,15489.0,1.0,-2.2828776836395264,-0.3852114975452423
3115,15498.0,1.0,-0.6524195671081543,-0.14038527011871338
3116,15504.0,1.0,-2.317934274673462,-0.3904755115509033
3117,15508.0,1.0,-1.1577614545822144,-0.21626634895801544
3118,15517.0,1.0,-1.4524667263031006,-0.2605186700820923
3119,15520.0,1.0,-1.684883952140808,-0.2954179644584656
3120,15525.0,1.0,-0.9862916469573975,-0.1905188113451004
3121,15527.0,0.0,0.22077235579490662,-0.16407273709774017
3122,15528.0,1.0,-1.2565308809280396,-0.23109737038612366
3123,15530.0,1.0,-1.2017728090286255,-0.22287501394748688
3124,15532.0,1.0,-0.6910735368728638,-0.22562581300735474
3125,15536.0,1.0,-1.0951389074325562,-0.20686307549476624
3126,15537.0,1.0,-0.5342679023742676,-0.1226438581943512
3127,15544.0,1.0,-0.5864161252975464,-0.13047432899475098
3128,15548.0,0.0,0.054329536855220795,-0.034261297434568405
3129,15558.0,0.0,0.5507694482803345,-0.42144277691841125
3130,15560.0,1.0,-0.9178499579429626,-0.18024174869060516
3131,15567.0,1.0,-1.8139818906784058,-0.31480303406715393
3132,15575.0,1.0,-1.7300200462341309,-0.3021954894065857
3133,15582.0,1.0,-0.8910338878631592,-0.17621511220932007
3134,15587.0,1.0,-1.0998849868774414,-0.2075757533311844
3135,15592.0,1.0,-1.75398850440979,-0.3057945668697357
3136,15596.0,1.0,-1.584722876548767,-0.28037798404693604
3137,15598.0,1.0,-0.2606719732284546,-0.08156126737594604
3138,15604.0,1.0,-0.08653175085783005,-0.05541273206472397
3139,15607.0,1.0,-26.398923873901367,-4.006426811218262
3140,15610.0,1.0,-0.9157489538192749,-0.17992626130580902
3141,15617.0,1.0,-1.0120340585708618,-0.19438423216342926
3142,15622.0,0.0,0.054329536855220795,-0.034261297434568405
3143,15629.0,1.0,-1.9552124738693237,-0.3360099196434021
3144,15633.0,1.0,-1.4199209213256836,-0.255631685256958
3145,15637.0,0.0,0.1202501580119133,-0.08567385375499725
3146,15638.0,1.0,-2.3400962352752686,-0.39380329847335815
3147,15655.0,1.0,-0.4699374735355377,-0.11298415064811707
3148,15658.0,1.0,-1.6484214067459106,-0.28994280099868774
3149,15662.0,1.0,-1.0403554439544678,-0.19863690435886383
3150,15664.0,1.0,-27.14165496826172,-4.117953300476074
3151,15666.0,1.0,-0.9598572254180908,-0.18654945492744446
3152,15668.0,1.0,-1.5960242748260498,-0.2820749878883362
3153,15673.0,0.0,0.054329536855220795,-0.034261297434568405
3154,15681.0,1.0,-0.5205771923065186,-0.12058809399604797
3155,15691.0,1.0,-0.6759672164916992,-0.23086193203926086
3156,15694.0,1.0,-1.8623217344284058,-0.3220616579055786
3157,15699.0,1.0,-1.8757632970809937,-0.3240800201892853
3158,15701.0,0.0,1.118879795074463,-0.8645212054252625
3159,15703.0,1.0,-0.2505756914615631,-0.08004523813724518
3160,15711.0,0.0,0.06890900433063507,-0.04563206061720848
3161,15714.0,1.0,-0.2746132016181946,-0.08365465700626373
3162,15733.0,0.0,0.5629293322563171,-0.43092647194862366
3163,15734.0,1.0,-1.4356286525726318,-0.2579903304576874
3164,15748.0,0.0,-0.15361404418945312,-0.41191917657852173
3165,15756.0,0.0,0.054329536855220795,-0.034261297434568405
3166,15762.0,1.0,-0.40975862741470337,-0.1942434310913086
3167,15766.0,1.0,-1.3141051530838013,-0.23974260687828064
3168,15767.0,0.0,0.054329536855220795,-0.034261297434568405
3169,15768.0,1.0,-0.8117032051086426,-0.1643029749393463
3170,15781.0,1.0,-1.0398746728897095,-0.19856472313404083
3171,15785.0,1.0,-1.9107788801193237,-0.32933786511421204
3172,15787.0,1.0,-1.0712982416152954,-0.20328322052955627
3173,15792.0,0.0,0.3448522686958313,-0.2608446478843689
3174,15796.0,1.0,-2.3788046836853027,-0.39961567521095276
3175,15804.0,1.0,-0.3251231610774994,-0.09123912453651428
3176,15810.0,1.0,-0.6922328472137451,-0.1463635414838791
3177,15815.0,1.0,-2.380021333694458,-0.39979836344718933
3178,15818.0,1.0,-2.495366334915161,-0.4171183109283447
3179,15821.0,1.0,-23.450056076049805,-3.5636308193206787
3180,15833.0,1.0,-1.6089226007461548,-0.2840117812156677
3181,15835.0,1.0,-1.0688444375991821,-0.202914759516716
3182,15839.0,1.0,-1.5215110778808594,-0.27088624238967896
3183,15840.0,1.0,-0.7988784909248352,-0.1623772382736206
3184,15845.0,1.0,-1.2559175491333008,-0.23100526630878448
3185,15849.0,1.0,-1.8198925256729126,-0.3156905472278595
3186,15855.0,1.0,-0.3031928241252899,-0.08794611692428589
3187,15856.0,1.0,-1.4016228914260864,-0.25288406014442444
3188,15863.0,1.0,-1.7703415155410767,-0.3082500696182251
3189,15870.0,0.0,0.054329536855220795,-0.034261297434568405
3190,15872.0,1.0,-2.5248866081237793,-0.42155101895332336
3191,15873.0,1.0,-0.5273389220237732,-0.28237923979759216
3192,15890.0,1.0,-2.172797679901123,-0.3686821162700653
3193,15901.0,1.0,-0.08253397792577744,-0.054812438786029816
3194,15903.0,1.0,-1.1344813108444214,-0.21277065575122833
3195,15907.0,1.0,-2.268996477127075,-0.3831270933151245
3196,15918.0,1.0,-0.3350868225097656,-0.2791907787322998
3197,15920.0,1.0,-2.9106333255767822,-0.47947394847869873
3198,15923.0,1.0,-1.4670251607894897,-0.2627047300338745
3199,15934.0,1.0,-1.290663480758667,-0.23622263967990875
3200,15946.0,1.0,-1.4866353273391724,-0.26564937829971313
3201,15947.0,1.0,-1.3946211338043213,-0.2518326938152313
3202,15954.0,1.0,-0.3237604796886444,-0.09103450179100037
3203,15956.0,1.0,-2.329056739807129,-0.3921456038951874
3204,15961.0,1.0,-1.5373284816741943,-0.27326133847236633
3205,15964.0,1.0,-3.738091230392456,-0.6037233471870422
3206,15968.0,1.0,-2.003406286239624,-0.3432466387748718
3207,15975.0,1.0,-0.740073025226593,-0.15354712307453156
3208,15980.0,1.0,-1.8501921892166138,-0.3202402889728546
3209,15983.0,1.0,-1.0564628839492798,-0.2010555863380432
3210,15989.0,0.0,0.054329536855220795,-0.034261297434568405
3211,15991.0,1.0,-2.234670400619507,-0.3779727816581726
3212,15996.0,1.0,-1.0679402351379395,-0.20277899503707886
3213,16002.0,1.0,-20.674360275268555,-3.1468379497528076
3214,16004.0,1.0,-1.8891149759292603,-0.32608485221862793
3215,16006.0,1.0,-2.2895712852478027,-0.38621658086776733
3216,16008.0,1.0,-1.51828134059906,-0.270401269197464
3217,16009.0,1.0,-0.48905149102211,-0.11585426330566406
3218,16013.0,1.0,-1.9077774286270142,-0.3288871645927429
3219,16014.0,1.0,-1.5640692710876465,-0.2772766947746277
3220,16015.0,1.0,-1.617848515510559,-0.28535205125808716
3221,16018.0,0.0,0.2805789113044739,-0.21071681380271912
3222,16019.0,1.0,-0.40336427092552185,-0.10298764705657959
3223,16021.0,1.0,-1.2318873405456543,-0.22739695012569427
3224,16031.0,0.0,0.054329536855220795,-0.034261297434568405
3225,16037.0,1.0,-27.519670486450195,-4.174715518951416
3226,16040.0,1.0,-1.6913851499557495,-0.2963941693305969
3227,16048.0,1.0,-17.827281951904297,-2.7193267345428467
3228,16057.0,1.0,-0.9578578472137451,-0.186249241232872
3229,16059.0,1.0,-0.5471721291542053,-0.12458153069019318
3230,16060.0,1.0,-1.8210067749023438,-0.3158578872680664
3231,16062.0,0.0,0.6747914552688599,-0.5181695222854614
3232,16068.0,0.0,0.054329536855220795,-0.034261297434568405
3233,16073.0,1.0,-0.669221043586731,-0.14290814101696014
3234,16082.0,0.0,0.7704269886016846,-0.5927572250366211
3235,16091.0,1.0,-1.5841892957687378,-0.2802978754043579
3236,16099.0,1.0,-1.0600489377975464,-0.2015940546989441
3237,16105.0,1.0,-1.1354866027832031,-0.2129216194152832
3238,16109.0,1.0,-1.4783798456192017,-0.26440975069999695
3239,16113.0,1.0,-0.5522204041481018,-0.1253395676612854
3240,16114.0,1.0,-0.8865113854408264,-0.17553600668907166
3241,16117.0,1.0,-0.2918389141559601,-0.0862412303686142
3242,16126.0,1.0,-0.1855962574481964,-0.07028805464506149
3243,16131.0,1.0,-1.110731601715088,-0.20920445024967194
3244,16133.0,0.0,0.33798947930336,-0.255492240190506
3245,16137.0,1.0,-2.692382574081421,-0.44670185446739197
3246,16138.0,1.0,-1.5617274045944214,-0.27692505717277527
3247,16143.0,1.0,-0.9117888808250427,-0.17933163046836853
3248,16145.0,1.0,-1.9454641342163086,-0.33454614877700806
3249,16146.0,1.0,-1.1235718727111816,-0.21113252639770508
3250,16152.0,0.0,0.054329536855220795,-0.034261297434568405
3251,16153.0,0.0,0.000667668879032135,-0.042319051921367645
3252,16157.0,0.0,0.10494770109653473,-0.07373921573162079
3253,16165.0,1.0,-21.2134952545166,-3.2277934551239014
3254,16170.0,1.0,-28.731060028076172,-4.3566155433654785
3255,16173.0,1.0,-1.3466933965682983,-0.24463599920272827
3256,16175.0,1.0,-28.437410354614258,-4.312521457672119
3257,16178.0,1.0,-1.8573557138442993,-0.3213159739971161
3258,16186.0,1.0,-1.0702236890792847,-0.2031218707561493
3259,16187.0,1.0,-0.23826780915260315,-0.10975825786590576
3260,16199.0,1.0,-1.4153896570205688,-0.25495126843452454
3261,16204.0,1.0,-1.791512131690979,-0.3114290237426758
3262,16206.0,1.0,-0.3119637072086334,-0.19958597421646118
3263,16216.0,1.0,-0.3368614614009857,-0.09300172328948975
3264,16217.0,1.0,-25.62466812133789,-3.8901660442352295
3265,16218.0,0.0,0.054329536855220795,-0.034261297434568405
3266,16219.0,1.0,-1.6283743381500244,-0.2869325876235962
3267,16224.0,1.0,-0.6435973644256592,-0.13906054198741913
3268,16225.0,1.0,-1.9381442070007324,-0.3334469795227051
3269,16228.0,1.0,-1.6296303272247314,-0.2871211767196655
3270,16232.0,1.0,-1.6619070768356323,-0.29196780920028687
3271,16236.0,1.0,-0.38979920744895935,-0.10095074772834778
3272,16242.0,1.0,-1.543631672859192,-0.27420783042907715
3273,16245.0,1.0,-22.276077270507812,-3.3873484134674072
3274,16246.0,0.0,0.18275025486946106,-0.17451231181621552
3275,16248.0,0.0,0.054329536855220795,-0.034261297434568405
3276,16249.0,0.0,0.5339313745498657,-0.4083104729652405
3277,16252.0,1.0,-0.37266120314598083,-0.09837733209133148
3278,16264.0,1.0,-1.1548384428024292,-0.21582745015621185
3279,16274.0,1.0,-2.0396203994750977,-0.3486844599246979
3280,16282.0,0.0,0.054329536855220795,-0.034261297434568405
3281,16287.0,1.0,-0.26712724566459656,-0.24386964738368988
3282,16290.0,1.0,-1.5444273948669434,-0.2743273079395294
3283,16296.0,1.0,-0.7566221356391907,-0.15603211522102356
3284,16300.0,1.0,-1.4073628187179565,-0.253745973110199
3285,16303.0,1.0,-0.8224292397499084,-0.16591356694698334
3286,16317.0,1.0,-2.5284669399261475,-0.422088623046875
3287,16318.0,0.0,0.054329536855220795,-0.034261297434568405
3288,16323.0,1.0,-1.59269118309021,-0.2815744876861572
3289,16331.0,1.0,-1.7320787906646729,-0.30250462889671326
3290,16337.0,1.0,-2.3464982509613037,-0.39476460218429565
3291,16338.0,0.0,0.4983344078063965,-0.38054782152175903
3292,16342.0,1.0,-1.2649223804473877,-0.23235741257667542
3293,16348.0,1.0,-1.0041275024414062,-0.19319701194763184
3294,16357.0,1.0,-1.427559733390808,-0.25677868723869324
3295,16393.0,1.0,-2.7197070121765137,-0.45080485939979553
3296,16396.0,1.0,-27.9719181060791,-4.242624282836914
3297,16397.0,1.0,-2.305429458618164,-0.3885978162288666
3298,16398.0,1.0,-0.6881933212280273,-0.14575697481632233
3299,16400.0,1.0,-1.2119420766830444,-0.22440201044082642
3300,16413.0,0.0,0.14292794466018677,-0.25427964329719543
3301,16414.0,1.0,-1.5267252922058105,-0.2716691792011261
3302,16416.0,1.0,-1.163954734802246,-0.21719633042812347
3303,16420.0,1.0,-1.420248031616211,-0.25568079948425293
3304,16421.0,1.0,-0.8308228850364685,-0.16717393696308136
3305,16427.0,0.0,0.054329536855220795,-0.034261297434568405
3306,16435.0,1.0,-0.4839460551738739,-0.11508764326572418
3307,16443.0,0.0,-0.0646044909954071,-0.26695165038108826
3308,16446.0,1.0,-2.275050163269043,-0.384036123752594
3309,16454.0,1.0,-2.2850093841552734,-0.38553157448768616
3310,16458.0,1.0,-2.1427814960479736,-0.3641749322414398
3311,16461.0,1.0,-1.6975446939468384,-0.29731908440589905
3312,16467.0,1.0,-1.8031716346740723,-0.31317979097366333
3313,16468.0,1.0,-0.7333539128303528,-0.1525382101535797
3314,16469.0,1.0,-3.680957078933716,-0.5951441526412964
3315,16470.0,1.0,-0.5122311115264893,-0.1193348616361618
3316,16471.0,0.0,0.054329536855220795,-0.034261297434568405
3317,16474.0,1.0,-24.881427764892578,-3.778562545776367
3318,16478.0,1.0,-1.5443871021270752,-0.2743212580680847
3319,16485.0,1.0,-0.3669581711292267,-0.09752097725868225
3320,16506.0,1.0,-1.333221435546875,-0.2426130622625351
3321,16517.0,0.0,0.054329536855220795,-0.034261297434568405
3322,16519.0,1.0,-2.0018556118011475,-0.3430137634277344
3323,16521.0,1.0,-0.8044860363006592,-0.16321925818920135
3324,16528.0,1.0,-1.7461236715316772,-0.3046135902404785
3325,16534.0,0.0,0.6341092586517334,-0.48644083738327026
3326,16538.0,1.0,-26.028051376342773,-3.9507369995117188
3327,16554.0,1.0,-1.7896332740783691,-0.31114691495895386
3328,16562.0,1.0,-1.7915802001953125,-0.31143924593925476
3329,16578.0,1.0,-1.4029232263565063,-0.2530793249607086
3330,16604.0,1.0,-1.4121893644332886,-0.25447070598602295
3331,16605.0,0.0,0.054329536855220795,-0.034261297434568405
3332,16606.0,1.0,-0.4833143651485443,-0.11499278247356415
3333,16615.0,1.0,-2.131708860397339,-0.3625122904777527
3334,16620.0,1.0,-2.2369649410247803,-0.37831729650497437
3335,16623.0,1.0,-0.6686469316482544,-0.14282193779945374
3336,16626.0,0.0,0.4189455509185791,-0.3186311721801758
3337,16641.0,1.0,-0.7510655522346497,-0.15519773960113525
3338,16643.0,1.0,-0.13228192925453186,-0.062282487750053406
3339,16646.0,1.0,-0.6422544121742249,-0.1388588845729828
3340,16648.0,0.0,0.40407729148864746,-0.3070351779460907
3341,16667.0,1.0,-2.3462436199188232,-0.39472636580467224
3342,16675.0,0.0,1.7737864255905151,-1.375293493270874
3343,16677.0,1.0,-1.494620680809021,-0.2668484151363373
3344,16682.0,1.0,-1.5753124952316284,-0.27896493673324585
3345,16685.0,1.0,-0.7634323239326477,-0.15705470740795135
3346,16694.0,0.0,0.054329536855220795,-0.034261297434568405
3347,16702.0,1.0,-0.958160400390625,-0.18629467487335205
3348,16717.0,1.0,-1.171216368675232,-0.21828670799732208
3349,16719.0,1.0,-3.1212427616119385,-0.5110986232757568
3350,16725.0,0.0,0.07966828346252441,-0.054023392498493195
3351,16732.0,1.0,-1.1615203619003296,-0.2168307900428772
3352,16733.0,1.0,-1.1297675371170044,-0.21206283569335938
3353,16735.0,0.0,0.054329536855220795,-0.034261297434568405
3354,16737.0,0.0,0.054329536855220795,-0.034261297434568405
3355,16739.0,0.0,-0.03684944659471512,-0.04795254394412041
3356,16742.0,1.0,-0.38733771443367004,-0.10058113932609558
3357,16747.0,1.0,-0.70232093334198,-0.14787834882736206
3358,16759.0,1.0,-2.9330344200134277,-0.48283764719963074
3359,16762.0,1.0,-0.9096990823745728,-0.1790178269147873
3360,16767.0,1.0,-1.168017029762268,-0.21780632436275482
3361,16777.0,1.0,-25.008678436279297,-3.7976701259613037
3362,16778.0,1.0,-1.514502763748169,-0.26983389258384705
3363,16783.0,1.0,-1.5598722696304321,-0.2766464650630951
3364,16788.0,1.0,-1.4120017290115356,-0.2544425427913666
3365,16790.0,1.0,-24.8331356048584,-3.7713112831115723
3366,16799.0,1.0,-1.1163910627365112,-0.21005426347255707
3367,16801.0,1.0,-2.1597633361816406,-0.3667248785495758
3368,16803.0,1.0,-0.44828519225120544,-0.10973288118839264
3369,16805.0,0.0,0.02147892862558365,-0.15553216636180878
3370,16807.0,1.0,-2.5133063793182373,-0.4198121726512909
3371,16809.0,0.0,0.9083707332611084,-0.7003417611122131
3372,16813.0,1.0,-1.1702297925949097,-0.21813859045505524
3373,16814.0,0.0,0.09129127860069275,-0.06308835744857788
3374,16818.0,1.0,-0.5378279685974121,-0.12317843735218048
3375,16825.0,1.0,-2.2403855323791504,-0.3788309395313263
3376,16828.0,1.0,-1.6482089757919312,-0.2899109125137329
3377,16830.0,0.0,0.054329536855220795,-0.034261297434568405
3378,16844.0,1.0,-1.1133731603622437,-0.20960110425949097
3379,16848.0,0.0,0.6403525471687317,-0.5000355243682861
3380,16860.0,0.0,0.28915905952453613,-0.21740861237049103
3381,16861.0,1.0,-1.8488059043884277,-0.32003214955329895
3382,16864.0,1.0,-0.8989496827125549,-0.17740371823310852
3383,16868.0,0.0,0.49562153220176697,-0.3784320056438446
3384,16869.0,0.0,0.054329536855220795,-0.034261297434568405
3385,16874.0,1.0,-0.6387137770652771,-0.1383272409439087
3386,16879.0,1.0,-1.2596479654312134,-0.2315654158592224
3387,16888.0,1.0,-4.2375359535217285,-0.6787188053131104
3388,16890.0,1.0,-1.046137809753418,-0.19950518012046814
3389,16900.0,1.0,-2.382260322570801,-0.40013453364372253
3390,16916.0,1.0,-0.7804217338562012,-0.15960581600666046
3391,16917.0,1.0,-2.53987455368042,-0.42380157113075256
3392,16923.0,0.0,0.237980455160141,-0.1774936020374298
3393,16936.0,1.0,-1.619081974029541,-0.2855372726917267
3394,16943.0,1.0,-1.400315284729004,-0.2526877224445343
3395,16947.0,1.0,-1.4029442071914673,-0.2530824840068817
3396,16959.0,1.0,-30.117733001708984,-4.564835071563721
3397,16963.0,1.0,-2.0761911869049072,-0.354175865650177
3398,16966.0,1.0,-1.1732510328292847,-0.21859224140644073
3399,16970.0,1.0,-1.0530319213867188,-0.20054039359092712
3400,16973.0,1.0,-2.004678964614868,-0.34343773126602173
3401,16978.0,0.0,0.6284849047660828,-0.48205429315567017
3402,16979.0,1.0,-26.132051467895508,-3.966353416442871
3403,16982.0,1.0,-1.4589418172836304,-0.26149097084999084
3404,16985.0,1.0,-2.437749147415161,-0.408466637134552
3405,16989.0,1.0,-1.99319589138031,-0.34171345829963684
3406,16994.0,1.0,-1.8041894435882568,-0.31333261728286743
3407,16998.0,1.0,-0.9602317810058594,-0.18660570681095123
3408,17005.0,1.0,-1.945900321006775,-0.3346116244792938
3409,17019.0,1.0,-1.7534857988357544,-0.3057190775871277
3410,17023.0,1.0,-2.7477400302886963,-0.4550142288208008
3411,17024.0,1.0,-0.05605557560920715,-0.05083649605512619
3412,17034.0,1.0,-29.35283660888672,-4.44998025894165
3413,17041.0,0.0,0.1778939962387085,-0.1306312084197998
3414,17043.0,1.0,-1.9615610837936401,-0.3369632363319397
3415,17046.0,1.0,-0.7620962262153625,-0.15685409307479858
3416,17047.0,0.0,-0.15367621183395386,-0.17180898785591125
3417,17057.0,1.0,-25.443416595458984,-3.8629496097564697
3418,17059.0,1.0,-24.501136779785156,-3.721458673477173
3419,17061.0,1.0,-0.31219246983528137,-0.08929748088121414
3420,17063.0,1.0,-0.9019526839256287,-0.17785464227199554
3421,17067.0,0.0,0.6377878189086914,-0.48930981755256653
3422,17079.0,1.0,-1.4328298568725586,-0.2575700581073761
3423,17081.0,1.0,-0.46840736269950867,-0.11275438964366913
3424,17089.0,1.0,-1.9083430767059326,-0.32897210121154785
3425,17091.0,1.0,-3.0176055431365967,-0.4955366551876068
3426,17102.0,1.0,-2.024808406829834,-0.3464603126049042
3427,17106.0,1.0,-0.8328846096992493,-0.16748352348804474
3428,17110.0,1.0,-1.8878768682479858,-0.3258989453315735
3429,17114.0,0.0,0.19707906246185303,-0.26435190439224243
3430,17121.0,0.0,1.5838533639907837,-1.2271616458892822
3431,17140.0,1.0,-0.8676061034202576,-0.17269723117351532
3432,17157.0,1.0,-2.253012180328369,-0.3807269334793091
3433,17159.0,0.0,0.054329536855220795,-0.034261297434568405
3434,17161.0,0.0,0.1851140856742859,-0.13626226782798767
3435,17164.0,1.0,-0.3726692795753479,-0.09837855398654938
3436,17165.0,0.0,-0.026469141244888306,-0.04639386013150215
3437,17167.0,0.0,0.10988541692495346,-0.0775902196764946
3438,17172.0,1.0,-2.568460464477539,-0.4280939996242523
3439,17173.0,1.0,-1.691921353340149,-0.2964746654033661
3440,17174.0,1.0,-1.5542603731155396,-0.275803804397583
3441,17178.0,1.0,-2.041836738586426,-0.34901726245880127
3442,17180.0,1.0,-0.8987595438957214,-0.1773751676082611
3443,17181.0,1.0,-1.4952058792114258,-0.2669363021850586
3444,17183.0,1.0,-1.409419298171997,-0.2540547549724579
3445,17187.0,1.0,-1.821945309638977,-0.3159988224506378
3446,17200.0,1.0,-1.1755176782608032,-0.2189325988292694
3447,17201.0,0.0,0.10977952182292938,-0.0775076299905777
3448,17204.0,0.0,1.9765801429748535,-1.533455491065979
3449,17210.0,1.0,-2.5056357383728027,-0.41866037249565125
3450,17211.0,1.0,-0.2348318099975586,-0.07768116891384125
3451,17216.0,1.0,-0.4243173599243164,-0.10613392293453217
3452,17218.0,1.0,-0.599323034286499,-0.1324124038219452
3453,17219.0,1.0,-2.737936019897461,-0.4535420835018158
3454,17227.0,1.0,-1.6597157716751099,-0.2916387617588043
3455,17228.0,1.0,-1.2082407474517822,-0.2238462120294571
3456,17233.0,0.0,1.5905516147613525,-1.2323856353759766
3457,17235.0,1.0,-0.5791198015213013,-0.12937873601913452
3458,17237.0,1.0,-1.2026447057724,-0.22300593554973602
3459,17245.0,0.0,0.5837737321853638,-0.4471833407878876
3460,17247.0,1.0,-3.7633213996887207,-0.6075118184089661
3461,17250.0,0.0,0.054329536855220795,-0.034261297434568405
3462,17257.0,1.0,-1.6910624504089355,-0.29634571075439453
3463,17258.0,0.0,0.054329536855220795,-0.034261297434568405
3464,17268.0,0.0,1.3232622146606445,-1.023922324180603
3465,17274.0,1.0,-1.2333232164382935,-0.22761255502700806
3466,17276.0,0.0,0.054329536855220795,-0.034261297434568405
3467,17280.0,1.0,-1.7537755966186523,-0.3057625889778137
3468,17282.0,1.0,-1.7693612575531006,-0.30810290575027466
3469,17292.0,1.0,-1.9205031394958496,-0.33079805970191956
3470,17296.0,1.0,-1.2181963920593262,-0.22534114122390747
3471,17298.0,1.0,-0.3880954086780548,-0.10069490969181061
3472,17299.0,1.0,-1.6355112791061401,-0.2880042791366577
3473,17300.0,0.0,-0.09285979717969894,-0.26598578691482544
3474,17303.0,1.0,-0.27857890725135803,-0.08425013720989227
3475,17315.0,1.0,-0.8952344059944153,-0.17684583365917206
3476,17320.0,1.0,-1.475175380706787,-0.2639285624027252
3477,17326.0,1.0,-1.6307742595672607,-0.2872929573059082
3478,17329.0,1.0,-1.1773000955581665,-0.2192002534866333
3479,17331.0,1.0,-2.4633827209472656,-0.4123157262802124
3480,17340.0,1.0,-26.476240158081055,-4.018036365509033
3481,17347.0,1.0,-0.6003323197364807,-0.3107569217681885
3482,17355.0,1.0,-1.2796595096588135,-0.23457032442092896
3483,17356.0,0.0,0.054329536855220795,-0.034261297434568405
3484,17357.0,1.0,-2.140721321105957,-0.36386558413505554
3485,17369.0,1.0,-31.114103317260742,-4.71444845199585
3486,17372.0,1.0,-1.1276931762695312,-0.21175137162208557
3487,17374.0,0.0,0.34386512637138367,-0.33429959416389465
3488,17376.0,1.0,-2.3918404579162598,-0.4015730917453766
3489,17377.0,1.0,-1.0969337224960327,-0.20713259279727936
3490,17383.0,1.0,-1.0469183921813965,-0.19962239265441895
3491,17387.0,0.0,-0.04992823302745819,-0.1360103189945221
3492,17392.0,0.0,0.054329536855220795,-0.034261297434568405
3493,17398.0,0.0,0.2560073435306549,-0.1915530562400818
3494,17400.0,0.0,-0.011566482484340668,-0.04415610432624817
3495,17403.0,1.0,-1.808213710784912,-0.31393691897392273
3496,17411.0,1.0,-2.6161835193634033,-0.43525996804237366
3497,17414.0,1.0,-1.8807626962661743,-0.32483071088790894
3498,17425.0,1.0,-1.2435643672943115,-0.22915035486221313
3499,17433.0,0.0,0.5110467076301575,-0.39046236872673035
3500,17435.0,1.0,-0.12102625519037247,-0.11095434427261353
3501,17450.0,1.0,-1.1102449893951416,-0.2091313898563385
3502,17451.0,1.0,-1.0125482082366943,-0.19446143507957458
3503,17452.0,1.0,-1.8120085000991821,-0.31450673937797546
3504,17456.0,1.0,-0.7482144832611084,-0.154769629240036
3505,17458.0,1.0,-0.43833982944488525,-0.10823950171470642
3506,17459.0,1.0,-3.488342523574829,-0.5662215948104858
3507,17465.0,1.0,-0.07790114730596542,-0.054116781800985336
3508,17466.0,1.0,-0.05289553850889206,-0.0503619909286499
3509,17469.0,1.0,-1.3077369928359985,-0.23878636956214905
3510,17483.0,1.0,-0.7370367050170898,-0.1530911922454834
3511,17485.0,1.0,-30.87607192993164,-4.67870569229126
3512,17488.0,1.0,-3.9733378887176514,-0.6390474438667297
3513,17494.0,1.0,-0.46391764283180237,-0.11208021640777588
3514,17496.0,1.0,-0.548601508140564,-0.12479616701602936
3515,17497.0,1.0,-1.9626327753067017,-0.33712413907051086
3516,17504.0,1.0,-0.974193811416626,-0.18870221078395844
3517,17509.0,0.0,0.054329536855220795,-0.034261297434568405
3518,17511.0,1.0,-2.4482624530792236,-0.410045325756073
3519,17513.0,0.0,0.6002900004386902,-0.46006467938423157
3520,17515.0,0.0,-0.008742168545722961,-0.043732013553380966
3521,17531.0,1.0,-2.2299184799194336,-0.377259224653244
3522,17541.0,1.0,-1.876645565032959,-0.3242124915122986
3523,17554.0,1.0,-1.3916231393814087,-0.2513825297355652
3524,17556.0,0.0,0.1799653172492981,-0.13224667310714722
3525,17562.0,1.0,-0.8025036454200745,-0.16292159259319305
3526,17568.0,1.0,-3.0351788997650146,-0.4981754422187805
3527,17569.0,0.0,0.15746454894542694,-0.1417095959186554
3528,17572.0,1.0,-0.9207257628440857,-0.18067356944084167
3529,17577.0,1.0,-21.614669799804688,-3.2880330085754395
3530,17584.0,1.0,-1.554209589958191,-0.27579617500305176
3531,17590.0,1.0,-2.2985284328460693,-0.387561559677124
3532,17591.0,1.0,-1.450848937034607,-0.2602757513523102
3533,17607.0,1.0,-25.87353515625,-3.92753529548645
3534,17611.0,1.0,-1.1108684539794922,-0.20922499895095825
3535,17617.0,1.0,-2.41514253616333,-0.40507206320762634
3536,17624.0,1.0,-1.8479756116867065,-0.31990745663642883
3537,17627.0,0.0,0.054329536855220795,-0.034261297434568405
3538,17629.0,1.0,-2.2263662815093994,-0.37672585248947144
3539,17641.0,1.0,-23.64154052734375,-3.592383623123169
3540,17642.0,1.0,-1.8250583410263062,-0.31646624207496643
3541,17644.0,1.0,-1.899454951286316,-0.3276374936103821
3542,17654.0,1.0,-1.4419382810592651,-0.2589377462863922
3543,17662.0,1.0,-23.71921157836914,-3.60404634475708
3544,17663.0,1.0,-0.8492270708084106,-0.16993747651576996
3545,17665.0,1.0,-1.6688181161880493,-0.2930055558681488
3546,17666.0,1.0,-0.8308226466178894,-0.16717390716075897
3547,17669.0,1.0,-2.355229139328003,-0.39607563614845276
3548,17685.0,1.0,-29.927743911743164,-4.536306858062744
3549,17686.0,1.0,-28.226953506469727,-4.280920028686523
3550,17700.0,0.0,0.3032001852989197,-0.22835952043533325
3551,17702.0,1.0,-1.1602749824523926,-0.2166437804698944
3552,17705.0,1.0,-1.6482385396957397,-0.2899153530597687
3553,17707.0,1.0,-0.7956629395484924,-0.16189439594745636
3554,17709.0,1.0,-1.4812744855880737,-0.2648443877696991
3555,17712.0,1.0,-1.5990771055221558,-0.2825333774089813
3556,17719.0,1.0,-0.3960171937942505,-0.1580268144607544
3557,17721.0,1.0,-1.256574034690857,-0.23110385239124298
3558,17722.0,1.0,-2.614267110824585,-0.43497222661972046
3559,17723.0,1.0,-2.2445852756500244,-0.3794615864753723
3560,17738.0,1.0,-2.3700358867645264,-0.398298978805542
3561,17740.0,0.0,1.9517552852630615,-1.5140942335128784
3562,17744.0,1.0,-1.4488669633865356,-0.25997814536094666
3563,17753.0,0.0,1.2557392120361328,-0.9712600708007812
3564,17758.0,1.0,-3.5631778240203857,-0.5774586796760559
3565,17761.0,1.0,-1.235447645187378,-0.22793154418468475
3566,17762.0,1.0,-2.2709362506866455,-0.38341838121414185
3567,17763.0,1.0,-0.19935309886932373,-0.07235375046730042
3568,17768.0,1.0,-0.3882908821105957,-0.10072426497936249
3569,17776.0,0.0,-0.003557678312063217,-0.04295352101325989
3570,17783.0,1.0,-0.5489508509635925,-0.1248486191034317
3571,17786.0,1.0,-1.24312424659729,-0.22908425331115723
3572,17792.0,1.0,-2.723210334777832,-0.45133090019226074
3573,17795.0,1.0,-3.659148693084717,-0.5918694734573364
3574,17798.0,0.0,0.09025026857852936,-0.0622764527797699
3575,17802.0,1.0,-0.9425471425056458,-0.18395023047924042
3576,17804.0,1.0,-1.4968103170394897,-0.2671772241592407
3577,17808.0,0.0,0.007349122315645218,-0.04131577908992767
3578,17819.0,1.0,-0.19752398133277893,-0.07207909971475601
3579,17820.0,0.0,-0.0005489103496074677,-0.04250173270702362
3580,17821.0,1.0,-1.9640687704086304,-0.33733975887298584
3581,17822.0,1.0,-0.8828008770942688,-0.1749788522720337
3582,17823.0,1.0,-27.39965057373047,-4.156693458557129
3583,17828.0,1.0,-1.0174823999404907,-0.19520235061645508
3584,17829.0,1.0,-2.068060874938965,-0.35295504331588745
3585,17846.0,1.0,-1.6488782167434692,-0.2900114059448242
3586,17849.0,1.0,-0.318208247423172,-0.09020079672336578
3587,17850.0,0.0,0.4171620011329651,-0.37965911626815796
3588,17851.0,0.0,0.6197810769081116,-0.4752660393714905
3589,17860.0,1.0,-0.7194378972053528,-0.15044860541820526
3590,17861.0,1.0,-0.5155205130577087,-0.18466831743717194
3591,17864.0,1.0,-0.30076056718826294,-0.08758088946342468
3592,17871.0,1.0,-1.1157245635986328,-0.2099541872739792
3593,17880.0,1.0,-2.46028208732605,-0.4118501543998718
3594,17883.0,1.0,-1.4298831224441528,-0.257127583026886
3595,17900.0,1.0,-1.3626413345336914,-0.24703069031238556
3596,17904.0,1.0,-1.532213807106018,-0.2724933326244354
3597,17905.0,0.0,0.054329536855220795,-0.034261297434568405
3598,17910.0,0.0,0.5976196527481079,-0.45798200368881226
3599,17913.0,1.0,-0.8142688870429993,-0.16468822956085205
3600,17915.0,1.0,-1.2673377990722656,-0.23272010684013367
3601,17921.0,1.0,-1.7765662670135498,-0.3091847896575928
3602,17933.0,1.0,-1.234572172164917,-0.22780008614063263
3603,17936.0,0.0,0.054329536855220795,-0.034261297434568405
3604,17941.0,1.0,-2.769688129425049,-0.45830991864204407
3605,17956.0,1.0,-1.7640169858932495,-0.3073004186153412
3606,17977.0,1.0,-1.1519569158554077,-0.2153947651386261
3607,17979.0,1.0,-0.22813260555267334,-0.07667522132396698
3608,18003.0,0.0,0.2565087080001831,-0.19194409251213074
3609,18011.0,0.0,0.054329536855220795,-0.034261297434568405
3610,18017.0,1.0,-0.9727630615234375,-0.18848738074302673
3611,18022.0,0.0,0.054329536855220795,-0.034261297434568405
3612,18026.0,1.0,-1.746230125427246,-0.3046295642852783
3613,18037.0,0.0,0.054329536855220795,-0.034261297434568405
3614,18042.0,1.0,-2.601682424545288,-0.43308255076408386
3615,18047.0,1.0,-2.103052854537964,-0.3582093417644501
3616,18049.0,0.0,0.37344107031822205,-0.28314152359962463
3617,18053.0,1.0,-1.6621111631393433,-0.2919984459877014
3618,18054.0,1.0,-1.5110878944396973,-0.26932111382484436
3619,18061.0,1.0,-1.6432466506958008,-0.28916579484939575
3620,18072.0,1.0,-2.246394634246826,-0.37973323464393616
3621,18073.0,1.0,-1.5004024505615234,-0.26771658658981323
3622,18076.0,1.0,-22.687959671020508,-3.4491958618164062
3623,18077.0,1.0,-0.7393642663955688,-0.1534406989812851
3624,18104.0,1.0,-3.072296142578125,-0.503748893737793
3625,18109.0,1.0,-0.8169367909431458,-0.16508884727954865
3626,18116.0,1.0,-0.6450446844100952,-0.1392778754234314
3627,18117.0,1.0,-1.8534435033798218,-0.32072851061820984
3628,18123.0,1.0,-1.132875919342041,-0.21252958476543427
3629,18126.0,1.0,-0.42532849311828613,-0.10628575086593628
3630,18134.0,1.0,-0.5615789294242859,-0.1894882768392563
3631,18138.0,0.0,0.5996510982513428,-0.4595663547515869
3632,18140.0,1.0,-1.124136209487915,-0.2112172544002533
3633,18145.0,1.0,-1.6486539840698242,-0.2899777293205261
3634,18147.0,0.0,0.293913334608078,-0.2211165577173233
3635,18148.0,1.0,-1.84059739112854,-0.31879955530166626
3636,18162.0,0.0,0.20981267094612122,-0.1555251032114029
3637,18164.0,1.0,-3.2973392009735107,-0.5375409126281738
3638,18168.0,1.0,-1.105302095413208,-0.20838916301727295
3639,18176.0,1.0,-0.9944674968719482,-0.19174647331237793
3640,18181.0,1.0,-0.9357646107673645,-0.1829317808151245
3641,18184.0,1.0,-1.6605182886123657,-0.29175928235054016
3642,18187.0,1.0,-2.997535467147827,-0.4925230145454407
3643,18196.0,1.0,-1.1186933517456055,-0.21039997041225433
3644,18200.0,1.0,-0.315254271030426,-0.10535874962806702
3645,18201.0,1.0,-0.5587137341499329,-0.1289556920528412
3646,18215.0,1.0,-0.8485767841339111,-0.16983982920646667
3647,18216.0,1.0,-1.4884226322174072,-0.26591774821281433
3648,18217.0,1.0,-2.693391799926758,-0.4468533992767334
3649,18218.0,1.0,-1.6946769952774048,-0.29688847064971924
3650,18239.0,1.0,-1.535706639289856,-0.2730178236961365
3651,18243.0,1.0,-1.7411404848098755,-0.30386531352996826
3652,18251.0,0.0,0.054329536855220795,-0.034261297434568405
3653,18258.0,1.0,-0.42549929022789,-0.10631139576435089
3654,18262.0,0.0,0.674192488193512,-0.5177024006843567
3655,18265.0,0.0,0.054329536855220795,-0.034261297434568405
3656,18266.0,1.0,-27.013137817382812,-4.098655700683594
3657,18268.0,1.0,-1.1556551456451416,-0.21595007181167603
3658,18270.0,1.0,-2.3541080951690674,-0.39590728282928467
3659,18291.0,0.0,0.10406792163848877,-0.10938520729541779
3660,18297.0,1.0,-0.5047837495803833,-0.11821658909320831
3661,18309.0,1.0,-0.5348219871520996,-0.12272705137729645
3662,18314.0,1.0,-0.4427757263183594,-0.1089055985212326
3663,18315.0,0.0,0.6239020228385925,-0.4784800410270691
3664,18327.0,1.0,-1.4851269721984863,-0.26542288064956665
3665,18343.0,1.0,-1.7130413055419922,-0.2996459901332855
3666,18345.0,1.0,-1.4930092096328735,-0.2666064500808716
3667,18350.0,1.0,-1.143237829208374,-0.21408553421497345
3668,18362.0,1.0,-0.7889862656593323,-0.1608918458223343
3669,18364.0,1.0,-1.7322992086410522,-0.302537739276886
3670,18372.0,1.0,-0.5869333148002625,-0.1305519938468933
3671,18377.0,1.0,-0.8041123747825623,-0.16316314041614532
3672,18379.0,1.0,-24.254547119140625,-3.684431552886963
3673,18384.0,0.0,0.15289653837680817,-0.11113528907299042
3674,18390.0,1.0,-0.4028274118900299,-0.10290703177452087
3675,18405.0,1.0,-1.1420133113861084,-0.21390165388584137
3676,18408.0,1.0,-0.5995561480522156,-0.13244740664958954
3677,18420.0,1.0,-1.0410829782485962,-0.19874615967273712
3678,18424.0,1.0,-1.4185453653335571,-0.2554251253604889
3679,18428.0,1.0,-0.4214547574520111,-0.3190806210041046
3680,18431.0,0.0,0.054329536855220795,-0.034261297434568405
3681,18436.0,0.0,0.692039966583252,-0.5316219329833984
3682,18438.0,1.0,-0.36594241857528687,-0.09736846387386322
3683,18446.0,1.0,-1.06632399559021,-0.20253629982471466
3684,18450.0,1.0,-0.7029159665107727,-0.1740252673625946
3685,18452.0,1.0,-1.5272642374038696,-0.2717501223087311
3686,18457.0,0.0,0.3781609535217285,-0.2868225872516632
3687,18459.0,1.0,-1.7182198762893677,-0.30042362213134766
3688,18461.0,1.0,-29.482276916503906,-4.469416618347168
3689,18462.0,1.0,-0.09827613085508347,-0.057176247239112854
3690,18468.0,1.0,-1.3269420862197876,-0.2416701763868332
3691,18471.0,1.0,-1.6524384021759033,-0.2905460000038147
3692,18475.0,1.0,-0.4564543664455414,-0.11095954477787018
3693,18477.0,1.0,-1.5732951164245605,-0.2786620259284973
3694,18490.0,0.0,0.8840660452842712,-0.6813861727714539
3695,18493.0,1.0,-0.32525357604026794,-0.091258704662323
3696,18496.0,1.0,-2.6409175395965576,-0.43897396326065063
3697,18501.0,1.0,-1.7416945695877075,-0.3039485216140747
3698,18506.0,1.0,-1.0627014636993408,-0.20199234783649445
3699,18509.0,1.0,-0.634723961353302,-0.13772812485694885
3700,18517.0,1.0,-1.7311100959777832,-0.3023591935634613
3701,18523.0,1.0,-1.727105736732483,-0.30175790190696716
3702,18526.0,1.0,-2.35701322555542,-0.39634349942207336
3703,18528.0,1.0,-1.671927571296692,-0.29347243905067444
3704,18529.0,0.0,1.491395115852356,-1.1550519466400146
3705,18539.0,0.0,0.054329536855220795,-0.034261297434568405
3706,18542.0,1.0,-0.8033191561698914,-0.1630440354347229
3707,18556.0,1.0,-0.6459038257598877,-0.13940687477588654
3708,18562.0,0.0,0.18830537796020508,-0.13875122368335724
3709,18563.0,1.0,-0.7682828307151794,-0.15778306126594543
3710,18566.0,1.0,-1.2300509214401245,-0.22712118923664093
3711,18567.0,1.0,-2.0484931468963623,-0.3500167727470398
3712,18571.0,1.0,-1.3724446296691895,-0.2485027313232422
3713,18573.0,1.0,-1.7548648118972778,-0.3059261441230774
3714,18587.0,0.0,0.054329536855220795,-0.034261297434568405
3715,18589.0,1.0,-3.0956766605377197,-0.5072596669197083
3716,18590.0,1.0,-0.515518307685852,-0.11982846260070801
3717,18592.0,1.0,-0.14782613515853882,-0.06461656838655472
3718,18596.0,1.0,-1.6332128047943115,-0.2876591384410858
3719,18604.0,0.0,0.7193762063980103,-0.5529418587684631
3720,18607.0,1.0,-1.7004433870315552,-0.29775434732437134
3721,18608.0,1.0,-1.5802865028381348,-0.27971184253692627
3722,18615.0,1.0,-0.4388655722141266,-0.10831844806671143
3723,18616.0,1.0,-1.7887153625488281,-0.3110090494155884
3724,18617.0,1.0,-1.765291690826416,-0.30749180912971497
3725,18626.0,1.0,-0.42016273736953735,-0.10551007091999054
3726,18629.0,1.0,-1.0089656114578247,-0.1939234882593155
3727,18648.0,0.0,0.054329536855220795,-0.034261297434568405
3728,18655.0,1.0,-1.21677565574646,-0.22512780129909515
3729,18659.0,1.0,-1.7957615852355957,-0.3120671212673187
3730,18665.0,0.0,0.054329536855220795,-0.034261297434568405
3731,18687.0,0.0,0.7413702011108398,-0.5700953602790833
3732,18689.0,1.0,-2.339956521987915,-0.3937823176383972
3733,18691.0,1.0,-0.7497435808181763,-0.154999241232872
3734,18693.0,1.0,-2.722121238708496,-0.45116734504699707
3735,18695.0,1.0,-1.9600054025650024,-0.33672961592674255
3736,18696.0,0.0,19.985265731811523,-25.399938583374023
3737,18697.0,1.0,-2.1785049438476562,-0.3695390820503235
3738,18703.0,1.0,-0.33635470271110535,-0.09292563050985336
3739,18708.0,1.0,-1.243291974067688,-0.22910943627357483
3740,18711.0,0.0,0.11582698673009872,-0.08222414553165436
3741,18722.0,1.0,-27.388547897338867,-4.155026435852051
3742,18743.0,1.0,-0.2375284731388092,-0.07808609306812286
3743,18744.0,1.0,-1.1269044876098633,-0.21163293719291687
3744,18745.0,1.0,-1.764466643333435,-0.3073679208755493
3745,18746.0,1.0,-29.856369018554688,-4.525589466094971
3746,18749.0,1.0,-0.1941104233264923,-0.07156652212142944
3747,18754.0,1.0,-0.7374482154846191,-0.15315300226211548
3748,18757.0,1.0,-1.290063500404358,-0.23613254725933075
3749,18762.0,1.0,-1.7361326217651367,-0.3031133711338043
3750,18766.0,1.0,-0.20695441961288452,-0.07349514961242676
3751,18769.0,0.0,113.13467407226562,-127.20336151123047
3752,18772.0,1.0,-0.701729953289032,-0.1477896124124527
3753,18775.0,0.0,0.32457834482192993,-0.2450326830148697
3754,18777.0,1.0,-25.454544067382812,-3.8646204471588135
3755,18784.0,1.0,-1.850633978843689,-0.3203066289424896
3756,18796.0,0.0,0.054329536855220795,-0.034261297434568405
3757,18803.0,1.0,-3.7271275520324707,-0.6020770072937012
3758,18804.0,1.0,-1.266818881034851,-0.23264218866825104
3759,18805.0,1.0,-2.5705466270446777,-0.4284072518348694
3760,18806.0,0.0,1.151572346687317,-0.8900186419487
3761,18813.0,1.0,-1.367214322090149,-0.24771736562252045
3762,18818.0,1.0,-1.762008547782898,-0.3069988191127777
3763,18828.0,0.0,0.054329536855220795,-0.034261297434568405
3764,18830.0,1.0,-1.316502332687378,-0.24010255932807922
3765,18834.0,0.0,0.2359570562839508,-0.17591552436351776
3766,18855.0,1.0,-0.3789672553539276,-0.09932424128055573
3767,18860.0,0.0,0.054329536855220795,-0.034261297434568405
3768,18861.0,1.0,-0.8273876309394836,-0.16665810346603394
3769,18862.0,1.0,-0.6104947924613953,-0.13408993184566498
3770,18866.0,1.0,-1.9819008111953735,-0.3400173783302307
3771,18870.0,1.0,-22.08917808532715,-3.3592841625213623
3772,18871.0,1.0,-0.5348314046859741,-0.12272846698760986
3773,18877.0,1.0,-1.341168999671936,-0.24380645155906677
3774,18882.0,1.0,-1.4688966274261475,-0.2629857659339905
3775,18890.0,1.0,-1.7082250118255615,-0.2989228069782257
3776,18896.0,1.0,-1.1298695802688599,-0.21207818388938904
3777,18904.0,1.0,-0.18087193369865417,-0.06957866251468658
3778,18905.0,1.0,-26.81199073791504,-4.068451881408691
3779,18907.0,1.0,-1.184407114982605,-0.2202674150466919
3780,18909.0,1.0,-1.3598613739013672,-0.2466132640838623
3781,18920.0,1.0,-0.8669844269752502,-0.17260387539863586
3782,18925.0,1.0,-1.398573875427246,-0.25242623686790466
3783,18926.0,1.0,-0.34401029348373413,-0.09407518059015274
3784,18929.0,1.0,-0.9255528450012207,-0.1813983917236328
3785,18931.0,0.0,0.06770461052656174,-0.04469273239374161
3786,18934.0,0.0,-0.22736451029777527,-0.23718002438545227
3787,18935.0,1.0,-1.4856045246124268,-0.26549458503723145
3788,18936.0,1.0,-1.3809089660644531,-0.24977371096611023
3789,18937.0,1.0,-2.258280038833618,-0.3815179169178009
3790,18938.0,1.0,-5.632526397705078,-0.8881877064704895
3791,18943.0,1.0,-1.449537992477417,-0.26007890701293945
3792,18947.0,1.0,-1.3484984636306763,-0.24490703642368317
3793,18948.0,1.0,-1.2169772386550903,-0.22515808045864105
3794,18955.0,1.0,-1.3151978254318237,-0.2399066686630249
3795,18962.0,1.0,-2.5999910831451416,-0.4328285753726959
3796,18964.0,1.0,-24.79544448852539,-3.765651226043701
3797,18966.0,1.0,-1.1193073987960815,-0.21049217879772186
3798,18968.0,1.0,-1.066824197769165,-0.20261141657829285
3799,18970.0,1.0,-1.8480767011642456,-0.31992265582084656
3800,18976.0,1.0,-2.2382078170776367,-0.3785039484500885
3801,18978.0,1.0,-0.13113409280776978,-0.06211012974381447
3802,18985.0,1.0,-1.11038339138031,-0.20915216207504272
3803,18986.0,1.0,-0.5893979668617249,-0.1309220790863037
3804,18994.0,1.0,-1.4462798833847046,-0.25958967208862305
3805,18999.0,1.0,-0.05529659241437912,-0.050722528249025345
3806,19004.0,1.0,-0.9901179075241089,-0.1910933405160904
3807,19023.0,1.0,-1.3985027074813843,-0.2524155378341675
3808,19033.0,1.0,-1.8410065174102783,-0.3188610076904297
3809,19049.0,1.0,-1.864980936050415,-0.32246094942092896
3810,19050.0,0.0,0.41958731412887573,-0.3191317021846771
3811,19059.0,0.0,0.8801933526992798,-0.6783657670021057
3812,19081.0,1.0,-1.5207509994506836,-0.2707720994949341
3813,19087.0,1.0,-0.7487052083015442,-0.1548433154821396
3814,19090.0,1.0,-2.5889997482299805,-0.43117812275886536
3815,19092.0,0.0,0.8664109706878662,-0.6676166653633118
3816,19093.0,1.0,-0.43210718035697937,-0.10730361938476562
3817,19097.0,1.0,-1.4479254484176636,-0.25983676314353943
3818,19100.0,1.0,-2.2904272079467773,-0.38634511828422546
3819,19119.0,1.0,-0.8765968680381775,-0.17404727637767792
3820,19125.0,1.0,-1.9302880764007568,-0.33226731419563293
3821,19130.0,1.0,-1.9788342714309692,-0.3395569324493408
3822,19135.0,1.0,-1.6430152654647827,-0.2891310453414917
3823,19136.0,1.0,-0.7962035536766052,-0.16197557747364044
3824,19138.0,0.0,0.5175619125366211,-0.3955436944961548
3825,19141.0,1.0,-0.8538982272148132,-0.17063888907432556
3826,19143.0,1.0,-1.2235405445098877,-0.22614361345767975
3827,19156.0,0.0,0.19332528114318848,-0.15301105380058289
3828,19162.0,1.0,-1.7323662042617798,-0.302547812461853
3829,19163.0,1.0,-1.2687633037567139,-0.2329341620206833
3830,19165.0,1.0,-0.7000579833984375,-0.14753855764865875
3831,19169.0,1.0,-1.2756117582321167,-0.2339625060558319
3832,19171.0,0.0,0.742908775806427,-0.5712953209877014
3833,19185.0,0.0,0.20180293917655945,-0.1492781639099121
3834,19188.0,1.0,-1.462781310081482,-0.2620674967765808
3835,19196.0,0.0,1.3259263038635254,-1.0260001420974731
3836,19199.0,0.0,0.7633452415466309,-0.5872340798377991
3837,19205.0,1.0,-1.0547693967819214,-0.200801283121109
3838,19208.0,1.0,-1.005199670791626,-0.19335800409317017
3839,19221.0,1.0,-0.7103073596954346,-0.14907757937908173
3840,19228.0,1.0,-1.3713417053222656,-0.24833711981773376
3841,19230.0,0.0,0.7071776390075684,-0.5434280037879944
3842,19234.0,1.0,-3.2789981365203857,-0.5347868800163269
3843,19239.0,1.0,-29.92166519165039,-4.535394191741943
3844,19242.0,1.0,-2.331997871398926,-0.39258724451065063
3845,19244.0,1.0,-1.3117470741271973,-0.23938851058483124
3846,19245.0,1.0,-1.0435469150543213,-0.19911614060401917
3847,19256.0,1.0,-1.9242615699768066,-0.33136239647865295
3848,19260.0,1.0,-2.1761138439178467,-0.36918002367019653
3849,19262.0,1.0,-0.2110927700996399,-0.07411655783653259
3850,19268.0,1.0,-1.45589017868042,-0.26103273034095764
3851,19281.0,0.0,1.2441266775131226,-0.9622032046318054
3852,19283.0,1.0,-0.7249278426170349,-0.1512729674577713
3853,19284.0,0.0,3.127243757247925,-2.4308762550354004
3854,19301.0,0.0,0.054329536855220795,-0.034261297434568405
3855,19310.0,1.0,-2.590005397796631,-0.4313291311264038
3856,19313.0,0.0,0.43018838763237,-0.3273996412754059
3857,19315.0,1.0,-1.6251914501190186,-0.2864546775817871
3858,19318.0,1.0,-1.3512651920318604,-0.24532248079776764
3859,19320.0,1.0,-0.6131649613380432,-0.13449087738990784
3860,19323.0,0.0,0.054329536855220795,-0.034261297434568405
3861,19324.0,0.0,0.054329536855220795,-0.034261297434568405
3862,19326.0,1.0,-1.6523151397705078,-0.29052749276161194
3863,19333.0,0.0,0.054329536855220795,-0.034261297434568405
3864,19337.0,1.0,-1.0196585655212402,-0.19552911818027496
3865,19338.0,1.0,-1.2275469303131104,-0.22674520313739777
3866,19339.0,1.0,-1.6249123811721802,-0.2864127457141876
3867,19340.0,1.0,-0.8288346529006958,-0.17787526547908783
3868,19348.0,0.0,0.2863020598888397,-0.2151804119348526
3869,19365.0,1.0,-1.653011441230774,-0.29063206911087036
3870,19367.0,1.0,-1.695888638496399,-0.2970704138278961
3871,19380.0,0.0,-0.04195190966129303,-0.04871872067451477
3872,19381.0,1.0,-1.281459093093872,-0.234840527176857
3873,19383.0,1.0,-1.2291648387908936,-0.22698815166950226
3874,19387.0,1.0,-1.971063256263733,-0.338390052318573
3875,19396.0,0.0,-0.020957104861736298,-0.10701048374176025
3876,19397.0,1.0,-0.08751537650823593,-0.055560432374477386
3877,19400.0,1.0,-3.1250054836273193,-0.5116636157035828
3878,19406.0,1.0,-0.29279956221580505,-0.08638548105955124
3879,19412.0,1.0,-0.7824333906173706,-0.15990787744522095
3880,19414.0,0.0,0.1630965769290924,-0.15753617882728577
3881,19416.0,1.0,-0.635187566280365,-0.1377977430820465
3882,19426.0,0.0,0.3742130994796753,-0.28374361991882324
3883,19432.0,1.0,-0.9362562298774719,-0.18300560116767883
3884,19451.0,1.0,-2.1640214920043945,-0.3673642575740814
3885,19453.0,1.0,-1.1599801778793335,-0.2165995091199875
3886,19457.0,1.0,-1.3018715381622314,-0.2379056215286255
3887,19458.0,1.0,-1.9486137628555298,-0.3350190818309784
3888,19469.0,1.0,-0.6264861226081848,-0.13649116456508636
3889,19472.0,1.0,-2.1493284702301025,-0.36515799164772034
3890,19478.0,1.0,-1.2208396196365356,-0.2257380485534668
3891,19482.0,1.0,-1.0319724082946777,-0.19737812876701355
3892,19493.0,0.0,0.15240681171417236,-0.11075334250926971
3893,19496.0,1.0,-1.5102401971817017,-0.2691938281059265
3894,19503.0,1.0,-2.218350648880005,-0.3755222260951996
3895,19508.0,1.0,-2.5261855125427246,-0.42174607515335083
3896,19509.0,1.0,-2.5201480388641357,-0.42083948850631714
3897,19510.0,1.0,-1.6478047370910645,-0.28985023498535156
3898,19511.0,1.0,-0.45781734585762024,-0.11116421222686768
3899,19517.0,1.0,-2.2517788410186768,-0.38054171204566956
3900,19522.0,1.0,-1.7204225063323975,-0.3007543683052063
3901,19523.0,1.0,-2.6228349208831787,-0.4362587630748749
3902,19525.0,1.0,-2.2097368240356445,-0.3742288053035736
3903,19527.0,1.0,-1.751206398010254,-0.305376797914505
3904,19528.0,0.0,0.054329536855220795,-0.034261297434568405
3905,19535.0,1.0,-1.006415843963623,-0.19354061782360077
3906,19536.0,1.0,-2.493013620376587,-0.416765034198761
3907,19539.0,1.0,-0.3550167977809906,-0.09572789072990417
3908,19544.0,1.0,-1.8126437664031982,-0.3146021068096161
3909,19547.0,1.0,-1.0723390579223633,-0.20343950390815735
3910,19559.0,1.0,-1.056265115737915,-0.20102587342262268
3911,19561.0,1.0,-1.80461847782135,-0.31339704990386963
3912,19563.0,1.0,-1.7276884317398071,-0.30184537172317505
3913,19564.0,1.0,-1.331252932548523,-0.24231748282909393
3914,19600.0,1.0,-1.733009696006775,-0.30264440178871155
3915,19604.0,0.0,0.054329536855220795,-0.034261297434568405
3916,19607.0,1.0,-0.591213047504425,-0.13119462132453918
3917,19615.0,1.0,-0.5066846013069153,-0.11850200593471527
3918,19616.0,1.0,-1.75302255153656,-0.3056495189666748
3919,19617.0,0.0,0.054329536855220795,-0.034261297434568405
3920,19620.0,1.0,-1.3659007549285889,-0.24752013385295868
3921,19621.0,1.0,-2.3223459720611572,-0.391137957572937
3922,19625.0,1.0,-0.7979431748390198,-0.1622367948293686
3923,19626.0,1.0,-1.3758927583694458,-0.2490205019712448
3924,19631.0,1.0,-0.6646063923835754,-0.14221522212028503
3925,19632.0,0.0,0.054329536855220795,-0.034261297434568405
3926,19635.0,0.0,-0.025309577584266663,-0.3569798469543457
3927,19637.0,1.0,-0.8181662559509277,-0.16527344286441803
3928,19640.0,0.0,1.0354294776916504,-0.7994369268417358
3929,19641.0,0.0,0.6072010397911072,-0.46545469760894775
3930,19643.0,1.0,-1.2577930688858032,-0.2312868982553482
3931,19647.0,0.0,0.07926761358976364,-0.053710903972387314
3932,19652.0,1.0,-3.8329169750213623,-0.617962121963501
3933,19653.0,1.0,-1.1878172159194946,-0.22077947854995728
3934,19659.0,1.0,-0.41787514090538025,-0.10516656935214996
3935,19661.0,0.0,0.8279533982276917,-0.6376230120658875
3936,19665.0,0.0,0.3351169526576996,-0.25325191020965576
3937,19670.0,1.0,-1.6933668851852417,-0.29669174551963806
3938,19679.0,1.0,-1.1986377239227295,-0.22240425646305084
3939,19680.0,1.0,-1.075740098953247,-0.2039501965045929
3940,19682.0,1.0,-1.052028775215149,-0.2003897726535797
3941,19686.0,1.0,-2.423823356628418,-0.40637555718421936
3942,19687.0,1.0,-2.0163581371307373,-0.34519144892692566
3943,19689.0,0.0,0.054329536855220795,-0.034261297434568405
3944,19693.0,1.0,-2.3933498859405518,-0.4017997682094574
3945,19698.0,1.0,-1.7229350805282593,-0.30113163590431213
3946,19700.0,1.0,-0.38894933462142944,-0.10082313418388367
3947,19708.0,1.0,-1.8214231729507446,-0.3159204125404358
3948,19709.0,1.0,-0.9742941856384277,-0.1887172907590866
3949,19710.0,1.0,-1.5760191679000854,-0.27907106280326843
3950,19714.0,1.0,-1.7822840213775635,-0.3100433349609375
3951,19715.0,0.0,1.5842633247375488,-1.2274813652038574
3952,19720.0,1.0,-1.2829679250717163,-0.23506711423397064
3953,19722.0,1.0,-1.2502262592315674,-0.23015068471431732
3954,19727.0,1.0,-0.9733744859695435,-0.18857920169830322
3955,19730.0,1.0,-0.5217997431755066,-0.12077166140079498
3956,19744.0,1.0,-0.9965674877166748,-0.19206181168556213
3957,19747.0,1.0,-1.8770076036453247,-0.32426685094833374
3958,19753.0,1.0,-1.2993948459625244,-0.23753373324871063
3959,19760.0,1.0,-2.1602962017059326,-0.3668048679828644
3960,19767.0,1.0,-0.7098401188850403,-0.1490074098110199
3961,19777.0,1.0,-1.7181200981140137,-0.30040863156318665
3962,19778.0,1.0,-1.8886877298355103,-0.3260207176208496
3963,19782.0,1.0,-2.485731840133667,-0.41567161679267883
3964,19788.0,1.0,-0.2871204614639282,-0.08553271740674973
3965,19796.0,1.0,-2.3053905963897705,-0.3885919749736786
3966,19797.0,1.0,-1.1012470722198486,-0.20778027176856995
3967,19799.0,1.0,-1.0893983840942383,-0.20600110292434692
3968,19805.0,1.0,-0.6112127900123596,-0.13419774174690247
3969,19806.0,1.0,-1.1028382778167725,-0.2080192118883133
3970,19807.0,1.0,-1.4021450281143188,-0.25296247005462646
3971,19809.0,1.0,-0.6060526371002197,-0.13342291116714478
3972,19813.0,1.0,-1.3893933296203613,-0.25104770064353943
3973,19814.0,1.0,-30.450727462768555,-4.614837169647217
3974,19817.0,0.0,1.4255871772766113,-1.1037272214889526
3975,19821.0,1.0,-1.3643205165863037,-0.24728284776210785
3976,19822.0,1.0,-0.307573139667511,-0.08860385417938232
3977,19827.0,0.0,0.054329536855220795,-0.034261297434568405
3978,19831.0,1.0,-0.7825199961662292,-0.15992088615894318
3979,19833.0,1.0,-2.992351770401001,-0.49174463748931885
3980,19836.0,1.0,-25.162452697753906,-3.820760726928711
3981,19843.0,1.0,-0.9349051117897034,-0.1828027069568634
3982,19879.0,1.0,-2.1019017696380615,-0.35803651809692383
3983,19887.0,1.0,-1.4333800077438354,-0.2576526403427124
3984,19888.0,1.0,-1.5837163925170898,-0.28022685647010803
3985,19895.0,0.0,-0.07025891542434692,-0.19659149646759033
3986,19896.0,1.0,-2.8475472927093506,-0.47000110149383545
3987,19910.0,1.0,-2.9940054416656494,-0.49199292063713074
3988,19913.0,1.0,-2.4260661602020264,-0.4067123532295227
3989,19923.0,0.0,0.2515541613101959,-0.18807995319366455
3990,19926.0,0.0,0.1770974099636078,-0.2182304412126541
3991,19931.0,1.0,-2.691227912902832,-0.44652846455574036
3992,19935.0,0.0,0.6343300342559814,-0.48661303520202637
3993,19936.0,0.0,0.4259277284145355,-0.32407668232917786
3994,19938.0,1.0,-2.306436061859131,-0.3887489438056946
3995,19949.0,0.0,0.054329536855220795,-0.034261297434568405
3996,19951.0,1.0,-0.7129478454589844,-0.14947406947612762
3997,19954.0,1.0,-1.1088060140609741,-0.20891530811786652
3998,19958.0,1.0,-1.8580251932144165,-0.3214164674282074
3999,19962.0,1.0,-0.5817911624908447,-0.1297798603773117
4000,19967.0,1.0,-1.273156762123108,-0.2335938662290573
4001,19968.0,1.0,-1.38797926902771,-0.2508353888988495
4002,19971.0,1.0,-2.6055641174316406,-0.43366539478302
4003,19973.0,1.0,-25.04129981994629,-3.8025684356689453
4004,19978.0,1.0,-0.23416852951049805,-0.07758156955242157
4005,19981.0,0.0,0.054329536855220795,-0.034261297434568405
4006,19984.0,1.0,-0.7491132616996765,-0.1549045890569687
4007,19988.0,1.0,-0.8841100335121155,-0.17517542839050293
4008,20001.0,1.0,-2.0775017738342285,-0.35437265038490295
4009,20005.0,0.0,-0.03559776395559311,-0.04776459187269211
4010,20008.0,1.0,-2.197903871536255,-0.3724519610404968
4011,20012.0,1.0,-1.4556190967559814,-0.26099202036857605
4012,20019.0,0.0,1.8004446029663086,-1.3960846662521362
4013,20021.0,1.0,-1.5426452159881592,-0.2740596830844879
4014,20024.0,1.0,-0.062319666147232056,-0.05177709832787514
4015,20032.0,1.0,-1.598506212234497,-0.2824476659297943
4016,20035.0,1.0,-0.18533512949943542,-0.07024884223937988
4017,20038.0,1.0,-1.3972042798995972,-0.2522205710411072
4018,20041.0,1.0,-1.6248515844345093,-0.286403626203537
4019,20042.0,1.0,-1.4651565551757812,-0.26242417097091675
4020,20043.0,1.0,-0.5896090865135193,-0.13095377385616302
4021,20048.0,1.0,-2.7983150482177734,-0.4626084864139557
4022,20049.0,1.0,-0.6473953127861023,-0.13963083922863007
4023,20050.0,0.0,-0.03532160818576813,-0.14174772799015045
4024,20059.0,0.0,0.31362664699554443,-0.23649127781391144
4025,20061.0,1.0,-0.6447399258613586,-0.1392321139574051
4026,20065.0,1.0,-0.85374516248703,-0.17061591148376465
4027,20067.0,0.0,-0.019359402358531952,-0.0994667112827301
4028,20070.0,1.0,-1.3571882247924805,-0.24621187150478363
4029,20075.0,1.0,-1.91118586063385,-0.3293989896774292
4030,20084.0,1.0,-0.8773379921913147,-0.17415855824947357
4031,20087.0,0.0,0.054329536855220795,-0.034261297434568405
4032,20088.0,1.0,-1.2960047721862793,-0.2370246797800064
4033,20089.0,1.0,-0.12573117017745972,-0.06129883602261543
4034,20090.0,0.0,0.18469282984733582,-0.13593372702598572
4035,20111.0,1.0,-2.784682035446167,-0.4605613648891449
4036,20112.0,0.0,0.054329536855220795,-0.034261297434568405
4037,20130.0,1.0,-1.2267366647720337,-0.22662353515625
4038,20136.0,1.0,-0.4804997742176056,-0.11457015573978424
4039,20142.0,0.0,0.054329536855220795,-0.034261297434568405
4040,20150.0,1.0,-0.8990889191627502,-0.1774246245622635
4041,20154.0,1.0,-1.661120057106018,-0.29184961318969727
4042,20158.0,1.0,-0.6663845181465149,-0.1424822062253952
4043,20159.0,0.0,0.061431847512722015,-0.04432477802038193
4044,20166.0,1.0,-3.6993021965026855,-0.5978988409042358
4045,20174.0,1.0,-2.854196786880493,-0.4709995687007904
4046,20176.0,1.0,-1.58697509765625,-0.2807161808013916
4047,20179.0,1.0,-1.385327696800232,-0.2504372298717499
4048,20184.0,1.0,-1.519885778427124,-0.2706421911716461
4049,20185.0,1.0,-0.643144965171814,-0.13899262249469757
4050,20190.0,1.0,-0.15781298279762268,-0.06611618399620056
4051,20191.0,1.0,-0.9203646183013916,-0.18061934411525726
4052,20195.0,1.0,-2.237484931945801,-0.3783953785896301
4053,20206.0,1.0,-2.1872949600219727,-0.37085896730422974
4054,20210.0,1.0,-2.0456790924072266,-0.34959420561790466
4055,20211.0,0.0,0.25936201214790344,-0.19416943192481995
4056,20215.0,1.0,-1.026705026626587,-0.1965872049331665
4057,20219.0,1.0,-24.954893112182617,-3.7895939350128174
4058,20221.0,0.0,0.281105101108551,-0.21112720668315887
4059,20233.0,1.0,-0.4606172740459442,-0.1115846335887909
4060,20240.0,0.0,0.11451724171638489,-0.08120265603065491
4061,20241.0,1.0,-2.6638247966766357,-0.44241368770599365
4062,20246.0,1.0,-1.9508835077285767,-0.3353599011898041
4063,20253.0,1.0,-1.1796395778656006,-0.21955153346061707
4064,20261.0,1.0,-1.36942458152771,-0.24804924428462982
4065,20265.0,0.0,0.054329536855220795,-0.034261297434568405
4066,20267.0,1.0,-1.336669921875,-0.2431308925151825
4067,20268.0,0.0,-0.04902166873216629,-0.08809642493724823
4068,20274.0,1.0,-3.0130255222320557,-0.49484896659851074
4069,20293.0,0.0,-0.012560941278934479,-0.044305432587862015
4070,20298.0,1.0,-1.7435057163238525,-0.3042204976081848
4071,20302.0,1.0,-2.4130425453186035,-0.4047567546367645
4072,20327.0,1.0,-1.6799355745315552,-0.29467493295669556
4073,20328.0,1.0,-1.8225067853927612,-0.3160831034183502
4074,20332.0,1.0,-1.0340882539749146,-0.19769585132598877
4075,20334.0,1.0,-0.5063353776931763,-0.11844956874847412
4076,20338.0,1.0,-1.5486775636672974,-0.2749654948711395
4077,20344.0,1.0,-0.28682366013526917,-0.08548815548419952
4078,20345.0,1.0,-1.122854232788086,-0.21102476119995117
4079,20348.0,1.0,-1.805973768234253,-0.3136005699634552
4080,20364.0,1.0,-0.9220396876335144,-0.1808708757162094
4081,20368.0,1.0,-1.1445257663726807,-0.214278906583786
4082,20373.0,1.0,-1.5996148586273193,-0.282614141702652
4083,20378.0,1.0,-0.36674004793167114,-0.26477885246276855
4084,20383.0,1.0,-0.12744563817977905,-0.06155627965927124
4085,20385.0,1.0,-0.5517953634262085,-0.12527574598789215
4086,20391.0,1.0,-22.93446922302246,-3.4862112998962402
4087,20392.0,0.0,0.054329536855220795,-0.034261297434568405
4088,20398.0,0.0,1.9771391153335571,-1.5338914394378662
4089,20409.0,0.0,0.054329536855220795,-0.034261297434568405
4090,20434.0,1.0,-1.3015302419662476,-0.23785439133644104
4091,20435.0,1.0,-0.6149610877037048,-0.13476057350635529
4092,20440.0,0.0,0.14689749479293823,-0.1719791293144226
4093,20442.0,1.0,-1.8635843992233276,-0.32225126028060913
4094,20443.0,1.0,-1.1245272159576416,-0.21127597987651825
4095,20449.0,1.0,-1.6718562841415405,-0.29346176981925964
4096,20460.0,1.0,-1.8136743307113647,-0.314756840467453
4097,20468.0,1.0,-5.490908622741699,-0.8669227361679077
4098,20470.0,0.0,0.054329536855220795,-0.034261297434568405
4099,20471.0,1.0,-1.4616663455963135,-0.26190006732940674
4100,20472.0,0.0,-0.1454477310180664,-0.2907562255859375
4101,20474.0,1.0,-1.0666612386703491,-0.20258693397045135
4102,20478.0,1.0,-1.7386200428009033,-0.3034868538379669
4103,20484.0,0.0,0.14037421345710754,-0.10136891901493073
4104,20485.0,1.0,-0.6736071109771729,-0.14356674253940582
4105,20500.0,1.0,-0.608934760093689,-0.1338556855916977
4106,20510.0,1.0,-0.5523735284805298,-0.1253625601530075
4107,20516.0,1.0,-0.26545414328575134,-0.08227935433387756
4108,20517.0,0.0,0.07008625566959381,-0.046550218015909195
4109,20524.0,1.0,-2.4748175144195557,-0.4140327572822571
4110,20530.0,1.0,-1.8657476902008057,-0.3225760757923126
4111,20538.0,1.0,-1.0457652807235718,-0.19944925606250763
4112,20539.0,0.0,0.054329536855220795,-0.034261297434568405
4113,20543.0,1.0,-4.0396928787231445,-0.6490111947059631
4114,20545.0,1.0,-25.0548038482666,-3.804596424102783
4115,20551.0,1.0,-0.5600245594978333,-0.12651142477989197
4116,20554.0,1.0,-0.27367380261421204,-0.08351359516382217
4117,20559.0,1.0,-0.13073286414146423,-0.07057450711727142
4118,20572.0,1.0,-1.1771332025527954,-0.21917518973350525
4119,20575.0,1.0,-1.2647002935409546,-0.23232406377792358
4120,20579.0,1.0,-0.9882285594940186,-0.19080965220928192
4121,20590.0,1.0,-1.6572976112365723,-0.29127565026283264
4122,20598.0,1.0,-0.8279661536216736,-0.16674497723579407
4123,20602.0,1.0,-0.5825397372245789,-0.1298922598361969
4124,20606.0,1.0,-1.621152400970459,-0.2858481705188751
4125,20607.0,1.0,-0.728836178779602,-0.1518598347902298
4126,20620.0,1.0,-3.6823489665985107,-0.5953531861305237
4127,20622.0,0.0,-0.04523000121116638,-0.04921095073223114
4128,20626.0,1.0,-0.8589453101158142,-0.17139674723148346
4129,20627.0,1.0,-2.176551342010498,-0.3692457377910614
4130,20631.0,1.0,-1.0902010202407837,-0.20612162351608276
4131,20640.0,0.0,0.08178985863924026,-0.055678047239780426
4132,20644.0,1.0,-0.9646278619766235,-0.18726582825183868
4133,20645.0,1.0,-0.738782525062561,-0.15335334837436676
4134,20648.0,1.0,-2.429731845855713,-0.40726280212402344
4135,20653.0,0.0,1.0628470182418823,-0.8208203315734863
4136,20655.0,1.0,-1.7200720310211182,-0.30070170760154724
4137,20663.0,0.0,0.2214227318763733,-0.16457997262477875
4138,20665.0,0.0,0.2874302864074707,-0.2160603255033493
4139,20671.0,1.0,-0.8452786803245544,-0.16934458911418915
4140,20672.0,1.0,-1.4093286991119385,-0.2540411651134491
4141,20675.0,1.0,-0.9924089908599854,-0.19143737852573395
4142,20683.0,1.0,-0.45990189909935,-0.11147721111774445
4143,20690.0,1.0,-1.5881972312927246,-0.28089970350265503
4144,20712.0,1.0,-1.4362049102783203,-0.25807684659957886
4145,20725.0,1.0,-27.929521560668945,-4.236258029937744
4146,20726.0,1.0,-4.1503520011901855,-0.6656275391578674
4147,20728.0,1.0,-2.151878833770752,-0.3655409514904022
4148,20741.0,1.0,-1.7195370197296143,-0.3006213903427124
4149,20742.0,1.0,-1.9229936599731445,-0.33117201924324036
4150,20753.0,1.0,-1.1432007551193237,-0.21407994627952576
4151,20755.0,1.0,-1.8255723714828491,-0.31654345989227295
4152,20756.0,1.0,-1.189396619796753,-0.22101661562919617
4153,20757.0,1.0,-1.0147902965545654,-0.19479811191558838
4154,20770.0,1.0,-1.4909379482269287,-0.2662954330444336
4155,20784.0,1.0,-1.577706217765808,-0.27932438254356384
4156,20801.0,1.0,-2.304435968399048,-0.3884486258029938
4157,20809.0,1.0,-0.4188518226146698,-0.10531322658061981
4158,20824.0,1.0,-2.0065691471099854,-0.34372156858444214
4159,20826.0,1.0,-1.5697154998779297,-0.27812451124191284
4160,20834.0,1.0,-1.4765549898147583,-0.2641357183456421
4161,20835.0,1.0,-27.942523956298828,-4.238210201263428
4162,20837.0,1.0,-1.430149793624878,-0.25716760754585266
4163,20842.0,1.0,-0.4634692370891571,-0.11201287806034088
4164,20845.0,1.0,-1.2239701747894287,-0.22620812058448792
4165,20850.0,1.0,-0.983253002166748,-0.1900625377893448
4166,20860.0,1.0,-1.262536883354187,-0.2319992184638977
4167,20869.0,0.0,0.42862433195114136,-0.3261798024177551
4168,20872.0,0.0,0.2712678015232086,-0.20345492660999298
4169,20876.0,1.0,-2.0510799884796143,-0.350405216217041
4170,20883.0,1.0,-1.8609461784362793,-0.3218550980091095
4171,20891.0,1.0,-0.6759157180786133,-0.1439134031534195
4172,20894.0,0.0,0.41100582480430603,-0.31243884563446045
4173,20896.0,1.0,-23.38869857788086,-3.554417371749878
4174,20903.0,0.0,0.5556038022041321,-0.42521315813064575
4175,20906.0,1.0,-1.3116786479949951,-0.23937824368476868
4176,20909.0,1.0,-3.161689043045044,-0.5171719789505005
4177,20910.0,1.0,-2.2105071544647217,-0.37434446811676025
4178,20913.0,1.0,-3.3712289333343506,-0.5486360192298889
4179,20914.0,1.0,-0.3384813070297241,-0.09324495494365692
4180,20923.0,1.0,-0.7619321346282959,-0.15682944655418396
4181,20924.0,1.0,-1.1455168724060059,-0.21442772448062897
4182,20926.0,0.0,0.7464331984519958,-0.5740440487861633
4183,20927.0,1.0,-1.7256667613983154,-0.30154183506965637
4184,20934.0,0.0,0.054329536855220795,-0.034261297434568405
4185,20937.0,1.0,-0.40214094519615173,-0.10280396044254303
4186,20939.0,1.0,-2.189579725265503,-0.3712020516395569
4187,20945.0,1.0,-2.5350522994995117,-0.4230774939060211
4188,20950.0,1.0,-2.069697141647339,-0.3532007038593292
4189,20963.0,1.0,-1.8912445306777954,-0.3264046311378479
4190,20964.0,1.0,-0.6794401407241821,-0.144442617893219
4191,20966.0,1.0,-1.6346096992492676,-0.2878688871860504
4192,20973.0,0.0,0.19817134737968445,-0.5654393434524536
4193,20975.0,0.0,0.054329536855220795,-0.034261297434568405
4194,20976.0,1.0,-1.4701236486434937,-0.2631700038909912
4195,20977.0,0.0,0.038744471967220306,-0.03660151734948158
4196,20982.0,1.0,-1.0874332189559937,-0.20570601522922516
4197,20983.0,0.0,0.13124394416809082,-0.11493326723575592
4198,20989.0,1.0,-0.8636665344238281,-0.17210566997528076
4199,20992.0,0.0,1.71794593334198,-1.4750572443008423
4200,20999.0,1.0,-25.303926467895508,-3.8420040607452393
4201,21000.0,0.0,0.23376205563545227,-0.17420360445976257
4202,21001.0,1.0,-1.054430365562439,-0.20075038075447083
4203,21005.0,1.0,-0.4868183434009552,-0.11551894247531891
4204,21013.0,0.0,0.054329536855220795,-0.034261297434568405
4205,21016.0,1.0,-22.50312614440918,-3.4214415550231934
4206,21024.0,1.0,-0.6448437571525574,-0.13924770057201385
4207,21028.0,1.0,-1.3479501008987427,-0.24482467770576477
4208,21031.0,1.0,-1.8019118309020996,-0.31299063563346863
4209,21038.0,1.0,-24.175390243530273,-3.6725454330444336
4210,21042.0,0.0,0.054329536855220795,-0.034261297434568405
4211,21048.0,0.0,1.1989941596984863,-0.9270036816596985
4212,21059.0,1.0,-0.7453407645225525,-0.15433812141418457
4213,21062.0,1.0,-1.7165673971176147,-0.3001754581928253
4214,21075.0,1.0,-2.512638807296753,-0.4197119176387787
4215,21076.0,1.0,-0.8049850463867188,-0.16329419612884521
4216,21077.0,1.0,-0.49934884905815125,-0.11740049719810486
4217,21081.0,1.0,-26.880111694335938,-4.078680992126465
4218,21097.0,1.0,-2.881134033203125,-0.4750443994998932
4219,21098.0,1.0,-1.1454813480377197,-0.21442240476608276
4220,21102.0,1.0,-0.41453561186790466,-0.1046651154756546
4221,21104.0,1.0,-0.8814482688903809,-0.17477574944496155
4222,21106.0,1.0,-2.917383909225464,-0.4804876148700714
4223,21110.0,0.0,1.0638487339019775,-0.8216015100479126
4224,21112.0,0.0,1.3495734930038452,-1.0444430112838745
4225,21114.0,1.0,-0.6955310106277466,-0.22408078610897064
4226,21123.0,1.0,-1.4824481010437012,-0.2650206387042999
4227,21135.0,1.0,-0.15062215924263,-0.06503641605377197
4228,21137.0,1.0,-2.3526816368103027,-0.3956930637359619
4229,21139.0,0.0,0.2989982068538666,-0.22508232295513153
4230,21147.0,0.0,1.2985419034957886,-1.0046426057815552
4231,21148.0,1.0,-3.0002191066741943,-0.4929259717464447
4232,21149.0,1.0,-1.7413543462753296,-0.3038974404335022
4233,21152.0,1.0,-2.404607057571411,-0.4034900963306427
4234,21158.0,1.0,-2.463533639907837,-0.41233840584754944
4235,21161.0,0.0,0.054329536855220795,-0.034261297434568405
4236,21163.0,1.0,-0.8390651941299438,-0.16841159760951996
4237,21169.0,0.0,0.054329536855220795,-0.034261297434568405
4238,21173.0,1.0,-1.1219778060913086,-0.2108931690454483
4239,21174.0,1.0,-0.852960467338562,-0.1704980731010437
4240,21181.0,1.0,-1.3391813039779663,-0.243507981300354
4241,21188.0,0.0,0.20406866073608398,-0.15104524791240692
4242,21192.0,1.0,-1.6473246812820435,-0.2897781431674957
4243,21205.0,1.0,-2.2969391345977783,-0.38732293248176575
4244,21224.0,1.0,-3.0301530361175537,-0.4974207878112793
4245,21230.0,1.0,-0.9482245445251465,-0.18480272591114044
4246,21235.0,1.0,-1.7135099172592163,-0.29971638321876526
4247,21242.0,1.0,-0.3903304636478424,-0.10103051364421844
4248,21244.0,1.0,-1.9929391145706177,-0.34167489409446716
4249,21246.0,1.0,-0.356297105550766,-0.0959201455116272
4250,21247.0,0.0,0.4886155128479004,-0.3729678988456726
4251,21250.0,1.0,-1.2505744695663452,-0.23020297288894653
4252,21252.0,0.0,0.6513078808784485,-0.49985429644584656
4253,21255.0,1.0,-2.5137264728546143,-0.41987526416778564
4254,21259.0,1.0,-0.4438129663467407,-0.1090613454580307
4255,21270.0,1.0,-1.3122236728668213,-0.2394600808620453
4256,21271.0,1.0,-0.667076587677002,-0.1425861418247223
4257,21279.0,0.0,0.44059526920318604,-0.33551615476608276
4258,21280.0,1.0,-1.8974803686141968,-0.3273409903049469
4259,21281.0,1.0,-1.2144888639450073,-0.22478441894054413
4260,21286.0,1.0,-1.4800937175750732,-0.2646670937538147
4261,21294.0,1.0,-1.7419352531433105,-0.303984671831131
4262,21295.0,0.0,0.5844799280166626,-0.44773411750793457
4263,21299.0,0.0,1.1097830533981323,-0.8574264645576477
4264,21302.0,0.0,0.054329536855220795,-0.034261297434568405
4265,21309.0,1.0,-0.8581803441047668,-0.1712818741798401
4266,21316.0,1.0,-3.1076297760009766,-0.5090545415878296
4267,21323.0,1.0,-1.4877961874008179,-0.26582369208335876
4268,21327.0,1.0,-1.825046420097351,-0.31646445393562317
4269,21329.0,1.0,-0.6441320776939392,-0.13914082944393158
4270,21330.0,1.0,-2.022169589996338,-0.34606409072875977
4271,21334.0,1.0,-0.5360009074211121,-0.12290409207344055
4272,21336.0,1.0,-1.8573081493377686,-0.32130882143974304
4273,21343.0,1.0,-1.3606548309326172,-0.2467324137687683
4274,21347.0,0.0,0.054329536855220795,-0.034261297434568405
4275,21351.0,0.0,0.054329536855220795,-0.034261297434568405
4276,21379.0,0.0,0.35083016753196716,-0.26550689339637756
4277,21385.0,1.0,-0.22984617948532104,-0.07693253457546234
4278,21386.0,1.0,-0.2839459478855133,-0.08505603671073914
4279,21390.0,1.0,-0.5327390432357788,-0.12241429090499878
4280,21395.0,1.0,-2.061629056930542,-0.3519892394542694
4281,21397.0,0.0,0.3462499678134918,-0.26193472743034363
4282,21398.0,1.0,-1.9855259656906128,-0.34056174755096436
4283,21402.0,1.0,-0.9503748416900635,-0.18512561917304993
4284,21403.0,1.0,-0.6510893702507019,-0.14018552005290985
4285,21410.0,1.0,-1.719544768333435,-0.3006225526332855
4286,21414.0,1.0,-1.732116460800171,-0.3025102913379669
4287,21416.0,1.0,-0.8662086129188538,-0.17248739302158356
4288,21429.0,1.0,-1.7401819229125977,-0.3037213683128357
4289,21431.0,1.0,-1.1363660097122192,-0.2130536586046219
4290,21434.0,1.0,-1.9848495721817017,-0.3404601812362671
4291,21435.0,1.0,-0.9495522975921631,-0.18500210344791412
4292,21440.0,1.0,-1.6206082105636597,-0.28576645255088806
4293,21445.0,1.0,-0.14973688125610352,-0.06490348279476166
4294,21446.0,1.0,-0.8665854334831238,-0.1725439727306366
4295,21449.0,1.0,-0.13706740736961365,-0.06300106644630432
4296,21451.0,1.0,-1.8510504961013794,-0.3203691840171814
4297,21454.0,1.0,-1.078461766242981,-0.20435889065265656
4298,21456.0,1.0,-2.0355892181396484,-0.3480791449546814
4299,21457.0,1.0,-2.4970834255218506,-0.41737616062164307
4300,21458.0,1.0,-0.30982786417007446,-0.08894241601228714
4301,21461.0,1.0,-1.315204381942749,-0.2399076521396637
4302,21462.0,0.0,0.019162897020578384,-0.03954184800386429
4303,21465.0,1.0,-1.6113275289535522,-0.28437286615371704
4304,21467.0,1.0,-1.614332675933838,-0.2848241329193115
4305,21469.0,1.0,-0.5147554278373718,-0.11971390247344971
4306,21471.0,1.0,-0.10945022851228714,-0.0588541254401207
4307,21480.0,0.0,6.559225082397461,-4.556112289428711
4308,21484.0,1.0,-2.061570644378662,-0.35198044776916504
4309,21490.0,1.0,-2.5014753341674805,-0.418035626411438
4310,21492.0,1.0,-2.17033052444458,-0.3683116137981415
4311,21507.0,1.0,-0.7351795434951782,-0.15281233191490173
4312,21515.0,0.0,0.054329536855220795,-0.034261297434568405
4313,21529.0,1.0,-2.185248613357544,-0.3705517053604126
4314,21535.0,1.0,-23.229875564575195,-3.530569076538086
4315,21537.0,0.0,0.054329536855220795,-0.034261297434568405
4316,21540.0,1.0,-0.9610406160354614,-0.18672716617584229
4317,21541.0,1.0,-1.0391252040863037,-0.1984521895647049
4318,21545.0,0.0,0.8028111457824707,-0.6180141568183899
4319,21553.0,1.0,-22.264263153076172,-3.3855745792388916
4320,21558.0,1.0,-28.60584259033203,-4.337812900543213
4321,21560.0,0.0,0.054329536855220795,-0.034261297434568405
4322,21566.0,0.0,0.36946168541908264,-0.28003790974617004
4323,21571.0,1.0,-0.7506691813468933,-0.15513822436332703
4324,21573.0,1.0,-24.4206485748291,-3.7093729972839355
4325,21576.0,1.0,-1.3478806018829346,-0.24481424689292908
4326,21578.0,0.0,0.37114086747169495,-0.2813475430011749
4327,21585.0,1.0,-2.0890934467315674,-0.3561132550239563
4328,21593.0,1.0,-0.6105435490608215,-0.13409724831581116
4329,21603.0,1.0,-1.8561265468597412,-0.3211313784122467
4330,21604.0,0.0,0.5072551965713501,-0.38750529289245605
4331,21605.0,1.0,-1.4040553569793701,-0.2532493472099304
4332,21606.0,1.0,-2.19625186920166,-0.3722039461135864
4333,21612.0,0.0,0.7814843058586121,-0.6013810038566589
4334,21619.0,1.0,-1.3093435764312744,-0.23902761936187744
4335,21621.0,1.0,-0.9687176942825317,-0.18787993490695953
4336,21623.0,1.0,-1.1183936595916748,-0.2103549689054489
4337,21624.0,0.0,0.1207144483923912,-0.08603595197200775
4338,21630.0,0.0,-0.06061066687107086,-0.19123762845993042
4339,21638.0,1.0,-1.6581363677978516,-0.29140159487724304
4340,21640.0,1.0,-1.0410234928131104,-0.198737233877182
4341,21641.0,1.0,-0.7041749358177185,-0.14815674722194672
4342,21645.0,0.0,-0.00012676790356636047,-0.04243834316730499
4343,21650.0,1.0,-2.284963846206665,-0.3855247497558594
4344,21666.0,1.0,-1.2066975831985474,-0.22361449897289276
4345,21683.0,1.0,-1.754580020904541,-0.30588337779045105
4346,21694.0,1.0,-3.0088789463043213,-0.4942263066768646
4347,21702.0,1.0,-24.873693466186523,-3.7774009704589844
4348,21708.0,1.0,-1.88887619972229,-0.32604900002479553
4349,21709.0,1.0,-3.2063491344451904,-0.5238780379295349
4350,21716.0,1.0,-1.5264850854873657,-0.271633118391037
4351,21717.0,1.0,-1.2952519655227661,-0.23691165447235107
4352,21719.0,1.0,-2.5912601947784424,-0.4315175414085388
4353,21721.0,0.0,0.054329536855220795,-0.034261297434568405
4354,21722.0,1.0,-2.002108097076416,-0.3430517017841339
4355,21725.0,0.0,0.31630685925483704,-0.23858162760734558
4356,21727.0,1.0,-1.6432783603668213,-0.2891705632209778
4357,21729.0,1.0,-1.2159208059310913,-0.22499944269657135
4358,21734.0,1.0,-0.37429776787757874,-0.09862308204174042
4359,21737.0,1.0,-29.71644401550293,-4.504578590393066
4360,21739.0,1.0,-0.3211480379104614,-0.09064222872257233
4361,21740.0,1.0,-0.5118531584739685,-0.11927810311317444
4362,21742.0,1.0,-1.9444177150726318,-0.33438900113105774
4363,21746.0,1.0,-1.1060363054275513,-0.20849941670894623
4364,21747.0,1.0,-1.496188759803772,-0.26708388328552246
4365,21751.0,1.0,-0.33248621225357056,-0.0923447459936142
4366,21760.0,1.0,-2.5412962436676025,-0.424015074968338
4367,21765.0,0.0,2.2794339656829834,-1.7696560621261597
4368,21773.0,1.0,-0.6843906044960022,-0.14518597722053528
4369,21777.0,0.0,0.06673485040664673,-0.04393640160560608
4370,21791.0,1.0,-2.033174753189087,-0.3477165997028351
4371,21797.0,1.0,-1.1703060865402222,-0.2181500345468521
4372,21802.0,1.0,-3.28790545463562,-0.5361243486404419
4373,21810.0,1.0,-1.8632808923721313,-0.32220569252967834
4374,21812.0,1.0,-1.1943604946136475,-0.22176198661327362
4375,21814.0,1.0,-0.41839566826820374,-0.1052447259426117
4376,21815.0,1.0,-1.667993187904358,-0.29288169741630554
4377,21816.0,1.0,-1.1768529415130615,-0.21913309395313263
4378,21819.0,1.0,-2.3188445568084717,-0.3906121850013733
4379,21820.0,1.0,-2.1993658542633057,-0.372671514749527
4380,21822.0,1.0,-0.9878705739974976,-0.19075588881969452
4381,21828.0,1.0,-1.4089528322219849,-0.2539847195148468
4382,21841.0,1.0,-28.156049728393555,-4.270273208618164
4383,21843.0,1.0,-2.051724910736084,-0.350502073764801
4384,21845.0,0.0,0.291397362947464,-0.21915431320667267
4385,21852.0,1.0,-1.819361925125122,-0.3156108856201172
4386,21860.0,1.0,-0.10395825654268265,-0.05802946537733078
4387,21867.0,1.0,-1.4617550373077393,-0.26191338896751404
4388,21869.0,0.0,1.8175410032272339,-1.4094183444976807
4389,21902.0,1.0,-0.645539402961731,-0.13935215771198273
4390,21903.0,0.0,0.22856533527374268,-0.18135812878608704
4391,21904.0,1.0,-1.362691044807434,-0.24703815579414368
4392,21913.0,0.0,0.34023475646972656,-0.2572433650493622
4393,21914.0,0.0,0.09815576672554016,-0.06844207644462585
4394,21921.0,0.0,0.0844583660364151,-0.05775925889611244
4395,21928.0,0.0,0.20582830905914307,-0.1524176150560379
4396,21930.0,1.0,-2.787433624267578,-0.4609745144844055
4397,21935.0,1.0,-1.3851923942565918,-0.25041690468788147
4398,21936.0,1.0,-0.19155070185661316,-0.07118216156959534
4399,21937.0,1.0,-0.8586634397506714,-0.17135442793369293
4400,21938.0,1.0,-26.479310989379883,-4.018497467041016
4401,21940.0,1.0,-27.03712272644043,-4.102257251739502
4402,21944.0,1.0,-1.80828058719635,-0.313946932554245
4403,21946.0,1.0,-1.107088327407837,-0.2086573839187622
4404,21951.0,0.0,0.054329536855220795,-0.034261297434568405
4405,21956.0,1.0,-1.4146240949630737,-0.2548363208770752
4406,21958.0,1.0,-0.5965985059738159,-0.1320032924413681
4407,21966.0,1.0,-1.6092678308486938,-0.2840636074542999
4408,21968.0,0.0,-0.102668397128582,-0.11038351058959961
4409,21970.0,1.0,-1.8571850061416626,-0.3212903141975403
4410,21976.0,1.0,-2.373682975769043,-0.3988465964794159
4411,21987.0,0.0,0.054329536855220795,-0.034261297434568405
4412,21989.0,1.0,-0.3561229705810547,-0.095893993973732
4413,22005.0,1.0,-0.4452657103538513,-0.10927948355674744
4414,22012.0,1.0,-1.2734733819961548,-0.23364141583442688
4415,22014.0,1.0,-0.3942923843860626,-0.10162542760372162
4416,22015.0,1.0,-1.6608237028121948,-0.29180511832237244
4417,22024.0,0.0,0.15421056747436523,-0.11216013133525848
4418,22026.0,1.0,-1.0329704284667969,-0.19752800464630127
4419,22031.0,1.0,-0.595678985118866,-0.1318652182817459
4420,22032.0,1.0,-0.479021817445755,-0.11434821784496307
4421,22036.0,1.0,-0.2501486539840698,-0.07998111099004745
4422,22041.0,1.0,-2.237656593322754,-0.37842118740081787
4423,22060.0,1.0,-1.104452133178711,-0.20826154947280884
4424,22065.0,1.0,-1.7683582305908203,-0.30795228481292725
4425,22068.0,1.0,-32.63566970825195,-4.942923545837402
4426,22069.0,1.0,-1.6900509595870972,-0.29619383811950684
4427,22079.0,1.0,-0.8673170804977417,-0.17265383899211884
4428,22080.0,1.0,-2.052673101425171,-0.35064443945884705
4429,22093.0,1.0,-1.0329670906066895,-0.19752748310565948
4430,22095.0,1.0,-0.7506455183029175,-0.18561314046382904
4431,22096.0,1.0,-1.2743557691574097,-0.23377393186092377
4432,22099.0,1.0,-26.717832565307617,-4.0543131828308105
4433,22104.0,1.0,-1.610427737236023,-0.2842377722263336
4434,22108.0,1.0,-0.9223853349685669,-0.18092277646064758
4435,22109.0,0.0,0.8181973695755005,-0.6300141215324402
4436,22115.0,1.0,-26.3909969329834,-4.005236625671387
4437,22132.0,1.0,-2.0460031032562256,-0.34964287281036377
4438,22133.0,1.0,-25.114519119262695,-3.813563108444214
4439,22138.0,1.0,-1.2256362438201904,-0.22645829617977142
4440,22146.0,1.0,-1.96753990650177,-0.33786097168922424
4441,22148.0,1.0,-0.09052597731351852,-0.05601250007748604
4442,22162.0,1.0,-2.1751601696014404,-0.36903682351112366
4443,22163.0,1.0,-2.797889471054077,-0.4625445604324341
4444,22168.0,1.0,-0.757310688495636,-0.15613549947738647
4445,22175.0,1.0,-1.6484864950180054,-0.2899525761604309
4446,22178.0,1.0,-2.3159539699554443,-0.3901781439781189
4447,22180.0,1.0,-0.7648768424987793,-0.157271608710289
4448,22181.0,1.0,-1.9352245330810547,-0.3330085873603821
4449,22182.0,1.0,-2.462857484817505,-0.4122368395328522
4450,22189.0,1.0,-23.551958084106445,-3.578932285308838
4451,22190.0,0.0,0.3254043459892273,-0.2456769049167633
4452,22194.0,1.0,-0.18059396743774414,-0.06953692436218262
4453,22204.0,1.0,-3.6804468631744385,-0.59506756067276
4454,22211.0,1.0,-1.1867307424545288,-0.22061632573604584
4455,22215.0,0.0,0.6077091097831726,-0.46585091948509216
4456,22223.0,0.0,0.054329536855220795,-0.034261297434568405
4457,22235.0,1.0,-1.1724716424942017,-0.21847520768642426
4458,22236.0,1.0,-1.385341763496399,-0.2504393458366394
4459,22237.0,0.0,0.0015179775655269623,-0.9476550221443176
4460,22240.0,1.0,-1.1016701459884644,-0.20784379541873932
4461,22255.0,1.0,-0.7306981682777405,-0.15213942527770996
4462,22258.0,1.0,-25.72723388671875,-3.905567169189453
4463,22260.0,1.0,-1.4969462156295776,-0.2671976387500763
4464,22263.0,0.0,28.942306518554688,-30.690391540527344
4465,22269.0,1.0,-1.1771267652511597,-0.21917422115802765
4466,22271.0,1.0,-28.43406105041504,-4.312018871307373
4467,22278.0,1.0,-0.7066637277603149,-0.14853045344352722
4468,22279.0,1.0,-0.9366070628166199,-0.18305827677249908
4469,22296.0,0.0,0.9606938362121582,-0.7411494255065918
4470,22298.0,0.0,0.4254281222820282,-0.32368701696395874
4471,22299.0,1.0,-1.335379719734192,-0.2429371476173401
4472,22303.0,1.0,-1.0862202644348145,-0.20552389323711395
4473,22308.0,1.0,-1.8411424160003662,-0.31888139247894287
4474,22315.0,1.0,-1.97346031665802,-0.3387499749660492
4475,22319.0,1.0,-0.7611720561981201,-0.15671531856060028
4476,22328.0,1.0,-2.2086620330810547,-0.37406739592552185
4477,22334.0,1.0,-0.1956961452960968,-0.07180463522672653
4478,22336.0,0.0,0.054329536855220795,-0.034261297434568405
4479,22343.0,1.0,-0.6149511337280273,-0.1347590833902359
4480,22355.0,1.0,-0.11149337142705917,-0.05916091799736023
4481,22367.0,1.0,-1.0172817707061768,-0.19517222046852112
4482,22368.0,1.0,-0.8266528844833374,-0.16654779016971588
4483,22372.0,1.0,-1.005326509475708,-0.1933770477771759
4484,22378.0,1.0,-1.8146740198135376,-0.3149069845676422
4485,22382.0,1.0,-2.1256961822509766,-0.36160942912101746
4486,22384.0,1.0,-0.28427553176879883,-0.0851055309176445
4487,22385.0,0.0,-0.007063437253236771,-0.04347993806004524
4488,22386.0,1.0,-1.8584322929382324,-0.32147762179374695
4489,22390.0,1.0,-1.158219814300537,-0.21633517742156982
4490,22401.0,1.0,-0.0643615573644638,-0.05208370462059975
4491,22406.0,1.0,-2.0281636714935303,-0.34696415066719055
4492,22407.0,1.0,-1.6910792589187622,-0.2963482439517975
4493,22410.0,1.0,-1.5502429008483887,-0.2752005457878113
4494,22411.0,1.0,-0.6597567796707153,-0.1414870023727417
4495,22439.0,0.0,0.26461073756217957,-0.1982629895210266
4496,22447.0,0.0,0.29714304208755493,-0.2236354500055313
4497,22452.0,1.0,-1.3938549757003784,-0.2517176568508148
4498,22455.0,1.0,-3.31797456741333,-0.5406394600868225
4499,22456.0,1.0,-1.3399255275726318,-0.24361974000930786
4500,22459.0,1.0,-0.9746065139770508,-0.18876419961452484
4501,22460.0,1.0,-1.2187457084655762,-0.2254236340522766
4502,22467.0,0.0,0.6064258813858032,-0.4648500978946686
4503,22468.0,1.0,-0.7260976433753967,-0.15144860744476318
4504,22478.0,0.0,-0.06323011964559555,-0.10368026793003082
4505,22482.0,1.0,-1.3950626850128174,-0.25189900398254395
4506,22483.0,1.0,-0.13299262523651123,-0.062389202415943146
4507,22490.0,1.0,-0.9150606393814087,-0.1798229068517685
4508,22491.0,1.0,-1.801464319229126,-0.3129234313964844
4509,22496.0,1.0,-1.121237874031067,-0.21078206598758698
4510,22502.0,1.0,-2.0695841312408447,-0.3531837463378906
4511,22506.0,1.0,-0.6789332032203674,-0.14436650276184082
4512,22509.0,1.0,-2.3750803470611572,-0.39905643463134766
4513,22515.0,1.0,-1.410900592803955,-0.25427719950675964
4514,22516.0,0.0,0.4665971100330353,-0.35579538345336914
4515,22522.0,1.0,-0.12793412804603577,-0.061629630625247955
4516,22523.0,1.0,-1.7924565076828003,-0.31157082319259644
4517,22525.0,1.0,-1.9362881183624268,-0.33316829800605774
4518,22526.0,1.0,-0.07257666438817978,-0.05331726744771004
4519,22527.0,1.0,-2.32804536819458,-0.3919937312602997
4520,22534.0,1.0,-2.601139783859253,-0.4330010414123535
4521,22542.0,0.0,0.04060371220111847,-0.4792386293411255
4522,22543.0,1.0,-0.3107246458530426,-0.08907707035541534
4523,22547.0,1.0,-2.1223809719085693,-0.3611116409301758
4524,22558.0,1.0,-1.8743860721588135,-0.3238731920719147
4525,22576.0,1.0,-2.669604539871216,-0.4432815611362457
4526,22577.0,0.0,1.401667833328247,-1.0850721597671509
4527,22578.0,1.0,-0.055860020220279694,-0.05080713331699371
4528,22597.0,0.0,0.07624444365501404,-0.12676352262496948
4529,22602.0,0.0,0.19355669617652893,-0.14284679293632507
4530,22604.0,1.0,-0.8358613848686218,-0.1679305136203766
4531,22608.0,1.0,-0.7457656860351562,-0.15440192818641663
4532,22610.0,0.0,0.054329536855220795,-0.034261297434568405
4533,22614.0,1.0,-0.6775636672973633,-0.14416085183620453
4534,22615.0,1.0,-0.3507595658302307,-0.09508863091468811
4535,22625.0,1.0,-0.4123913645744324,-0.10434314608573914
4536,22626.0,1.0,-1.278786301612854,-0.2344391942024231
4537,22629.0,1.0,-28.45859718322754,-4.31570291519165
4538,22635.0,1.0,-0.666284441947937,-0.1424671858549118
4539,22639.0,0.0,0.054329536855220795,-0.034261297434568405
4540,22642.0,1.0,-2.7880327701568604,-0.46106451749801636
4541,22645.0,1.0,-1.5391207933425903,-0.2735304534435272
4542,22649.0,0.0,0.054329536855220795,-0.034261297434568405
4543,22653.0,1.0,-24.43743324279785,-3.711893320083618
4544,22663.0,1.0,-0.15420112013816833,-0.06557382643222809
4545,22680.0,0.0,0.4305190443992615,-1.6124769449234009
4546,22681.0,1.0,-21.989023208618164,-3.344244956970215
4547,22684.0,1.0,-0.9567649364471436,-0.18608513474464417
4548,22685.0,1.0,-1.6036169528961182,-0.28321507573127747
4549,22686.0,1.0,-24.71076774597168,-3.752936601638794
4550,22698.0,1.0,-0.5771797299385071,-0.1290874034166336
4551,22700.0,0.0,0.054329536855220795,-0.034261297434568405
4552,22702.0,1.0,-0.9836803674697876,-0.1901267021894455
4553,22703.0,1.0,-25.353397369384766,-3.8494324684143066
4554,22706.0,1.0,-0.6909973621368408,-0.14617802202701569
4555,22713.0,0.0,0.2358236312866211,-0.17581145465373993
4556,22719.0,1.0,-1.4048742055892944,-0.25337228178977966
4557,22724.0,1.0,-1.533465027809143,-0.27268120646476746
4558,22729.0,0.0,0.5912171602249146,-0.4529885947704315
4559,22735.0,1.0,-1.211588978767395,-0.2243489921092987
4560,22736.0,1.0,-1.4060862064361572,-0.2535542845726013
4561,22737.0,0.0,1.3529911041259766,-1.0471084117889404
4562,22741.0,1.0,-1.0993468761444092,-0.20749494433403015
4563,22746.0,1.0,-2.8575260639190674,-0.471499502658844
4564,22751.0,0.0,0.0514800064265728,-0.034689176827669144
4565,22753.0,1.0,-1.013127326965332,-0.19454839825630188
4566,22771.0,1.0,-1.304434061050415,-0.23829039931297302
4567,22779.0,1.0,-2.183739423751831,-0.37032508850097656
4568,22785.0,1.0,-1.5224357843399048,-0.2710250914096832
4569,22787.0,1.0,-1.1493405103683472,-0.2150018960237503
4570,22790.0,1.0,-0.5048891305923462,-0.11823239922523499
4571,22801.0,1.0,-2.0992062091827393,-0.35763174295425415
4572,22807.0,0.0,0.8087897300720215,-0.6226769089698792
4573,22811.0,1.0,-2.4481170177459717,-0.4100234806537628
4574,22813.0,1.0,-0.5468307137489319,-0.12453027069568634
4575,22815.0,0.0,0.9689041972160339,-0.7475528120994568
4576,22826.0,0.0,-0.16292351484298706,-0.29545536637306213
4577,22828.0,1.0,-8.307173728942871,-1.2898073196411133
4578,22839.0,1.0,-0.7397823929786682,-0.15350349247455597
4579,22841.0,1.0,-29.24758529663086,-4.434175491333008
4580,22845.0,1.0,-2.970130205154419,-0.4884078800678253
4581,22847.0,0.0,0.05033180117607117,-0.15041810274124146
4582,22849.0,1.0,-0.983414888381958,-0.19008684158325195
4583,22850.0,0.0,0.18882054090499878,-0.13915298879146576
4584,22852.0,1.0,-2.735086441040039,-0.45311421155929565
4585,22854.0,1.0,-21.8469295501709,-3.322908401489258
4586,22860.0,1.0,-2.9052000045776367,-0.47865810990333557
4587,22861.0,1.0,-1.5780986547470093,-0.2793833017349243
4588,22864.0,1.0,-0.8678962588310242,-0.17274080216884613
4589,22867.0,1.0,-0.40192317962646484,-0.10277125239372253
4590,22868.0,1.0,-1.860809326171875,-0.321834534406662
4591,22872.0,1.0,-0.11979719251394272,-0.06040780246257782
4592,22874.0,1.0,-0.6068606376647949,-0.13354423642158508
4593,22878.0,0.0,0.027154510840773582,-0.03834184259176254
4594,22880.0,1.0,-2.3359200954437256,-0.39317622780799866
4595,22898.0,1.0,-0.4611107409000397,-0.1116587370634079
4596,22900.0,0.0,0.11615748703479767,-0.08248191326856613
4597,22901.0,1.0,-0.42067089676856995,-0.10558637976646423
4598,22903.0,1.0,-5.006982326507568,-0.7942572832107544
4599,22917.0,1.0,-1.2430932521820068,-0.22907960414886475
4600,22918.0,0.0,0.054329536855220795,-0.034261297434568405
4601,22928.0,1.0,-0.7164861559867859,-0.15000537037849426
4602,22932.0,1.0,-1.7327226400375366,-0.30260130763053894
4603,22938.0,0.0,0.2570406496524811,-0.19235895574092865
4604,22941.0,0.0,0.4939524531364441,-0.37713027000427246
4605,22953.0,1.0,-1.714477777481079,-0.29986169934272766
4606,22961.0,1.0,-2.0290491580963135,-0.34709709882736206
4607,22962.0,1.0,-2.4955692291259766,-0.41714876890182495
4608,22977.0,1.0,-0.3073960840702057,-0.0885772630572319
4609,22978.0,1.0,-0.28424346446990967,-0.08510071784257889
4610,22982.0,1.0,-1.5163036584854126,-0.2701042890548706
4611,22993.0,1.0,-28.151348114013672,-4.269567012786865
4612,23005.0,1.0,-0.6069692969322205,-0.17111925780773163
4613,23007.0,1.0,-1.0844056606292725,-0.20525141060352325
4614,23010.0,1.0,-0.7950538992881775,-0.16180294752120972
4615,23012.0,1.0,-3.4460816383361816,-0.5598757266998291
4616,23028.0,1.0,-2.6556286811828613,-0.4411830008029938
4617,23039.0,1.0,-0.1984124779701233,-0.07221251726150513
4618,23040.0,1.0,-24.936277389526367,-3.7867987155914307
4619,23044.0,1.0,-2.7008657455444336,-0.44797569513320923
4620,23046.0,1.0,-0.5453032851219177,-0.12430091202259064
4621,23047.0,1.0,-1.483943223953247,-0.26524513959884644
4622,23054.0,1.0,-0.9902596473693848,-0.1911146342754364
4623,23058.0,1.0,-1.2570115327835083,-0.23116955161094666
4624,23060.0,1.0,-1.3409126996994019,-0.24376796185970306
4625,23063.0,1.0,-2.0974926948547363,-0.3573744595050812
4626,23068.0,0.0,0.15675485134124756,-0.11414444446563721
4627,23073.0,1.0,-1.3098366260528564,-0.23910164833068848
4628,23089.0,0.0,1.4635628461837769,-1.1333450078964233
4629,23092.0,1.0,-3.29744553565979,-0.5375568866729736
4630,23094.0,0.0,0.054329536855220795,-0.034261297434568405
4631,23102.0,0.0,0.054329536855220795,-0.034261297434568405
4632,23105.0,1.0,-0.5355661511421204,-0.12283879518508911
4633,23106.0,1.0,-1.9752203226089478,-0.3390142619609833
4634,23112.0,0.0,0.2803298234939575,-0.21052254736423492
4635,23116.0,1.0,-30.86749839782715,-4.6774187088012695
4636,23117.0,1.0,-1.3296253681182861,-0.24207308888435364
4637,23121.0,1.0,-1.267932415008545,-0.2328094094991684
4638,23123.0,1.0,-0.6033778190612793,-0.25602275133132935
4639,23127.0,1.0,-1.2746330499649048,-0.23381555080413818
4640,23131.0,1.0,-0.4563564956188202,-0.11094485223293304
4641,23136.0,1.0,-1.0619548559188843,-0.20188023149967194
4642,23137.0,1.0,-2.898414134979248,-0.4776391386985779
4643,23145.0,1.0,-1.3503437042236328,-0.24518410861492157
4644,23146.0,0.0,0.3074401021003723,-0.33574965596199036
4645,23158.0,1.0,-1.6426252126693726,-0.2890724837779999
4646,23165.0,0.0,0.054329536855220795,-0.034261297434568405
4647,23168.0,1.0,-0.19174927473068237,-0.07121197879314423
4648,23169.0,1.0,-0.24394240975379944,-0.07904919236898422
4649,23170.0,1.0,-27.26105499267578,-4.135882377624512
4650,23183.0,0.0,0.1032392680644989,-0.07240678369998932
4651,23185.0,0.0,0.27768072485923767,-0.20845648646354675
4652,23187.0,1.0,-1.6234596967697144,-0.2861946225166321
4653,23188.0,0.0,0.054329536855220795,-0.034261297434568405
4654,23192.0,1.0,-0.5759669542312622,-0.1289053112268448
4655,23197.0,1.0,-1.38905930519104,-0.2509975731372833
4656,23199.0,1.0,-0.9369966387748718,-0.18311677873134613
4657,23203.0,1.0,-0.35275647044181824,-0.0953884869813919
4658,23206.0,0.0,0.054329536855220795,-0.034261297434568405
4659,23209.0,0.0,0.054329536855220795,-0.034261297434568405
4660,23224.0,1.0,-0.3361485004425049,-0.2823699116706848
4661,23228.0,0.0,0.4644993543624878,-0.35415932536125183
4662,23236.0,0.0,0.3091401755809784,-0.23299221694469452
4663,23238.0,1.0,-2.500950813293457,-0.4179568588733673
4664,23241.0,1.0,-2.2535457611083984,-0.3808070719242096
4665,23243.0,1.0,-0.8937326073646545,-0.17662033438682556
4666,23246.0,1.0,-0.6089721918106079,-0.13386130332946777
4667,23250.0,1.0,-2.577071189880371,-0.4293869733810425
4668,23251.0,1.0,-0.590644359588623,-0.13110923767089844
4669,23252.0,1.0,-0.9661309719085693,-0.1874915212392807
4670,23255.0,1.0,-1.251401424407959,-0.23032714426517487
4671,23256.0,1.0,-1.317486047744751,-0.24025025963783264
4672,23270.0,0.0,0.3038773536682129,-0.2288876473903656
4673,23272.0,1.0,-1.0476230382919312,-0.19972820580005646
4674,23282.0,1.0,-1.8154830932617188,-0.31502845883369446
4675,23285.0,1.0,-1.0238592624664307,-0.19615988433361053
4676,23286.0,0.0,1.3335328102111816,-1.0319324731826782
4677,23287.0,1.0,-26.74092674255371,-4.057781219482422
4678,23290.0,1.0,-0.7778869867324829,-0.159225195646286
4679,23291.0,1.0,-1.1192419528961182,-0.21048234403133392
4680,23292.0,1.0,-1.4987446069717407,-0.2674676775932312
4681,23296.0,0.0,0.054329536855220795,-0.034261297434568405
4682,23305.0,1.0,-1.0735994577407837,-0.2036287784576416
4683,23311.0,1.0,-0.30789655447006226,-0.08865241706371307
4684,23314.0,1.0,-3.158510684967041,-0.5166947245597839
4685,23315.0,0.0,0.054696861654520035,-0.03454777970910072
4686,23324.0,1.0,-1.9562798738479614,-0.3361701965332031
4687,23333.0,1.0,-1.51242995262146,-0.26952263712882996
4688,23336.0,1.0,-1.8380322456359863,-0.3184143900871277
4689,23338.0,1.0,-1.2001513242721558,-0.2226315289735794
4690,23346.0,1.0,-0.5948548913002014,-0.1317414790391922
4691,23348.0,1.0,-1.7729214429855347,-0.30863749980926514
4692,23351.0,1.0,-0.21499106287956238,-0.07470192015171051
4693,23354.0,1.0,-1.7505455017089844,-0.305277556180954
4694,23355.0,1.0,-2.110980987548828,-0.35939979553222656
4695,23365.0,0.0,0.054329536855220795,-0.034261297434568405
4696,23371.0,1.0,-25.304201126098633,-3.842045307159424
4697,23382.0,1.0,-1.4469903707504272,-0.259696364402771
4698,23384.0,1.0,-2.661527156829834,-0.4420686960220337
4699,23392.0,1.0,-2.366546869277954,-0.3977750837802887
4700,23396.0,1.0,-0.8776293396949768,-0.1742023080587387
4701,23407.0,0.0,-0.011024318635463715,-0.04407469555735588
4702,23412.0,1.0,-0.5583402514457703,-0.12625852227210999
4703,23413.0,1.0,-0.44316771626472473,-0.1089644581079483
4704,23416.0,1.0,-0.31733566522598267,-0.09006977081298828
4705,23423.0,1.0,-1.97012197971344,-0.33824869990348816
4706,23429.0,1.0,-0.4345240294933319,-0.10766653716564178
4707,23430.0,0.0,0.49106770753860474,-0.3748804032802582
4708,23432.0,1.0,-0.593166172504425,-0.1314878910779953
4709,23440.0,1.0,-22.853137969970703,-3.473998785018921
4710,23441.0,1.0,-2.446479558944702,-0.40977758169174194
4711,23449.0,1.0,-0.36159220337867737,-0.09671524167060852
4712,23450.0,1.0,-1.0677359104156494,-0.20274829864501953
4713,23459.0,1.0,-1.5122590065002441,-0.26949697732925415
4714,23461.0,1.0,-0.8927909135818481,-0.17647893726825714
4715,23462.0,1.0,-27.840267181396484,-4.222855567932129
4716,23465.0,1.0,-1.1855924129486084,-0.2204453945159912
4717,23471.0,1.0,-1.0668796300888062,-0.202619731426239
4718,23472.0,1.0,-2.278134822845459,-0.38449928164482117
4719,23474.0,0.0,0.009069770574569702,-0.04105740785598755
4720,23476.0,1.0,-1.5507996082305908,-0.27528414130210876
4721,23481.0,1.0,-2.214273691177368,-0.37491002678871155
4722,23482.0,1.0,-0.44787636399269104,-0.10967148840427399
4723,23485.0,0.0,0.12431571632623672,-0.09403389692306519
4724,23486.0,1.0,-1.7149417400360107,-0.2999313771724701
4725,23492.0,1.0,-1.6692227125167847,-0.2930662930011749
4726,23493.0,1.0,-1.1257805824279785,-0.21146418154239655
4727,23504.0,1.0,-2.26647686958313,-0.3827487826347351
4728,23513.0,0.0,0.9426893591880798,-0.7271074056625366
4729,23526.0,1.0,-28.598651885986328,-4.336733341217041
4730,23527.0,1.0,-0.9409561157226562,-0.18371132016181946
4731,23529.0,1.0,-0.37388771772384644,-0.09856151044368744
4732,23540.0,1.0,-2.0027432441711426,-0.34314703941345215
4733,23558.0,1.0,-25.09979248046875,-3.811351776123047
4734,23564.0,1.0,-1.9628583192825317,-0.3371579945087433
4735,23574.0,1.0,-29.939388275146484,-4.538055419921875
4736,23575.0,1.0,-1.6042814254760742,-0.28331485390663147
4737,23577.0,0.0,0.44718635082244873,-0.3406566083431244
4738,23580.0,1.0,-1.8058412075042725,-0.3135806620121002
4739,23586.0,1.0,-1.7119576930999756,-0.2994832992553711
4740,23588.0,1.0,-1.2548637390136719,-0.23084703087806702
4741,23600.0,1.0,-1.4230966567993164,-0.25610852241516113
4742,23603.0,1.0,-0.9827954769134521,-0.18999382853507996
4743,23613.0,1.0,-2.122162103652954,-0.36107873916625977
4744,23623.0,1.0,-1.1767113208770752,-0.219111829996109
4745,23625.0,1.0,-0.38925671577453613,-0.10086928308010101
4746,23626.0,1.0,-1.6840777397155762,-0.29529690742492676
4747,23630.0,0.0,0.17314332723617554,-0.12692607939243317
4748,23631.0,1.0,-1.6493360996246338,-0.29008015990257263
4749,23636.0,0.0,-0.05992927402257919,-0.20906570553779602
4750,23649.0,1.0,-1.4182300567626953,-0.25537776947021484
4751,23655.0,1.0,-0.4736079275608063,-0.11353528499603271
4752,23659.0,1.0,-1.285310983657837,-0.23541893064975739
4753,23672.0,1.0,-0.3037938177585602,-0.08803635835647583
4754,23675.0,1.0,-2.2452008724212646,-0.37955397367477417
4755,23677.0,1.0,-0.6591367125511169,-0.14139389991760254
4756,23682.0,1.0,-1.5235711336135864,-0.27119556069374084
4757,23687.0,1.0,-1.1038811206817627,-0.20817580819129944
4758,23689.0,1.0,-2.2738840579986572,-0.3838610053062439
4759,23692.0,1.0,-0.8534191250801086,-0.17056694626808167
4760,23703.0,1.0,-0.3719135820865631,-0.09826508164405823
4761,23705.0,0.0,0.1237265020608902,-0.10114884376525879
4762,23717.0,1.0,-1.9898768663406372,-0.341215044260025
4763,23723.0,0.0,0.32355669140815735,-0.24423587322235107
4764,23730.0,1.0,-2.149949312210083,-0.36525124311447144
4765,23737.0,0.0,-0.010384254157543182,-0.04397858679294586
4766,23741.0,1.0,-0.8059630990028381,-0.16344104707241058
4767,23745.0,1.0,-1.3267040252685547,-0.24163441359996796
4768,23749.0,1.0,-2.3090856075286865,-0.3891467750072479
4769,23750.0,1.0,-1.4073394536972046,-0.2537424564361572
4770,23760.0,1.0,-1.797485113143921,-0.31232592463493347
4771,23761.0,1.0,-0.9782265424728394,-0.1893077790737152
4772,23771.0,1.0,-0.6597634553909302,-0.14148801565170288
4773,23776.0,1.0,-1.5686445236206055,-0.27796369791030884
4774,23777.0,1.0,-2.3712782859802246,-0.3984855115413666
4775,23782.0,0.0,0.11339154094457626,-0.0803247019648552
4776,23784.0,1.0,-1.5051988363265991,-0.26843681931495667
4777,23790.0,1.0,-1.1593512296676636,-0.21650508046150208
4778,23797.0,1.0,-1.6959668397903442,-0.29708215594291687
4779,23808.0,1.0,-2.1277689933776855,-0.36192065477371216
4780,23809.0,1.0,-1.54010808467865,-0.273678719997406
4781,23813.0,0.0,0.4856891632080078,-0.3706855773925781
4782,23819.0,1.0,-0.08720805495977402,-0.05551429092884064
4783,23828.0,1.0,-1.9713221788406372,-0.33842891454696655
4784,23844.0,1.0,-2.6459949016571045,-0.43973639607429504
4785,23845.0,0.0,1.2040553092956543,-0.930950939655304
4786,23851.0,1.0,-2.2767035961151123,-0.3842844069004059
4787,23852.0,1.0,-1.3287922143936157,-0.2419479787349701
4788,23856.0,1.0,-0.7918005585670471,-0.16131442785263062
4789,23871.0,0.0,0.33994701504707336,-0.25701895356178284
4790,23882.0,1.0,-1.058821678161621,-0.20140975713729858
4791,23885.0,1.0,-0.5316181182861328,-0.12224598228931427
4792,23889.0,1.0,-2.3069586753845215,-0.3888274133205414
4793,23891.0,1.0,-0.16570314764976501,-0.10220664739608765
4794,23892.0,1.0,-1.7730085849761963,-0.30865058302879333
4795,23893.0,1.0,-0.8471311330795288,-0.1696227639913559
4796,23896.0,0.0,0.26136988401412964,-0.2103554755449295
4797,23900.0,1.0,-0.944434642791748,-0.1842336505651474
4798,23904.0,1.0,-1.1528034210205078,-0.21552185714244843
4799,23906.0,1.0,-1.3049582242965698,-0.23836910724639893
4800,23907.0,1.0,-0.7259932160377502,-0.15143293142318726
4801,23914.0,1.0,-0.6650781631469727,-0.14228606224060059
4802,23919.0,0.0,0.054329536855220795,-0.034261297434568405
4803,23925.0,0.0,0.23193347454071045,-0.172777459025383
4804,23934.0,1.0,-0.6214194893836975,-0.13573035597801208
4805,23940.0,1.0,-1.8698478937149048,-0.32319176197052
4806,23953.0,1.0,-29.44820785522461,-4.464300632476807
4807,23956.0,1.0,-0.36853575706481934,-0.09775787591934204
4808,23963.0,1.0,-1.5111302137374878,-0.26932746171951294
4809,23964.0,1.0,-0.9469608068466187,-0.18461297452449799
4810,23976.0,1.0,-0.7453086376190186,-0.15433329343795776
4811,23977.0,1.0,-1.7479844093322754,-0.30489298701286316
4812,23980.0,0.0,0.2460719645023346,-0.18380430340766907
4813,23987.0,1.0,-0.4293442368507385,-0.10688874125480652
4814,23993.0,0.0,-0.008118346333503723,-0.04363834112882614
4815,23999.0,1.0,-2.0835976600646973,-0.35528799891471863
4816,24001.0,1.0,-2.1997785568237305,-0.372733473777771
4817,24013.0,0.0,0.054329536855220795,-0.034261297434568405
4818,24026.0,1.0,-1.2474044561386108,-0.22972697019577026
4819,24031.0,0.0,1.1461281776428223,-0.8857726454734802
4820,24032.0,0.0,0.21995669603347778,-0.16343659162521362
4821,24039.0,0.0,0.054329536855220795,-0.034261297434568405
4822,24045.0,0.0,0.5293591022491455,-0.4047445058822632
4823,24047.0,1.0,-0.19440263509750366,-0.07161040604114532
4824,24056.0,1.0,-2.0954246520996094,-0.357063889503479
4825,24061.0,1.0,-0.9538633823394775,-0.18564945459365845
4826,24064.0,1.0,-1.9234771728515625,-0.3312446177005768
4827,24067.0,1.0,-0.32124918699264526,-0.14112137258052826
4828,24069.0,0.0,0.4094398319721222,-0.3112175166606903
4829,24078.0,0.0,0.23852643370628357,-0.1779194176197052
4830,24079.0,1.0,-1.9880133867263794,-0.34093526005744934
4831,24080.0,1.0,-0.4765883982181549,-0.29997026920318604
4832,24081.0,1.0,-1.277341365814209,-0.23422221839427948
4833,24089.0,1.0,-0.33417263627052307,-0.09259797632694244
4834,24093.0,0.0,0.054329536855220795,-0.034261297434568405
4835,24100.0,1.0,-0.7854106426239014,-0.16035494208335876
4836,24102.0,1.0,-3.945432424545288,-0.6348572373390198
4837,24104.0,1.0,-1.833313226699829,-0.31770578026771545
4838,24108.0,1.0,-0.11629881709814072,-0.05988249555230141
4839,24115.0,1.0,-1.9930790662765503,-0.3416959047317505
4840,24119.0,1.0,-0.7371459007263184,-0.15310759842395782
4841,24142.0,1.0,-1.6006101369857788,-0.28276360034942627
4842,24144.0,1.0,-1.9420114755630493,-0.3340277075767517
4843,24150.0,1.0,-27.75088119506836,-4.209433555603027
4844,24152.0,1.0,-1.390498161315918,-0.25121361017227173
4845,24155.0,1.0,-3.417783737182617,-0.555626630783081
4846,24157.0,1.0,-27.738168716430664,-4.20752477645874
4847,24164.0,1.0,-1.024706244468689,-0.19628705084323883
4848,24168.0,1.0,-1.3967530727386475,-0.25215283036231995
4849,24171.0,1.0,-1.3599228858947754,-0.2466225028038025
4850,24179.0,1.0,-1.8735888004302979,-0.3237535059452057
4851,24181.0,1.0,-2.12106990814209,-0.3609147369861603
4852,24182.0,1.0,-31.150066375732422,-4.719848155975342
4853,24184.0,1.0,-0.913864254951477,-0.17964327335357666
4854,24188.0,1.0,-1.1899325847625732,-0.22109711170196533
4855,24198.0,1.0,-1.238083839416504,-0.22832739353179932
4856,24200.0,1.0,-1.451480507850647,-0.2603705823421478
4857,24202.0,1.0,-26.202640533447266,-3.9769530296325684
4858,24204.0,1.0,-2.220508098602295,-0.37584617733955383
4859,24207.0,1.0,-26.60091781616211,-4.036757469177246
4860,24208.0,1.0,-1.1643484830856323,-0.21725544333457947
4861,24215.0,0.0,0.2676313817501068,-0.28614383935928345
4862,24220.0,1.0,-25.515098571777344,-3.873713254928589
4863,24221.0,1.0,-1.4537014961242676,-0.2607041001319885
4864,24235.0,0.0,0.20023632049560547,-0.14805634319782257
4865,24236.0,1.0,-1.0151487588882446,-0.19485193490982056
4866,24246.0,1.0,-1.7564736604690552,-0.30616772174835205
4867,24256.0,1.0,-0.9267234802246094,-0.18157418072223663
4868,24260.0,1.0,-2.711151361465454,-0.44952014088630676
4869,24264.0,0.0,0.8887479901313782,-0.6850376725196838
4870,24270.0,0.0,0.054329536855220795,-0.034261297434568405
4871,24271.0,1.0,-1.4352807998657227,-0.25793808698654175
4872,24273.0,1.0,-1.217565894126892,-0.22524645924568176
4873,24276.0,1.0,-0.4230946898460388,-0.17591145634651184
4874,24279.0,1.0,-0.882815420627594,-0.174981027841568
4875,24281.0,1.0,-1.5683330297470093,-0.27791690826416016
4876,24288.0,1.0,-3.103116035461426,-0.5083767771720886
4877,24289.0,1.0,-2.1027729511260986,-0.35816729068756104
4878,24295.0,1.0,-2.0965170860290527,-0.35722798109054565
4879,24299.0,1.0,-0.9053992033004761,-0.17837215960025787
4880,24309.0,1.0,-0.09664209932088852,-0.05693088471889496
4881,24310.0,0.0,1.9665741920471191,-1.5256516933441162
4882,24312.0,1.0,-2.254617691040039,-0.38096800446510315
4883,24314.0,1.0,-0.20316612720489502,-0.07292631268501282
4884,24325.0,1.0,-1.5922374725341797,-0.28150635957717896
4885,24326.0,1.0,-1.2822309732437134,-0.23495644330978394
4886,24330.0,1.0,-1.1405726671218872,-0.2136853188276291
4887,24333.0,1.0,-0.3553806245326996,-0.09578251838684082
4888,24336.0,1.0,-24.537309646606445,-3.7268903255462646
4889,24353.0,1.0,-0.2745879590511322,-0.0836508646607399
4890,24354.0,0.0,0.1258900761604309,-0.09007250517606735
4891,24357.0,1.0,-1.197366714477539,-0.22221340239048004
4892,24359.0,1.0,-2.0421512126922607,-0.3490644693374634
4893,24363.0,1.0,-1.7830686569213867,-0.31016117334365845
4894,24367.0,1.0,-2.264261484146118,-0.38241609930992126
4895,24378.0,1.0,-2.854440689086914,-0.4710361659526825
4896,24380.0,1.0,-1.554027795791626,-0.27576887607574463
4897,24387.0,1.0,-0.7985256314277649,-0.16232424974441528
4898,24390.0,1.0,-1.2081581354141235,-0.2238338142633438
4899,24396.0,1.0,-2.1363871097564697,-0.36321476101875305
4900,24400.0,1.0,-1.22552490234375,-0.22644159197807312
4901,24407.0,1.0,-18.875080108642578,-2.876661777496338
4902,24414.0,1.0,-0.7191401124000549,-0.15040388703346252
4903,24419.0,1.0,-1.5945855379104614,-0.2818589508533478
4904,24439.0,1.0,-1.177796483039856,-0.21927477419376373
4905,24445.0,0.0,-0.02064725011587143,-0.04551965743303299
4906,24450.0,1.0,-1.8305727243423462,-0.31729426980018616
4907,24454.0,1.0,-2.6031124591827393,-0.4332972764968872
4908,24466.0,1.0,-1.5632781982421875,-0.27715790271759033
4909,24469.0,1.0,-1.6105239391326904,-0.28425222635269165
4910,24478.0,1.0,-0.8196347951889038,-0.16549396514892578
4911,24481.0,1.0,-1.2255363464355469,-0.22644329071044922
4912,24482.0,0.0,1.4540901184082031,-1.1259571313858032
4913,24485.0,1.0,-0.8378718495368958,-0.16823239624500275
4914,24493.0,0.0,0.054329536855220795,-0.034261297434568405
4915,24499.0,1.0,-2.0371856689453125,-0.348318874835968
4916,24508.0,1.0,-1.1177618503570557,-0.21026010811328888
4917,24514.0,1.0,-1.391614317893982,-0.25138118863105774
4918,24518.0,0.0,0.17951536178588867,-0.1318957358598709
4919,24525.0,0.0,0.058904554694890976,-0.31506505608558655
4920,24527.0,1.0,-0.8659567832946777,-0.17244957387447357
4921,24535.0,1.0,-0.30567628145217896,-0.08831901848316193
4922,24539.0,1.0,-1.1796996593475342,-0.21956054866313934
4923,24546.0,1.0,-1.8229761123657227,-0.3161535859107971
4924,24547.0,1.0,-0.929269552230835,-0.181956484913826
4925,24549.0,1.0,-0.6245601773262024,-0.3492242991924286
4926,24555.0,1.0,-0.883368194103241,-0.17506404221057892
4927,24557.0,1.0,-0.7705628275871277,-0.15812541544437408
4928,24558.0,1.0,-2.4785289764404297,-0.414590060710907
4929,24559.0,1.0,-1.6595302820205688,-0.2916108965873718
4930,24563.0,1.0,-1.89955735206604,-0.32765287160873413
4931,24568.0,1.0,-0.3529468774795532,-0.0954170748591423
4932,24580.0,0.0,0.054329536855220795,-0.034261297434568405
4933,24590.0,1.0,-2.019317865371704,-0.34563586115837097
4934,24593.0,1.0,-0.9729272127151489,-0.18851202726364136
4935,24609.0,1.0,-1.7059545516967773,-0.2985818684101105
4936,24625.0,1.0,-1.3740216493606567,-0.24873954057693481
4937,24635.0,1.0,-2.818851947784424,-0.4656922519207001
4938,24640.0,1.0,-0.22559592127799988,-0.07629431784152985
4939,24641.0,1.0,-29.114398956298828,-4.414176940917969
4940,24672.0,0.0,0.054329536855220795,-0.034261297434568405
4941,24676.0,1.0,-1.6049792766571045,-0.2834196388721466
4942,24677.0,1.0,-1.465971827507019,-0.262546569108963
4943,24678.0,1.0,-1.1630265712738037,-0.21705695986747742
4944,24680.0,0.0,0.054329536855220795,-0.034261297434568405
4945,24682.0,1.0,-1.7464324235916138,-0.30465996265411377
4946,24683.0,1.0,-2.1032845973968506,-0.3582441210746765
4947,24684.0,1.0,-0.41431760787963867,-0.10463237762451172
4948,24687.0,1.0,-3.1683719158172607,-0.518175482749939
4949,24688.0,1.0,-0.6973879337310791,-0.1471376270055771
4950,24689.0,1.0,-25.98258399963379,-3.9439098834991455
4951,24712.0,1.0,-0.9430301785469055,-0.18402275443077087
4952,24714.0,0.0,0.729917049407959,-0.5611628890037537
4953,24717.0,1.0,-1.6180145740509033,-0.28537699580192566
4954,24733.0,1.0,-2.6017825603485107,-0.43309757113456726
4955,24734.0,0.0,0.054329536855220795,-0.034261297434568405
4956,24737.0,1.0,-1.9427276849746704,-0.3341352343559265
4957,24752.0,1.0,-1.5507150888442993,-0.2752714455127716
4958,24762.0,1.0,-1.180295467376709,-0.2196500301361084
4959,24777.0,1.0,-3.1527223587036133,-0.5158255696296692
4960,24780.0,1.0,-1.3045576810836792,-0.23830898106098175
4961,24783.0,1.0,-1.3876692056655884,-0.2507888078689575
4962,24787.0,1.0,-1.2828941345214844,-0.23505602777004242
4963,24789.0,0.0,0.20327535271644592,-0.15042653679847717
4964,24790.0,1.0,-0.5761901140213013,-0.12893880903720856
4965,24792.0,0.0,0.054329536855220795,-0.034261297434568405
4966,24809.0,1.0,-1.6150453090667725,-0.28493115305900574
4967,24810.0,1.0,-1.536371111869812,-0.2731176018714905
4968,24816.0,1.0,-2.1323955059051514,-0.3626153767108917
4969,24817.0,1.0,-3.0552728176116943,-0.5011927485466003
4970,24821.0,1.0,-0.4576452672481537,-0.11113837361335754
4971,24829.0,1.0,-1.2653511762619019,-0.23242180049419403
4972,24830.0,1.0,-1.4937541484832764,-0.2667182981967926
4973,24839.0,0.0,0.03414083644747734,-0.16610132157802582
4974,24845.0,1.0,-1.0220175981521606,-0.1958833485841751
4975,24854.0,1.0,-3.10947847366333,-0.5093321204185486
4976,24862.0,1.0,-1.9428991079330444,-0.3341609835624695
4977,24865.0,0.0,0.054329536855220795,-0.034261297434568405
4978,24866.0,1.0,-0.45199158787727356,-0.11028942465782166
4979,24870.0,1.0,-25.268508911132812,-3.8366858959198
4980,24872.0,1.0,-2.0375139713287354,-0.34836819767951965
4981,24875.0,1.0,-0.4032963812351227,-0.102977454662323
4982,24882.0,0.0,0.2154219150543213,-0.15989983081817627
4983,24888.0,1.0,-0.21084532141685486,-0.07407940179109573
4984,24890.0,0.0,0.054329536855220795,-0.034261297434568405
4985,24898.0,1.0,-0.6562938094139099,-0.14096702635288239
4986,24899.0,1.0,-1.0608245134353638,-0.201710507273674
4987,24912.0,1.0,-2.286599636077881,-0.38577035069465637
4988,24913.0,1.0,-1.3341329097747803,-0.24274992942810059
4989,24915.0,1.0,-0.2019946575164795,-0.09448570013046265
4990,24916.0,1.0,-1.182568073272705,-0.2199912816286087
4991,24923.0,1.0,-2.3730392456054688,-0.3987499475479126
4992,24924.0,1.0,-1.627913236618042,-0.2868633568286896
4993,24925.0,0.0,0.054329536855220795,-0.034261297434568405
4994,24926.0,1.0,-1.0108559131622314,-0.1942073255777359
4995,24932.0,0.0,1.1561386585235596,-0.8935800194740295
4996,24933.0,1.0,-2.2261037826538086,-0.3766864240169525
4997,24934.0,1.0,-0.4628394544124603,-0.1320524662733078
4998,24936.0,1.0,-30.300687789916992,-4.592307090759277
4999,24942.0,0.0,0.054329536855220795,-0.034261297434568405
5000,24945.0,1.0,-1.1527906656265259,-0.2155199646949768
5001,24946.0,1.0,-2.976898193359375,-0.4894241392612457
5002,24948.0,1.0,-1.6577125787734985,-0.2913379669189453
5003,24954.0,1.0,-2.0452919006347656,-0.34953609108924866
5004,24957.0,0.0,0.28400367498397827,-0.2133878618478775
5005,24961.0,1.0,-0.9384881854057312,-0.18334074318408966
5006,24962.0,1.0,-0.9103567600250244,-0.17911659181118011
5007,24978.0,1.0,-0.20496496558189392,-0.0731964260339737
5008,24983.0,1.0,-0.19994309544563293,-0.07244234532117844
5009,24988.0,0.0,0.2208118438720703,-0.16410352289676666
5010,24996.0,1.0,-1.0370813608169556,-0.1981452852487564
5011,25002.0,1.0,-0.1932763159275055,-0.07144127786159515
5012,25014.0,0.0,0.054329536855220795,-0.034261297434568405
5013,25015.0,1.0,-1.0300954580307007,-0.19709628820419312
5014,25017.0,1.0,-1.6887304782867432,-0.2959955334663391
5015,25021.0,1.0,-0.2597930133342743,-0.08142928779125214
5016,25034.0,1.0,-2.6886370182037354,-0.44613945484161377
5017,25035.0,1.0,-1.8424707651138306,-0.3190808594226837
5018,25038.0,0.0,0.8645601272583008,-0.6661731600761414
5019,25041.0,0.0,0.006602182984352112,-0.041427936404943466
5020,25049.0,1.0,-0.2171938717365265,-0.11138047277927399
5021,25055.0,1.0,-2.7637858390808105,-0.4574236571788788
5022,25069.0,1.0,-2.698739767074585,-0.44765645265579224
5023,25070.0,1.0,-0.9662293195724487,-0.187506303191185
5024,25076.0,1.0,-0.18779602646827698,-0.07061836123466492
5025,25079.0,0.0,0.03828069567680359,-0.03667115792632103
5026,25082.0,1.0,-0.18249750137329102,-0.069822758436203
5027,25083.0,1.0,-0.7887921929359436,-0.16086269915103912
5028,25087.0,1.0,-0.6342009902000427,-0.13764961063861847
5029,25088.0,1.0,-0.9057683348655701,-0.178427591919899
5030,25091.0,1.0,-1.5848369598388672,-0.28039512038230896
5031,25093.0,1.0,-2.281371831893921,-0.3849853575229645
5032,25104.0,0.0,0.19545584917068481,-0.17864102125167847
5033,25105.0,0.0,0.1490073800086975,-0.26203256845474243
5034,25106.0,1.0,-28.775711059570312,-4.3633198738098145
5035,25114.0,1.0,-2.2336363792419434,-0.3778175115585327
5036,25120.0,0.0,0.054329536855220795,-0.034261297434568405
5037,25143.0,0.0,0.163834810256958,-0.1196662187576294
5038,25161.0,0.0,1.6249399185180664,-1.25920569896698
5039,25169.0,1.0,-1.421155571937561,-0.2558170557022095
5040,25171.0,1.0,-0.6180695295333862,-0.13522733747959137
5041,25178.0,0.0,0.4050793945789337,-0.3078167140483856
5042,25179.0,1.0,-1.8372446298599243,-0.3182961344718933
5043,25185.0,1.0,-1.0890731811523438,-0.20595227181911469
5044,25198.0,1.0,-1.765528917312622,-0.30752745270729065
5045,25201.0,1.0,-20.786415100097656,-3.163663864135742
5046,25202.0,0.0,0.054329536855220795,-0.034261297434568405
5047,25203.0,1.0,-1.4688808917999268,-0.26298338174819946
5048,25214.0,1.0,-1.5568909645080566,-0.2761988043785095
5049,25220.0,1.0,-0.40332120656967163,-0.10298117995262146
5050,25225.0,1.0,-0.39908134937286377,-0.25919535756111145
5051,25231.0,1.0,-2.4920313358306885,-0.4166175425052643
5052,25232.0,1.0,-0.975067138671875,-0.1888333559036255
5053,25233.0,1.0,-1.3642367124557495,-0.24727025628089905
5054,25247.0,1.0,-0.8912283182144165,-0.17624428868293762
5055,25261.0,1.0,-1.7952414751052856,-0.3119890093803406
5056,25263.0,1.0,-1.1199042797088623,-0.21058179438114166
5057,25265.0,1.0,-1.794242262840271,-0.3118389844894409
5058,25267.0,1.0,-1.2025806903839111,-0.222996324300766
5059,25274.0,0.0,0.2546437978744507,-0.19048960506916046
5060,25280.0,0.0,0.5355971455574036,-0.4096096456050873
5061,25289.0,1.0,-0.9837476015090942,-0.19013679027557373
5062,25290.0,1.0,-2.137657403945923,-0.3634054958820343
5063,25292.0,1.0,-1.0277657508850098,-0.19674646854400635
5064,25297.0,1.0,-0.11796929687261581,-0.06344901770353317
5065,25301.0,1.0,-1.7396929264068604,-0.3036479651927948
5066,25302.0,1.0,-0.9890738725662231,-0.19093658030033112
5067,25307.0,1.0,-2.4044995307922363,-0.40347394347190857
5068,25311.0,1.0,-0.43956074118614197,-0.14425502717494965
5069,25312.0,1.0,-1.7575808763504028,-0.306333988904953
5070,25326.0,1.0,-1.8494112491607666,-0.3201230466365814
5071,25327.0,1.0,-1.0437707901000977,-0.19914975762367249
5072,25328.0,1.0,-0.6892552971839905,-0.14591644704341888
5073,25330.0,1.0,-1.1611356735229492,-0.21677301824092865
5074,25336.0,0.0,0.16799476742744446,-0.12291064858436584
5075,25338.0,1.0,-1.9766541719436646,-0.339229553937912
5076,25340.0,1.0,-1.3550941944122314,-0.24589742720127106
5077,25341.0,0.0,1.2898610830307007,-0.9978722333908081
5078,25344.0,0.0,0.604110836982727,-0.4630446135997772
5079,25355.0,1.0,-24.02581024169922,-3.650084972381592
5080,25356.0,1.0,-0.10675977915525436,-0.058450132608413696
5081,25363.0,1.0,-1.7783657312393188,-0.3094549775123596
5082,25364.0,0.0,0.1653953343629837,-0.12088330090045929
5083,25375.0,0.0,0.054329536855220795,-0.034261297434568405
5084,25390.0,0.0,1.7561172246932983,-1.3615128993988037
5085,25393.0,1.0,-0.5293666124343872,-0.12190788984298706
5086,25394.0,1.0,-1.714167833328247,-0.29981517791748047
5087,25402.0,1.0,-1.5090869665145874,-0.2690206468105316
5088,25405.0,1.0,-1.4196981191635132,-0.2555982172489166
5089,25424.0,1.0,-1.0222381353378296,-0.19591645896434784
5090,25437.0,1.0,-2.83648419380188,-0.4683398902416229
5091,25449.0,1.0,-2.5812137126922607,-0.43000897765159607
5092,25451.0,0.0,0.054329536855220795,-0.034261297434568405
5093,25458.0,1.0,-1.211513638496399,-0.22433768212795258
5094,25460.0,0.0,0.15341588854789734,-0.18927523493766785
5095,25461.0,0.0,0.22678613662719727,-0.16876298189163208
5096,25464.0,1.0,-2.3359785079956055,-0.39318498969078064
5097,25468.0,1.0,-0.2031208574771881,-0.07291951030492783
5098,25478.0,1.0,-0.7318623661994934,-0.152314230799675
5099,25479.0,1.0,-2.104940891265869,-0.3584928810596466
5100,25487.0,1.0,-2.316363573074341,-0.3902396261692047
5101,25493.0,1.0,-1.8211870193481445,-0.31588494777679443
5102,25494.0,1.0,-2.441939115524292,-0.409095823764801
5103,25501.0,1.0,-26.29121208190918,-3.99025297164917
5104,25511.0,1.0,-1.6279209852218628,-0.2868645191192627
5105,25521.0,1.0,-1.6181176900863647,-0.2853924632072449
5106,25527.0,1.0,-0.2777846157550812,-0.08413086831569672
5107,25533.0,1.0,-1.5549439191818237,-0.27590644359588623
5108,25534.0,0.0,0.4252778887748718,-0.3235698640346527
5109,25538.0,0.0,0.07023565471172333,-0.04666673764586449
5110,25541.0,1.0,-0.1852007508277893,-0.15941369533538818
5111,25548.0,0.0,0.19925236701965332,-0.1472889482975006
5112,25559.0,1.0,-24.246803283691406,-3.6832687854766846
5113,25560.0,1.0,-1.2203571796417236,-0.2256655991077423
5114,25562.0,1.0,-1.8086458444595337,-0.31400179862976074
5115,25567.0,1.0,-0.5290988087654114,-0.12186768651008606
5116,25572.0,1.0,-2.1019437313079834,-0.35804280638694763
5117,25577.0,1.0,-0.7032861709594727,-0.14802329242229462
5118,25580.0,1.0,-0.985692024230957,-0.19042876362800598
5119,25590.0,0.0,0.054329536855220795,-0.034261297434568405
5120,25599.0,1.0,-1.780307412147522,-0.30974656343460083
5121,25606.0,0.0,0.054329536855220795,-0.034261297434568405
5122,25607.0,0.0,0.054329536855220795,-0.034261297434568405
5123,25625.0,1.0,-1.2445976734161377,-0.22930549085140228
5124,25628.0,1.0,-1.4481441974639893,-0.25986960530281067
5125,25645.0,1.0,-2.6665420532226562,-0.4428217113018036
5126,25655.0,1.0,-0.660295307636261,-0.1415678709745407
5127,25666.0,1.0,-0.461726576089859,-0.11175121366977692
5128,25673.0,1.0,-1.9629656076431274,-0.33717411756515503
5129,25676.0,0.0,1.1525005102157593,-0.8907424807548523
5130,25691.0,0.0,1.2462565898895264,-0.9638643860816956
5131,25693.0,1.0,-1.5886118412017822,-0.2809619605541229
5132,25697.0,1.0,-0.19369998574256897,-0.07150489091873169
5133,25698.0,1.0,-2.8094706535339355,-0.4642835855484009
5134,25700.0,1.0,-0.8575270771980286,-0.17118379473686218
5135,25703.0,0.0,0.054329536855220795,-0.034261297434568405
5136,25704.0,1.0,-3.6508655548095703,-0.5906257033348083
5137,25707.0,0.0,-0.0036037713289260864,-0.04296044260263443
5138,25708.0,1.0,-1.737314224243164,-0.30329078435897827
5139,25709.0,1.0,-1.3384560346603394,-0.24339906871318817
5140,25710.0,0.0,-0.09820520132780075,-0.1952168494462967
5141,25716.0,1.0,-27.66629409790039,-4.196732044219971
5142,25717.0,1.0,-2.685702085494995,-0.44569873809814453
5143,25720.0,1.0,-0.43253466486930847,-0.10736781358718872
5144,25723.0,1.0,-1.8651376962661743,-0.32248449325561523
5145,25724.0,1.0,-0.5276547074317932,-0.12165084481239319
5146,25731.0,1.0,-0.21785086393356323,-0.07513134181499481
5147,25735.0,1.0,-1.0982930660247803,-0.20733670890331268
5148,25737.0,1.0,-22.89984130859375,-3.4810116291046143
5149,25738.0,1.0,-1.1227679252624512,-0.21101179718971252
5150,25741.0,1.0,-1.5711727142333984,-0.2783433198928833
5151,25756.0,1.0,-1.1424336433410645,-0.21396476030349731
5152,25758.0,1.0,-1.7753373384475708,-0.30900025367736816
5153,25759.0,1.0,-2.213106632232666,-0.3747347891330719
5154,25765.0,1.0,-2.9874074459075928,-0.4910022020339966
5155,25768.0,1.0,-18.5531063079834,-2.828314781188965
5156,25788.0,1.0,-0.7173349857330322,-0.15013283491134644
5157,25796.0,1.0,-2.311457872390747,-0.38950303196907043
5158,25800.0,0.0,0.6988605856895447,-0.5369414687156677
5159,25804.0,0.0,-0.09650472551584244,-0.29170817136764526
5160,25807.0,1.0,-2.2749340534210205,-0.3840186595916748
5161,25808.0,1.0,-0.34060946106910706,-0.2899256944656372
5162,25811.0,1.0,-1.6282548904418945,-0.2869146466255188
5163,25813.0,1.0,-2.2100777626037598,-0.3742799758911133
5164,25818.0,1.0,-0.6194227933883667,-0.13543054461479187
5165,25819.0,1.0,-1.5413419008255005,-0.2738640010356903
5166,25826.0,1.0,-0.7812278270721436,-0.1597268432378769
5167,25830.0,1.0,-2.830557346343994,-0.4674499034881592
5168,25831.0,1.0,-0.975360631942749,-0.1888774335384369
5169,25832.0,1.0,-1.7513405084609985,-0.3053969442844391
5170,25842.0,1.0,-0.6442589163780212,-0.1391598880290985
5171,25847.0,1.0,-1.2101733684539795,-0.22413642704486847
5172,25849.0,1.0,-2.0991458892822266,-0.3576226830482483
5173,25851.0,1.0,-0.4921126067638397,-0.11631391942501068
5174,25852.0,1.0,-2.5432515144348145,-0.4243086576461792
5175,25854.0,1.0,-0.5004597902297974,-0.11756730079650879
5176,25861.0,1.0,-1.6591352224349976,-0.2915515899658203
5177,25879.0,1.0,-1.63883376121521,-0.28850314021110535
5178,25880.0,1.0,-1.0356876850128174,-0.19793601334095
5179,25882.0,1.0,-1.3908870220184326,-0.2512719929218292
5180,25891.0,1.0,-0.8433833718299866,-0.16905999183654785
5181,25893.0,1.0,-30.6815185546875,-4.649492263793945
5182,25899.0,1.0,-1.3605893850326538,-0.24672257900238037
5183,25900.0,1.0,-2.3104076385498047,-0.38934531807899475
5184,25917.0,1.0,-1.4244931936264038,-0.25631824135780334
5185,25920.0,1.0,-1.4012926816940308,-0.2528344988822937
5186,25927.0,1.0,-0.8067709803581238,-0.1635623574256897
5187,25928.0,1.0,-0.8764039278030396,-0.17401830852031708
5188,25934.0,1.0,-1.101050853729248,-0.2077508121728897
5189,25940.0,1.0,-1.5731483697891235,-0.2786399722099304
5190,25946.0,1.0,-0.6455296277999878,-0.13935069739818573
5191,25952.0,1.0,-0.7600557208061218,-0.1565476804971695
5192,25953.0,1.0,-1.3766953945159912,-0.24914102256298065
5193,25955.0,1.0,-0.9922215938568115,-0.19140923023223877
5194,25959.0,0.0,0.054329536855220795,-0.034261297434568405
5195,25960.0,0.0,0.536051869392395,-0.40996429324150085
5196,25965.0,0.0,1.4836993217468262,-1.1490498781204224
5197,25968.0,1.0,-2.0347771644592285,-0.34795722365379333
5198,25970.0,1.0,-1.4907464981079102,-0.26626667380332947
5199,25976.0,1.0,-0.88482266664505,-0.17528243362903595
5200,25981.0,1.0,-0.9564148187637329,-0.18603256344795227
5201,25984.0,1.0,-1.6946988105773926,-0.2968917489051819
5202,25986.0,1.0,-1.3830530643463135,-0.2500956654548645
5203,25990.0,1.0,-0.3508034348487854,-0.09509522467851639
5204,26000.0,1.0,-1.6404215097427368,-0.2887415587902069
5205,26007.0,1.0,-0.9855867624282837,-0.1904129683971405
5206,26010.0,1.0,-0.1530541181564331,-0.0654015988111496
5207,26017.0,1.0,-1.911955714225769,-0.3295145630836487
5208,26018.0,1.0,-1.4527181386947632,-0.2605564296245575
5209,26023.0,1.0,-22.111167907714844,-3.36258602142334
5210,26032.0,1.0,-28.185832977294922,-4.274745464324951
5211,26035.0,1.0,-0.6044498085975647,-0.13318222761154175
5212,26041.0,1.0,-1.4521307945251465,-0.2604682147502899
5213,26050.0,1.0,-0.8016446232795715,-0.16279259324073792
5214,26053.0,1.0,-25.222328186035156,-3.829751491546631
5215,26064.0,1.0,-1.1331537961959839,-0.21257132291793823
5216,26081.0,0.0,0.7622740864753723,-0.5863986611366272
5217,26082.0,1.0,-1.8701375722885132,-0.32323527336120605
5218,26084.0,0.0,0.054329536855220795,-0.034261297434568405
5219,26085.0,1.0,-3.1785027980804443,-0.5196967124938965
5220,26090.0,0.0,0.054329536855220795,-0.034261297434568405
5221,26093.0,1.0,-1.6173856258392334,-0.28528255224227905
5222,26096.0,0.0,0.054329536855220795,-0.034261297434568405
5223,26097.0,1.0,-2.810115337371826,-0.4643803834915161
5224,26110.0,1.0,-2.09134840965271,-0.3564518094062805
5225,26117.0,1.0,-2.1281228065490723,-0.3619737923145294
5226,26118.0,0.0,1.4307352304458618,-1.1077423095703125
5227,26119.0,1.0,-1.0954924821853638,-0.2069161832332611
5228,26131.0,1.0,-1.9661494493484497,-0.33765220642089844
5229,26141.0,1.0,-0.2824470102787018,-0.08483096957206726
5230,26143.0,0.0,0.054329536855220795,-0.034261297434568405
5231,26144.0,1.0,-1.2050561904907227,-0.22336803376674652
5232,26145.0,1.0,-1.3360278606414795,-0.2430344671010971
5233,26150.0,1.0,-0.9169299602508545,-0.180103600025177
5234,26152.0,1.0,-1.2738441228866577,-0.2336971014738083
5235,26153.0,0.0,0.054329536855220795,-0.034261297434568405
5236,26161.0,1.0,-1.2726925611495972,-0.2335241734981537
5237,26162.0,1.0,-1.5344793796539307,-0.27283352613449097
5238,26168.0,0.0,0.6538481116294861,-0.5018355250358582
5239,26169.0,1.0,-1.62373685836792,-0.2862362265586853
5240,26170.0,1.0,-1.8521291017532349,-0.32053112983703613
5241,26179.0,1.0,-1.2696117162704468,-0.2330615520477295
5242,26184.0,1.0,-0.6793864965438843,-0.14443455636501312
5243,26185.0,0.0,-0.0365445539355278,-0.04790676385164261
5244,26188.0,0.0,0.35395491123199463,-0.26794394850730896
5245,26190.0,1.0,-2.910175085067749,-0.47940513491630554
5246,26198.0,1.0,-26.875194549560547,-4.077942371368408
5247,26222.0,1.0,-1.7546155452728271,-0.30588871240615845
5248,26224.0,1.0,-1.097420334815979,-0.2072056531906128
5249,26227.0,0.0,-0.04698002338409424,-0.049473728984594345
5250,26232.0,1.0,-0.18164432048797607,-0.0696946382522583
5251,26238.0,1.0,-29.001628875732422,-4.397243499755859
5252,26240.0,1.0,-2.0175135135650635,-0.34536492824554443
5253,26241.0,1.0,-1.8491287231445312,-0.32008060812950134
5254,26243.0,0.0,2.4480302333831787,-1.9011468887329102
5255,26244.0,1.0,-1.5225807428359985,-0.27104684710502625
5256,26247.0,0.0,0.20164301991462708,-0.1491534560918808
5257,26248.0,1.0,-2.4370017051696777,-0.40835443139076233
5258,26249.0,1.0,-0.35433629155158997,-0.09562570601701736
5259,26259.0,1.0,-1.8708575963974,-0.3233433663845062
5260,26260.0,1.0,-0.5238223075866699,-0.12107536196708679
5261,26269.0,1.0,-0.8003700971603394,-0.16260121762752533
5262,26270.0,1.0,-0.6389485597610474,-0.13836248219013214
5263,26275.0,1.0,-0.7942978143692017,-0.1616894155740738
5264,26276.0,1.0,-1.9298335313796997,-0.3321990966796875
5265,26284.0,1.0,-1.2490116357803345,-0.22996827960014343
5266,26305.0,1.0,-25.471439361572266,-3.867157459259033
5267,26325.0,0.0,0.03814808279275894,-0.03669106960296631
5268,26329.0,1.0,-0.11854339390993118,-0.06021953374147415
5269,26332.0,1.0,-0.10850190371274948,-0.05871172994375229
5270,26338.0,1.0,-0.7457476258277893,-0.15439921617507935
5271,26341.0,1.0,-27.33428192138672,-4.146878242492676
5272,26342.0,1.0,-2.3637259006500244,-0.39735147356987
5273,26355.0,0.0,0.11856348067522049,-0.08435837924480438
5274,26362.0,1.0,-0.6631467938423157,-0.14199604094028473
5275,26363.0,0.0,1.1395838260650635,-0.880668580532074
5276,26364.0,1.0,-1.0306237936019897,-0.19717563688755035
5277,26367.0,1.0,-27.16157341003418,-4.120944499969482
5278,26368.0,1.0,-2.4918158054351807,-0.41658517718315125
5279,26371.0,1.0,-1.3639880418777466,-0.24723291397094727
5280,26373.0,1.0,-1.9172402620315552,-0.33030810952186584
5281,26380.0,1.0,-0.21158882975578308,-0.07419104874134064
5282,26381.0,1.0,-0.8429673910140991,-0.16899754106998444
5283,26383.0,1.0,-1.7461344003677368,-0.30461519956588745
5284,26386.0,1.0,-3.4374420642852783,-0.5585784316062927
5285,26407.0,1.0,-32.313812255859375,-4.894594192504883
5286,26424.0,1.0,-0.5589537024497986,-0.12635062634944916
5287,26426.0,1.0,-1.5767183303833008,-0.2791760563850403
5288,26427.0,0.0,0.39325207471847534,-0.3160111606121063
5289,26429.0,1.0,-1.473737359046936,-0.26371264457702637
5290,26432.0,1.0,-0.7373901009559631,-0.15314427018165588
5291,26435.0,1.0,-0.6135000586509705,-0.13454119861125946
5292,26436.0,1.0,-1.525755524635315,-0.2715235650539398
5293,26440.0,0.0,0.24627462029457092,-0.1839623600244522
5294,26444.0,1.0,-2.524675130844116,-0.42151927947998047
5295,26445.0,1.0,-0.5563431978225708,-0.1259586364030838
5296,26450.0,1.0,-2.440098762512207,-0.4088194668292999
5297,26461.0,1.0,-0.9589743614196777,-0.186416894197464
5298,26472.0,1.0,-1.5859733819961548,-0.2805657684803009
5299,26482.0,1.0,-0.8930569291114807,-0.17651887238025665
5300,26493.0,1.0,-1.011031985282898,-0.1942337602376938
5301,26496.0,0.0,0.054329536855220795,-0.034261297434568405
5302,26498.0,1.0,-2.3581812381744385,-0.39651888608932495
5303,26499.0,1.0,-1.601075291633606,-0.28283342719078064
5304,26503.0,1.0,-0.6790904998779297,-0.14439012110233307
5305,26506.0,1.0,-2.342045545578003,-0.3940959870815277
5306,26508.0,0.0,0.08007058501243591,-0.01829158514738083
5307,26509.0,1.0,-0.42735937237739563,-0.10659070312976837
5308,26511.0,0.0,0.054329536855220795,-0.034261297434568405
5309,26515.0,1.0,-1.6734358072280884,-0.2936989367008209
5310,26516.0,0.0,0.054329536855220795,-0.034261297434568405
5311,26517.0,1.0,-1.2232452630996704,-0.22609928250312805
5312,26526.0,1.0,-1.2414226531982422,-0.22882874310016632
5313,26528.0,1.0,-0.3687606155872345,-0.0977916419506073
5314,26529.0,1.0,-1.6405203342437744,-0.288756400346756
5315,26532.0,1.0,-1.1456968784332275,-0.2144547700881958
5316,26541.0,1.0,-0.8329632878303528,-0.16749534010887146
5317,26542.0,0.0,0.030451806262135506,-0.06124734878540039
5318,26547.0,0.0,0.3803251385688782,-0.2885105013847351
5319,26552.0,1.0,-2.7904577255249023,-0.4614286422729492
5320,26560.0,0.0,0.5398679971694946,-0.4129405617713928
5321,26568.0,1.0,-0.67972332239151,-0.14448514580726624
5322,26574.0,0.0,0.11297504603862762,-0.0799998790025711
5323,26577.0,0.0,-0.032375775277614594,-1.0503573417663574
5324,26578.0,1.0,-0.7066069841384888,-0.14852192997932434
5325,26581.0,0.0,0.04713307321071625,-0.10184058547019958
5326,26583.0,1.0,-2.175604820251465,-0.3691035807132721
5327,26584.0,1.0,-0.47839489579200745,-0.11425408720970154
5328,26589.0,0.0,0.27182433009147644,-0.20388899743556976
5329,26593.0,1.0,-0.9685828685760498,-0.1878596842288971
5330,26607.0,1.0,-0.502831220626831,-0.11792339384555817
5331,26608.0,1.0,-0.5714030861854553,-0.12822000682353973
5332,26609.0,0.0,0.46200624108314514,-0.35221490263938904
5333,26616.0,1.0,-1.2296375036239624,-0.22705912590026855
5334,26619.0,1.0,-0.21561568975448608,-0.07479570806026459
5335,26623.0,1.0,-0.8276825547218323,-0.16670240461826324
5336,26633.0,1.0,-0.8593276739120483,-0.17145416140556335
5337,26638.0,1.0,-1.7858467102050781,-0.310578316450119
5338,26640.0,1.0,-2.155474901199341,-0.3660809397697449
5339,26648.0,1.0,-0.8154539465904236,-0.1825132817029953
5340,26649.0,1.0,-1.3527417182922363,-0.2455441951751709
5341,26655.0,1.0,-1.6932902336120605,-0.2966802418231964
5342,26657.0,0.0,0.08556540310382843,-0.13672615587711334
5343,26659.0,0.0,0.054329536855220795,-0.034261297434568405
5344,26662.0,1.0,-0.443792462348938,-0.10905826091766357
5345,26663.0,1.0,-0.416025847196579,-0.10488888621330261
5346,26665.0,1.0,-1.8612970113754272,-0.32190778851509094
5347,26678.0,1.0,-0.3342195153236389,-0.199070006608963
5348,26685.0,1.0,-0.6328418850898743,-0.13744552433490753
5349,26687.0,0.0,0.054329536855220795,-0.034261297434568405
5350,26688.0,1.0,-3.18621826171875,-0.520855188369751
5351,26698.0,1.0,-0.5213881134986877,-0.1207098662853241
5352,26699.0,1.0,-1.5580836534500122,-0.2763778865337372
5353,26703.0,1.0,-0.7938047647476196,-0.16161537170410156
5354,26705.0,1.0,-0.3841303586959839,-0.10009951889514923
5355,26713.0,0.0,0.51711106300354,-0.39519202709198
5356,26720.0,1.0,-2.577993869781494,-0.4295254945755005
5357,26729.0,1.0,-1.2288058996200562,-0.22693423926830292
5358,26736.0,1.0,-0.3348045349121094,-0.09269286692142487
5359,26745.0,1.0,-2.4529497623443604,-0.4107491374015808
5360,26746.0,0.0,-0.007771514356136322,-0.043586261570453644
5361,26749.0,1.0,-0.0805673822760582,-0.05451713502407074
5362,26750.0,0.0,0.6919090151786804,-0.5315198302268982
5363,26757.0,1.0,-27.662200927734375,-4.196117401123047
5364,26761.0,1.0,-1.6686670780181885,-0.29298287630081177
5365,26763.0,1.0,-1.9609342813491821,-0.33686909079551697
5366,26770.0,1.0,-0.755961537361145,-0.15593291819095612
5367,26774.0,0.0,0.4562978446483612,-0.3477628231048584
5368,26775.0,0.0,0.3624604642391205,-0.2745775580406189
5369,26778.0,1.0,-1.3879411220550537,-0.25082966685295105
5370,26780.0,0.0,-0.0837775245308876,-0.1181766539812088
5371,26782.0,1.0,-2.5472629070281982,-0.4249109923839569
5372,26788.0,1.0,-0.592639148235321,-0.13140876591205597
5373,26793.0,1.0,-0.3998548090457916,-0.10246066749095917
5374,26794.0,1.0,-1.3093303442001343,-0.23902562260627747
5375,26795.0,1.0,-2.252241849899292,-0.38061127066612244
5376,26800.0,1.0,-2.3740687370300293,-0.3989045321941376
5377,26801.0,0.0,0.14004412293434143,-0.1659381091594696
5378,26808.0,1.0,-0.5751466751098633,-0.12878213822841644
5379,26812.0,1.0,-1.2042269706726074,-0.22324351966381073
5380,26815.0,1.0,-29.050996780395508,-4.404656410217285
5381,26817.0,0.0,0.054329536855220795,-0.034261297434568405
5382,26823.0,1.0,-1.8762227296829224,-0.3241489827632904
5383,26827.0,1.0,-0.4026987850666046,-0.10288771986961365
5384,26832.0,0.0,0.25925543904304504,-0.19408629834651947
5385,26834.0,1.0,-1.1511616706848145,-0.2152753472328186
5386,26844.0,1.0,-1.0454028844833374,-0.1993948370218277
5387,26851.0,1.0,-0.726914644241333,-0.15157128870487213
5388,26870.0,1.0,-18.365266799926758,-2.8001091480255127
5389,26886.0,1.0,-0.2597517967224121,-0.08142309635877609
5390,26898.0,1.0,-0.9373522400856018,-0.1831701695919037
5391,26902.0,1.0,-0.21910136938095093,-0.07531911134719849
5392,26908.0,0.0,0.1556071937084198,-0.11324936151504517
5393,26912.0,1.0,-1.291974425315857,-0.23641949892044067
5394,26916.0,1.0,-1.0481716394424438,-0.19981057941913605
5395,26925.0,1.0,-0.7628558874130249,-0.1569681614637375
5396,26927.0,1.0,-28.933244705200195,-4.386974811553955
5397,26935.0,1.0,-1.683196783065796,-0.2951646149158478
5398,26937.0,1.0,-1.696652889251709,-0.29718515276908875
5399,26944.0,0.0,0.4121050536632538,-0.3132961690425873
5400,26948.0,0.0,0.3789849579334259,0.1008543074131012
5401,26951.0,1.0,-1.2812163829803467,-0.23480409383773804
5402,26955.0,0.0,0.24089908599853516,-0.17976988852024078
5403,26962.0,1.0,-1.0409083366394043,-0.19871994853019714
5404,26971.0,1.0,-1.1806275844573975,-0.219699889421463
5405,26973.0,0.0,0.054329536855220795,-0.034261297434568405
5406,26977.0,0.0,0.4823213517665863,-0.5018352270126343
5407,26981.0,0.0,0.10545378923416138,-0.07413391768932343
5408,26985.0,0.0,-0.03587638586759567,-0.052698783576488495
5409,26986.0,1.0,-2.215251922607422,-0.3750569522380829
5410,26996.0,0.0,0.054329536855220795,-0.034261297434568405
5411,27005.0,1.0,-1.048719882965088,-0.19989290833473206
5412,27009.0,1.0,-2.4993577003479004,-0.41771766543388367
5413,27013.0,1.0,-0.6052359342575073,-0.1333002746105194
5414,27019.0,1.0,-0.13780614733695984,-0.06311199069023132
5415,27029.0,0.0,-0.0018980763852596283,-0.04270431771874428
5416,27035.0,1.0,-0.6792230606079102,-0.14441002905368805
5417,27039.0,1.0,-1.4499281644821167,-0.26013749837875366
5418,27040.0,0.0,-0.07443533092737198,-0.23373942077159882
5419,27045.0,1.0,-2.086721658706665,-0.35575711727142334
5420,27050.0,1.0,-1.426707148551941,-0.2566506862640381
5421,27054.0,1.0,-1.9490107297897339,-0.3350786864757538
5422,27061.0,1.0,-0.6262527108192444,-0.25896337628364563
5423,27063.0,0.0,0.054329536855220795,-0.034261297434568405
5424,27065.0,1.0,-1.5161020755767822,-0.2700740396976471
5425,27072.0,1.0,-2.1446404457092285,-0.364454060792923
5426,27079.0,0.0,0.054329536855220795,-0.034261297434568405
5427,27082.0,1.0,-1.0648823976516724,-0.20231983065605164
5428,27087.0,1.0,-2.318855047225952,-0.39061373472213745
5429,27093.0,1.0,-1.8978416919708252,-0.3273952603340149
5430,27099.0,0.0,0.30918410420417786,-0.23302645981311798
5431,27106.0,0.0,1.4064035415649414,-1.0887656211853027
5432,27108.0,1.0,-0.2906824052333832,-0.0860675722360611
5433,27113.0,1.0,-1.1646720170974731,-0.2173040360212326
5434,27120.0,1.0,-1.594905138015747,-0.28190693259239197
5435,27121.0,1.0,-0.51193767786026,-0.1192907989025116
5436,27127.0,1.0,-1.6919403076171875,-0.2964775264263153
5437,27130.0,1.0,-1.5580865144729614,-0.276378333568573
5438,27156.0,0.0,0.44258832931518555,-0.3370705544948578
5439,27163.0,0.0,0.054329536855220795,-0.034261297434568405
5440,27165.0,1.0,-28.703746795654297,-4.352514266967773
5441,27169.0,1.0,-27.90047264099121,-4.231895923614502
5442,27170.0,1.0,-1.8011131286621094,-0.31287068128585815
5443,27175.0,1.0,-1.2284961938858032,-0.22688773274421692
5444,27177.0,1.0,-1.5700491666793823,-0.27817460894584656
5445,27178.0,1.0,-0.18170157074928284,-0.06970323622226715
5446,27179.0,1.0,-0.9342320561408997,-0.18270164728164673
5447,27188.0,1.0,-1.6480820178985596,-0.2898918688297272
5448,27190.0,1.0,-0.938824474811554,-0.1833912432193756
5449,27193.0,0.0,0.4489898085594177,-0.34206318855285645
5450,27200.0,1.0,-1.789625883102417,-0.3111457824707031
5451,27204.0,1.0,-2.4002609252929688,-0.40283748507499695
5452,27206.0,1.0,-2.2306931018829346,-0.3773755431175232
5453,27210.0,1.0,-1.7258597612380981,-0.3015708029270172
5454,27219.0,1.0,-1.9316540956497192,-0.33247244358062744
5455,27225.0,0.0,0.554828941822052,-0.42460882663726807
5456,27229.0,1.0,-1.5213799476623535,-0.2708665430545807
5457,27231.0,0.0,0.19707971811294556,-0.14559446275234222
5458,27240.0,1.0,-2.0796303749084473,-0.3546923100948334
5459,27242.0,1.0,-0.16726219654083252,-0.06753505766391754
5460,27243.0,1.0,-1.7129744291305542,-0.29963594675064087
5461,27248.0,1.0,-2.020660638809204,-0.3458375036716461
5462,27252.0,1.0,-1.8115291595458984,-0.3144347369670868
5463,27257.0,1.0,-2.5599212646484375,-0.42681175470352173
5464,27258.0,1.0,-0.43029358983039856,-0.10703130066394806
5465,27261.0,1.0,-1.1797983646392822,-0.21957537531852722
5466,27269.0,1.0,-1.5820592641830444,-0.27997803688049316
5467,27272.0,1.0,-2.280893564224243,-0.38491353392601013
5468,27278.0,1.0,-0.7655062079429626,-0.15736612677574158
5469,27279.0,1.0,-25.566604614257812,-3.8814470767974854
5470,27298.0,1.0,-0.18295729160308838,-0.0698917955160141
5471,27303.0,1.0,-2.643770456314087,-0.43940240144729614
5472,27305.0,1.0,-1.666443943977356,-0.2926490306854248
5473,27309.0,1.0,-1.0128912925720215,-0.19451294839382172
5474,27310.0,1.0,-1.2370902299880981,-0.2281782031059265
5475,27318.0,1.0,-1.1062753200531006,-0.2085353136062622
5476,27319.0,0.0,0.054329536855220795,-0.034261297434568405
5477,27330.0,1.0,-2.4251954555511475,-0.4065816104412079
5478,27336.0,1.0,-0.5659998655319214,-0.12740866839885712
5479,27340.0,1.0,-1.688989520072937,-0.29603442549705505
5480,27343.0,1.0,-2.4606752395629883,-0.41190916299819946
5481,27345.0,1.0,-2.6767327785491943,-0.4443519115447998
5482,27346.0,0.0,0.1715969741344452,-0.1257200539112091
5483,27351.0,1.0,-0.9989324808120728,-0.1924169361591339
5484,27355.0,0.0,0.7337348461151123,-0.5641404390335083
5485,27358.0,0.0,0.7153486609458923,-0.5189164280891418
5486,27367.0,1.0,-1.6436105966567993,-0.2892204225063324
5487,27369.0,1.0,-1.8631712198257446,-0.32218921184539795
5488,27373.0,1.0,-2.3662045001983643,-0.39772364497184753
5489,27377.0,1.0,-2.148416042327881,-0.3650210201740265
5490,27390.0,1.0,-1.7772854566574097,-0.3092927634716034
5491,27402.0,1.0,-4.023850917816162,-0.6466323733329773
5492,27404.0,1.0,-0.764593243598938,-0.15722903609275818
5493,27415.0,1.0,-1.859046220779419,-0.3215698003768921
5494,27423.0,0.0,0.054329536855220795,-0.034261297434568405
5495,27428.0,1.0,-23.1236629486084,-3.514620304107666
5496,27431.0,1.0,-1.3921571969985962,-0.2514627277851105
5497,27432.0,1.0,-1.0063079595565796,-0.19352442026138306
5498,27440.0,1.0,-1.3486536741256714,-0.24493034183979034
5499,27450.0,1.0,-1.7020375728607178,-0.2979937195777893
5500,27452.0,1.0,-0.12047895044088364,-0.06051017716526985
5501,27458.0,1.0,-1.923398494720459,-0.33123281598091125
5502,27464.0,1.0,-2.4303908348083496,-0.4073617160320282
5503,27472.0,0.0,1.8138775825500488,-1.4065611362457275
5504,27479.0,1.0,-1.067344307899475,-0.2026895135641098
5505,27481.0,1.0,-1.738327145576477,-0.30344289541244507
5506,27486.0,1.0,-28.387672424316406,-4.305053234100342
5507,27503.0,1.0,-0.11353582888841629,-0.059467613697052
5508,27508.0,1.0,-0.952682614326477,-0.18547214567661285
5509,27514.0,1.0,-1.5375120639801025,-0.27328890562057495
5510,27522.0,1.0,-1.2001789808273315,-0.2226356863975525
5511,27528.0,1.0,-1.577430248260498,-0.27928295731544495
5512,27529.0,1.0,-1.174682378768921,-0.2188071608543396
5513,27534.0,1.0,-1.7008450031280518,-0.29781463742256165
5514,27547.0,1.0,-0.3255322277545929,-0.09130054712295532
5515,27551.0,0.0,0.054329536855220795,-0.034261297434568405
5516,27553.0,0.0,1.3323622941970825,-1.0310195684432983
5517,27563.0,0.0,0.054329536855220795,-0.034261297434568405
5518,27568.0,1.0,-0.425108939409256,-0.10625278949737549
5519,27570.0,1.0,-0.7330759167671204,-0.15249645709991455
5520,27573.0,1.0,-2.5584332942962646,-0.4265883266925812
5521,27574.0,1.0,-1.5559111833572388,-0.27605167031288147
5522,27579.0,1.0,-0.5791401267051697,-0.12938177585601807
5523,27581.0,1.0,-1.583913803100586,-0.2802564799785614
5524,27584.0,1.0,-1.323620319366455,-0.24117137491703033
5525,27585.0,0.0,1.4083116054534912,-1.0902537107467651
5526,27587.0,1.0,-0.6826505064964294,-0.14492468535900116
5527,27604.0,1.0,-2.1394877433776855,-0.36368033289909363
5528,27611.0,1.0,-0.3224719166755676,-0.09084101766347885
5529,27613.0,1.0,-1.8069339990615845,-0.3137447237968445
5530,27614.0,0.0,0.054329536855220795,-0.034261297434568405
5531,27616.0,1.0,-2.7350871562957764,-0.4531143009662628
5532,27619.0,1.0,-24.141992568969727,-3.6675305366516113
5533,27636.0,1.0,-1.3435498476028442,-0.24416394531726837
5534,27638.0,1.0,-24.708786010742188,-3.752638816833496
5535,27639.0,0.0,0.04337253049015999,-0.035906579345464706
5536,27643.0,1.0,-1.715708613395691,-0.30004653334617615
5537,27647.0,1.0,-24.56184196472168,-3.730574131011963
5538,27649.0,1.0,-2.4649593830108643,-0.41255250573158264
5539,27654.0,1.0,-1.2067017555236816,-0.2236151397228241
5540,27655.0,0.0,0.054329536855220795,-0.034261297434568405
5541,27659.0,1.0,-1.368751049041748,-0.24794811010360718
5542,27666.0,1.0,-0.29939839243888855,-0.08737634867429733
5543,27671.0,0.0,0.38212665915489197,-0.289915531873703
5544,27674.0,0.0,0.6612809896469116,-0.5076325535774231
5545,27677.0,1.0,-2.026874542236328,-0.34677058458328247
5546,27678.0,1.0,-2.2721495628356934,-0.3836005628108978
5547,27680.0,1.0,-1.2801719903945923,-0.23464727401733398
5548,27690.0,1.0,-2.3486173152923584,-0.3950828015804291
5549,27695.0,1.0,-1.2231428623199463,-0.2260838896036148
5550,27698.0,1.0,-3.1701083183288574,-0.5184361934661865
5551,27700.0,0.0,0.054329536855220795,-0.034261297434568405
5552,27701.0,1.0,-25.516626358032227,-3.8739426136016846
5553,27707.0,1.0,-2.932197093963623,-0.48271191120147705
5554,27716.0,1.0,-2.891695737838745,-0.4766303300857544
5555,27718.0,1.0,-1.9193637371063232,-0.3306269347667694
5556,27720.0,1.0,-2.2985260486602783,-0.387561172246933
5557,27729.0,1.0,-0.5019683837890625,-0.11779382824897766
5558,27740.0,0.0,0.054329536855220795,-0.034261297434568405
5559,27756.0,0.0,0.17201068997383118,-0.13985775411128998
5560,27759.0,0.0,0.054329536855220795,-0.034261297434568405
5561,27763.0,1.0,-1.9604324102401733,-0.3367937505245209
5562,27779.0,1.0,-1.5672938823699951,-0.27776089310646057
5563,27787.0,1.0,-0.997305154800415,-0.1921725869178772
5564,27790.0,1.0,-2.0617740154266357,-0.3520109951496124
5565,27792.0,1.0,-1.4386155605316162,-0.2584388256072998
5566,27795.0,0.0,0.054329536855220795,-0.034261297434568405
5567,27797.0,1.0,-1.4965932369232178,-0.2671446204185486
5568,27799.0,1.0,-0.07644008845090866,-0.05389739200472832
5569,27806.0,1.0,-0.7711293697357178,-0.15821048617362976
5570,27809.0,1.0,-0.7267966866493225,-0.15155358612537384
5571,27810.0,0.0,0.054329536855220795,-0.034261297434568405
5572,27818.0,1.0,-1.0225988626480103,-0.19597062468528748
5573,27819.0,1.0,-2.9574508666992188,-0.4865039885044098
5574,27820.0,1.0,-1.9668890237808228,-0.337763249874115
5575,27828.0,1.0,-28.146242141723633,-4.268800258636475
5576,27834.0,0.0,0.10194152593612671,-0.0713946521282196
5577,27840.0,0.0,0.054329536855220795,-0.034261297434568405
5578,27841.0,1.0,-1.511838436126709,-0.26943379640579224
5579,27851.0,0.0,0.4273092448711395,-0.3251541554927826
5580,27860.0,1.0,-0.38430431485176086,-0.10012564063072205
5581,27878.0,1.0,-1.0947593450546265,-0.20680609345436096
5582,27879.0,1.0,-1.749233603477478,-0.3050805628299713
5583,27880.0,1.0,-1.4988607168197632,-0.267485111951828
5584,27883.0,1.0,-1.7963852882385254,-0.31216076016426086
5585,27887.0,1.0,-1.3600540161132812,-0.24664217233657837
5586,27889.0,1.0,-1.211096167564392,-0.22427499294281006
5587,27895.0,1.0,-30.500404357910156,-4.622296333312988
5588,27900.0,1.0,-0.18264177441596985,-0.07237052917480469
5589,27905.0,0.0,0.24233460426330566,-0.18088948726654053
5590,27907.0,1.0,-1.3471378087997437,-0.24470272660255432
5591,27913.0,1.0,-0.4956541955471039,-0.11684571206569672
5592,27915.0,0.0,1.1313996315002441,-0.8742855787277222
5593,27917.0,1.0,-1.584908127784729,-0.28040578961372375
5594,27927.0,1.0,-1.6333928108215332,-0.28768616914749146
5595,27928.0,1.0,-1.138060450553894,-0.21330809593200684
5596,27932.0,1.0,-1.697176218032837,-0.2972637414932251
5597,27935.0,0.0,0.47395092248916626,-0.36153075098991394
5598,27937.0,0.0,0.4007153809070587,-0.30441316962242126
5599,27942.0,0.0,1.2555816173553467,-0.9711371064186096
5600,27943.0,1.0,-1.4129905700683594,-0.2545910179615021
5601,27944.0,1.0,-25.81877899169922,-3.9193131923675537
5602,27947.0,1.0,-0.9871469736099243,-0.19064724445343018
5603,27960.0,0.0,1.238094687461853,-0.9574987888336182
5604,27961.0,0.0,0.48221129179000854,-0.3679731488227844
5605,27964.0,1.0,-2.631932497024536,-0.43762481212615967
5606,27973.0,0.0,0.15339955687522888,-0.11152759194374084
5607,27974.0,1.0,-0.8387322425842285,-0.1683616042137146
5608,27976.0,1.0,-0.421825647354126,-0.10575976967811584
5609,27982.0,0.0,0.9830532073974609,-0.7585878372192383
5610,27987.0,1.0,-1.8520700931549072,-0.320522278547287
5611,27998.0,0.0,0.39204850792884827,-0.2976537346839905
5612,28007.0,1.0,-2.2216238975524902,-0.37601372599601746
5613,28014.0,1.0,-0.8439671397209167,-0.16914765536785126
5614,28015.0,1.0,-1.5389012098312378,-0.27349749207496643
5615,28017.0,1.0,-2.191018581390381,-0.3714181184768677
5616,28019.0,0.0,0.0961926281452179,-0.06961192190647125
5617,28022.0,1.0,-0.7995787858963013,-0.1624823957681656
5618,28030.0,1.0,-2.3435006141662598,-0.3943144977092743
5619,28039.0,1.0,-0.8382993340492249,-0.16829659044742584
5620,28049.0,1.0,-1.073915958404541,-0.20367629826068878
5621,28057.0,1.0,-1.684548020362854,-0.2953675091266632
5622,28066.0,1.0,-2.4538533687591553,-0.410884827375412
5623,28070.0,1.0,-2.199265956878662,-0.37265652418136597
5624,28073.0,1.0,-2.419929265975952,-0.40579086542129517
5625,28083.0,1.0,-1.4134047031402588,-0.2546532154083252
5626,28090.0,1.0,-2.4887585639953613,-0.4161261022090912
5627,28101.0,1.0,-1.1800553798675537,-0.2196139693260193
5628,28103.0,1.0,-1.7399070262908936,-0.3036801218986511
5629,28133.0,1.0,-1.8739588260650635,-0.32380905747413635
5630,28135.0,1.0,-1.4406945705413818,-0.2587510049343109
5631,28136.0,0.0,0.1231757327914238,-0.08795555680990219
5632,28138.0,1.0,-1.8776037693023682,-0.324356347322464
5633,28146.0,0.0,0.5328071117401123,-0.4074336588382721
5634,28147.0,1.0,-2.352494716644287,-0.3956650197505951
5635,28149.0,0.0,0.0022904761135578156,-0.042075373232364655
5636,28151.0,0.0,0.06723977625370026,-0.04433020204305649
5637,28153.0,1.0,-0.3932620584964752,-0.10147072374820709
5638,28154.0,1.0,-1.7209768295288086,-0.30083760619163513
5639,28157.0,1.0,-2.094644784927368,-0.35694679617881775
5640,28158.0,1.0,-0.6861648559570312,-0.1454523801803589
5641,28160.0,1.0,-3.5016539096832275,-0.5682203769683838
5642,28163.0,1.0,-1.0147870779037476,-0.19479762017726898
5643,28174.0,1.0,-1.970406174659729,-0.33829137682914734
5644,28177.0,1.0,-1.491732120513916,-0.26641470193862915
5645,28181.0,0.0,-0.06536680459976196,-0.1465885192155838
5646,28185.0,1.0,-1.5143046379089355,-0.2698041498661041
5647,28186.0,1.0,-0.9353853464126587,-0.18287482857704163
5648,28194.0,1.0,-28.78268051147461,-4.36436653137207
5649,28213.0,1.0,-0.45215025544166565,-0.11031325161457062
5650,28215.0,1.0,-1.652595043182373,-0.2905695140361786
5651,28217.0,1.0,-1.9192618131637573,-0.3306116461753845
5652,28218.0,1.0,-2.6827919483184814,-0.44526177644729614
5653,28224.0,1.0,-0.10688965767621994,-0.05846963822841644
5654,28225.0,1.0,-1.9600988626480103,-0.33674365282058716
5655,28237.0,1.0,-1.554105281829834,-0.2757805287837982
5656,28244.0,1.0,-1.706865906715393,-0.29871872067451477
5657,28245.0,1.0,-0.7958210110664368,-0.16191813349723816
5658,28256.0,1.0,-1.1371910572052002,-0.21317754685878754
5659,28259.0,1.0,-0.7936416268348694,-0.16159087419509888
5660,28265.0,0.0,0.054329536855220795,-0.034261297434568405
5661,28279.0,0.0,0.2504190504550934,-0.18719466030597687
5662,28280.0,0.0,0.054329536855220795,-0.034261297434568405
5663,28287.0,0.0,0.452257364988327,-0.34461158514022827
5664,28289.0,1.0,-1.328931212425232,-0.24196884036064148
5665,28292.0,1.0,-0.9507502317428589,-0.18518199026584625
5666,28294.0,1.0,-2.373271942138672,-0.398784875869751
5667,28296.0,1.0,-1.844083547592163,-0.31932303309440613
5668,28299.0,0.0,-0.14116722345352173,-0.3129768669605255
5669,28300.0,0.0,0.041995272040367126,-0.03611338511109352
5670,28303.0,1.0,-0.9448246955871582,-0.18429221212863922
5671,28306.0,1.0,-1.7433741092681885,-0.3042007088661194
5672,28311.0,1.0,-1.7663378715515137,-0.3076488971710205
5673,28313.0,1.0,-0.5141334533691406,-0.11962051689624786
5674,28316.0,0.0,0.054329536855220795,-0.034261297434568405
5675,28317.0,1.0,-0.2678501009941101,-0.14157512784004211
5676,28322.0,1.0,-0.5490505695343018,-0.12486359477043152
5677,28331.0,1.0,-1.4821184873580933,-0.26497113704681396
5678,28336.0,0.0,0.054329536855220795,-0.034261297434568405
5679,28338.0,1.0,-0.27593475580215454,-0.0838530957698822
5680,28340.0,0.0,0.022563166916370392,-0.05687008798122406
5681,28341.0,1.0,-2.0393483638763428,-0.34864363074302673
5682,28347.0,0.0,1.0718212127685547,-0.8278194665908813
5683,28358.0,0.0,0.2955698072910309,-0.2224084734916687
5684,28363.0,1.0,-2.0167980194091797,-0.3452574908733368
5685,28365.0,1.0,-2.575540781021118,-0.42915716767311096
5686,28367.0,1.0,-1.5504652261734009,-0.2752339243888855
5687,28369.0,1.0,-1.683928370475769,-0.2952744662761688
5688,28387.0,1.0,-1.1225600242614746,-0.2109805792570114
5689,28394.0,0.0,0.2718406319618225,-0.20390169322490692
5690,28398.0,1.0,-1.125199794769287,-0.21137696504592896
5691,28399.0,1.0,-1.6066166162490845,-0.2836655080318451
5692,28409.0,0.0,0.054329536855220795,-0.034261297434568405
5693,28423.0,0.0,0.15183955430984497,-0.11031094193458557
5694,28429.0,1.0,-1.3682528734207153,-0.24787330627441406
5695,28434.0,1.0,-0.7740013003349304,-0.1586417257785797
5696,28436.0,1.0,-0.893739640712738,-0.17662139236927032
5697,28449.0,1.0,-26.388092041015625,-4.004800319671631
5698,28453.0,1.0,-0.8796879053115845,-0.17451141774654388
5699,28454.0,1.0,-1.8081036806106567,-0.31392037868499756
5700,28457.0,0.0,0.054329536855220795,-0.034261297434568405
5701,28461.0,1.0,-0.675439715385437,-0.1438419222831726
5702,28470.0,1.0,-1.9030994176864624,-0.32818475365638733
5703,28471.0,1.0,-29.500383377075195,-4.472135066986084
5704,28476.0,1.0,-2.0395450592041016,-0.34867313504219055
5705,28484.0,1.0,-1.6617993116378784,-0.29195162653923035
5706,28485.0,1.0,-1.5690655708312988,-0.27802690863609314
5707,28495.0,1.0,-0.32850852608680725,-0.0917474627494812
5708,28498.0,0.0,-0.034865207970142365,-0.04765459522604942
5709,28505.0,1.0,-1.416645884513855,-0.25513988733291626
5710,28508.0,1.0,-0.642471432685852,-0.13889148831367493
5711,28517.0,0.0,0.1500948667526245,-0.10895021259784698
5712,28520.0,0.0,1.5046857595443726,-1.1654175519943237
5713,28521.0,1.0,-2.2759714126586914,-0.3841744363307953
5714,28533.0,0.0,0.05523247271776199,-0.03496551141142845
5715,28548.0,0.0,0.24044370651245117,-0.1794147491455078
5716,28549.0,1.0,-2.837817430496216,-0.4685400724411011
5717,28554.0,1.0,-24.78325843811035,-3.763821601867676
5718,28555.0,1.0,-1.104020595550537,-0.2081967294216156
5719,28556.0,1.0,-0.22109776735305786,-0.07561889290809631
5720,28559.0,1.0,-0.7145630717277527,-0.1497166007757187
5721,28563.0,1.0,-0.7139517664909363,-0.14962482452392578
5722,28567.0,0.0,0.22984808683395386,-0.1711510419845581
5723,28574.0,0.0,0.5932288765907288,-0.4545575678348541
5724,28578.0,1.0,-1.67326021194458,-0.2936725616455078
5725,28579.0,1.0,-0.35070446133613586,-0.09508036077022552
5726,28589.0,1.0,-1.1119855642318726,-0.2093927413225174
5727,28591.0,0.0,0.12761197984218597,-0.25679951906204224
5728,28592.0,1.0,-1.937235951423645,-0.333310604095459
5729,28595.0,1.0,-1.1231842041015625,-0.21107430756092072
5730,28601.0,1.0,-1.7177609205245972,-0.3003546893596649
5731,28607.0,0.0,0.005772728472948074,-0.04155248776078224
5732,28619.0,0.0,0.054329536855220795,-0.034261297434568405
5733,28622.0,0.0,0.054329536855220795,-0.034261297434568405
5734,28632.0,1.0,-0.44764748215675354,-0.10963712632656097
5735,28642.0,1.0,-0.37742120027542114,-0.09909209609031677
5736,28644.0,1.0,-26.529495239257812,-4.0260329246521
5737,28647.0,1.0,-0.813143253326416,-0.16451920568943024
5738,28653.0,1.0,-0.439261794090271,-0.10837794840335846
5739,28654.0,0.0,0.510290801525116,-0.38987278938293457
5740,28659.0,0.0,0.054329536855220795,-0.034261297434568405
5741,28661.0,0.0,0.7274918556213379,-0.5592713952064514
5742,28662.0,1.0,-0.35349324345588684,-0.09549911320209503
5743,28663.0,1.0,-2.8658385276794434,-0.47274765372276306
5744,28664.0,0.0,0.26728448271751404,-0.20034828782081604
5745,28665.0,1.0,-1.8414961099624634,-0.31893450021743774
5746,28670.0,1.0,-25.393739700317383,-3.8554904460906982
5747,28672.0,0.0,-0.07833854109048843,-0.12132884562015533
5748,28673.0,0.0,0.03863875940442085,-0.12137486040592194
5749,28674.0,1.0,-1.3076753616333008,-0.23877711594104767
5750,28680.0,0.0,-0.08608467131853104,-0.10916538536548615
5751,28682.0,1.0,-1.786643624305725,-0.3106979727745056
5752,28683.0,1.0,-0.6205525994300842,-0.13560019433498383
5753,28691.0,1.0,-2.1700453758239746,-0.36826881766319275
5754,28696.0,1.0,-1.4673365354537964,-0.2627515196800232
5755,28701.0,0.0,0.054329536855220795,-0.034261297434568405
5756,28707.0,1.0,-0.5862230062484741,-0.13044533133506775
5757,28712.0,0.0,0.24113118648529053,-0.17995090782642365
5758,28726.0,1.0,-1.5266262292861938,-0.27165430784225464
5759,28729.0,1.0,-1.185388445854187,-0.22041477262973785
5760,28734.0,1.0,-1.0167709589004517,-0.19509552419185638
5761,28738.0,0.0,0.8055002093315125,-0.6201114058494568
5762,28740.0,1.0,-1.538008213043213,-0.2733634114265442
5763,28743.0,1.0,-0.8276126980781555,-0.16669189929962158
5764,28744.0,1.0,-1.8651419878005981,-0.3224851191043854
5765,28746.0,1.0,-1.1998170614242554,-0.22258132696151733
5766,28751.0,1.0,-2.3469345569610596,-0.3948301076889038
5767,28755.0,0.0,0.054329536855220795,-0.034261297434568405
5768,28756.0,1.0,-0.7817217707633972,-0.15980102121829987
5769,28757.0,1.0,-1.4842143058776855,-0.26528581976890564
5770,28760.0,1.0,-0.32830655574798584,-0.09171713888645172
5771,28764.0,1.0,-29.822301864624023,-4.520473957061768
5772,28767.0,1.0,-0.568886935710907,-0.12784218788146973
5773,28769.0,0.0,0.5716487765312195,-0.4377268850803375
5774,28772.0,0.0,0.018939059227705002,-0.03957545757293701
5775,28775.0,0.0,0.054329536855220795,-0.034261297434568405
5776,28776.0,1.0,-0.763761043548584,-0.15710407495498657
5777,28781.0,1.0,-1.7403384447097778,-0.3037448823451996
5778,28782.0,1.0,-2.28080677986145,-0.3849005103111267
5779,28785.0,0.0,0.27111586928367615,-0.2033364474773407
5780,28787.0,1.0,-1.0826345682144165,-0.20498546957969666
5781,28790.0,1.0,-1.2148098945617676,-0.22483263909816742
5782,28792.0,0.0,0.018257763236761093,-0.03967776149511337
5783,28800.0,0.0,0.054329536855220795,-0.034261297434568405
5784,28804.0,1.0,-1.2965883016586304,-0.23711229860782623
5785,28807.0,1.0,-0.3261362314224243,-0.09666702896356583
5786,28810.0,1.0,-0.9202698469161987,-0.18060511350631714
5787,28829.0,1.0,-1.3626245260238647,-0.2470281720161438
5788,28832.0,1.0,-0.8575743436813354,-0.17119088768959045
5789,28838.0,1.0,-1.1334418058395386,-0.21261458098888397
5790,28840.0,1.0,-0.23735588788986206,-0.07806017994880676
5791,28845.0,0.0,-0.06380973011255264,-0.20343837141990662
5792,28847.0,1.0,-26.965932846069336,-4.091567516326904
5793,28848.0,1.0,-2.312626600265503,-0.3896784782409668
5794,28854.0,1.0,-1.602969765663147,-0.2831179201602936
5795,28856.0,1.0,-2.281273365020752,-0.3849705457687378
5796,28861.0,1.0,-1.2954052686691284,-0.23693466186523438
5797,28862.0,1.0,-0.48889419436454773,-0.11583064496517181
5798,28864.0,1.0,-0.5564461946487427,-0.12597410380840302
5799,28876.0,1.0,-0.587322473526001,-0.1306104212999344
5800,28887.0,0.0,0.2105395495891571,-0.15609200298786163
5801,28890.0,1.0,-0.3105068504810333,-0.08904436975717545
5802,28897.0,1.0,-0.6834418177604675,-0.1450435072183609
5803,28898.0,0.0,0.2346895933151245,-0.1749270111322403
5804,28899.0,1.0,-2.3106942176818848,-0.3893883526325226
5805,28902.0,1.0,-1.6744135618209839,-0.2938457429409027
5806,28905.0,1.0,-1.0699896812438965,-0.2030867338180542
5807,28925.0,1.0,-0.3465658128261566,-0.09445890784263611
5808,28942.0,0.0,0.366819828748703,-0.27797749638557434
5809,28943.0,1.0,-23.816856384277344,-3.618708848953247
5810,28944.0,1.0,-0.1674554944038391,-0.06756407022476196
5811,28946.0,1.0,-1.277888298034668,-0.23430435359477997
5812,28948.0,1.0,-0.8371672034263611,-0.16812658309936523
5813,28958.0,1.0,-1.4303611516952515,-0.25719934701919556
5814,28966.0,1.0,-1.2249596118927002,-0.22635668516159058
5815,28970.0,1.0,-1.762822151184082,-0.30712100863456726
5816,28977.0,0.0,0.054329536855220795,-0.034261297434568405
5817,28998.0,1.0,-0.76055908203125,-0.15662327408790588
5818,29004.0,1.0,-3.0873219966888428,-0.5060051679611206
5819,29007.0,1.0,-2.6506264209747314,-0.4404318630695343
5820,29036.0,0.0,1.316232442855835,-1.0184396505355835
5821,29042.0,1.0,-26.70995330810547,-4.053130149841309
5822,29045.0,0.0,-0.037568382918834686,-0.048060499131679535
5823,29050.0,1.0,-1.9680956602096558,-0.3379444181919098
5824,29054.0,0.0,0.054329536855220795,-0.034261297434568405
5825,29062.0,1.0,-1.5587961673736572,-0.276484876871109
5826,29064.0,0.0,0.8788822293281555,-0.6773432493209839
5827,29069.0,1.0,-1.175247311592102,-0.21889199316501617
5828,29072.0,1.0,-0.7436859011650085,-0.15408962965011597
5829,29075.0,1.0,-2.559994697570801,-0.4268227815628052
5830,29080.0,1.0,-0.07495997101068497,-0.05367513746023178
5831,29085.0,1.0,-2.1967382431030273,-0.3722769618034363
5832,29089.0,1.0,-1.4843225479125977,-0.2653020918369293
5833,29100.0,1.0,-25.98006820678711,-3.9435319900512695
5834,29101.0,1.0,-1.5385175943374634,-0.2734399139881134
5835,29104.0,0.0,0.13562408089637756,-0.09766422212123871
5836,29119.0,1.0,-0.5718727707862854,-0.12829051911830902
5837,29122.0,1.0,-1.185657262802124,-0.220455139875412
5838,29123.0,0.0,1.4931697845458984,-1.1564359664916992
5839,29124.0,1.0,-2.0846033096313477,-0.3554390072822571
5840,29126.0,1.0,-0.8670554757118225,-0.17261454463005066
5841,29130.0,0.0,0.0441250205039978,-0.1654128134250641
5842,29135.0,1.0,-26.461278915405273,-4.015789985656738
5843,29151.0,0.0,0.33940744400024414,-0.2565981149673462
5844,29153.0,0.0,0.06523793935775757,-0.0427689328789711
5845,29155.0,1.0,-0.3625110685825348,-0.09685321152210236
5846,29161.0,1.0,-0.749098002910614,-0.15490230917930603
5847,29163.0,0.0,1.2069052457809448,-0.933173656463623
5848,29170.0,1.0,-2.9199461936950684,-0.48087233304977417
5849,29171.0,1.0,-1.6606253385543823,-0.29177531599998474
5850,29172.0,1.0,-0.8491071462631226,-0.17084842920303345
5851,29178.0,1.0,-1.2427176237106323,-0.22902320325374603
5852,29191.0,1.0,-1.432743787765503,-0.25755712389945984
5853,29192.0,0.0,0.054329536855220795,-0.034261297434568405
5854,29193.0,1.0,-1.0060038566589355,-0.1934787631034851
5855,29197.0,1.0,-0.8054308295249939,-0.16336111724376678
5856,29199.0,1.0,-0.4573751986026764,-0.11109781265258789
5857,29204.0,0.0,0.40981608629226685,-0.31151095032691956
5858,29220.0,1.0,-1.1530591249465942,-0.21556025743484497
5859,29224.0,1.0,-1.3106908798217773,-0.23922991752624512
5860,29225.0,1.0,-1.6134450435638428,-0.28469085693359375
5861,29228.0,0.0,0.054329536855220795,-0.034261297434568405
5862,29237.0,0.0,0.054329536855220795,-0.034261297434568405
5863,29241.0,1.0,-0.4939093291759491,-0.11658370494842529
5864,29242.0,1.0,-4.331057548522949,-0.6927618384361267
5865,29244.0,1.0,-1.6831988096237183,-0.29516491293907166
5866,29247.0,1.0,-29.104101181030273,-4.412630558013916
5867,29256.0,1.0,-0.863361120223999,-0.1720598191022873
5868,29262.0,1.0,-1.2367095947265625,-0.22812104225158691
5869,29270.0,1.0,-2.23641037940979,-0.37823402881622314
5870,29274.0,1.0,-1.0399678945541382,-0.19857873022556305
5871,29287.0,1.0,-1.2333824634552002,-0.22762145102024078
5872,29290.0,1.0,-1.6984456777572632,-0.2974543571472168
5873,29306.0,1.0,-1.2521238327026367,-0.23043560981750488
5874,29307.0,0.0,1.5405880212783813,-3.251537799835205
5875,29323.0,1.0,-1.756372094154358,-0.30615246295928955
5876,29338.0,1.0,-1.6510207653045654,-0.2903331220149994
5877,29339.0,1.0,-1.5717225074768066,-0.2784258723258972
5878,29344.0,1.0,-0.6112260222434998,-0.13419972360134125
5879,29345.0,1.0,-2.2197353839874268,-0.37573015689849854
5880,29347.0,1.0,-24.17842674255371,-3.673001527786255
5881,29352.0,0.0,0.42165708541870117,-0.32074594497680664
5882,29357.0,1.0,-3.6247787475585938,-0.5867085456848145
5883,29359.0,1.0,-0.31181859970092773,-0.08924134075641632
5884,29364.0,1.0,-1.2225741147994995,-0.22599849104881287
5885,29365.0,0.0,0.21480625867843628,-0.15941967070102692
5886,29366.0,1.0,-28.411582946777344,-4.308643341064453
5887,29377.0,1.0,-0.7444494962692261,-0.15420429408550262
5888,29382.0,0.0,0.3211754262447357,-0.3817290961742401
5889,29386.0,1.0,-1.8132561445236206,-0.31469404697418213
5890,29390.0,1.0,-2.331165075302124,-0.39246219396591187
5891,29400.0,1.0,-2.1738734245300293,-0.3688436448574066
5892,29413.0,1.0,-2.3589093685150146,-0.3966282308101654
5893,29414.0,1.0,-0.8067457675933838,-0.16355857253074646
5894,29421.0,1.0,-1.5776602029800415,-0.2793174684047699
5895,29427.0,1.0,-0.8874976634979248,-0.1756841093301773
5896,29429.0,1.0,-0.3389281928539276,-0.09331205487251282
5897,29431.0,1.0,-2.10314679145813,-0.35822343826293945
5898,29445.0,1.0,-0.4852381646633148,-0.11528165638446808
5899,29446.0,0.0,0.5362606644630432,-0.4101271331310272
5900,29450.0,1.0,-1.9408111572265625,-0.3338474631309509
5901,29468.0,1.0,-0.20509418845176697,-0.11274123191833496
5902,29469.0,1.0,-0.14287787675857544,-0.06387355178594589
5903,29471.0,1.0,-0.9074378609657288,-0.17867828905582428
5904,29475.0,1.0,-2.045135974884033,-0.34951266646385193
5905,29476.0,1.0,-1.5791188478469849,-0.27953651547431946
5906,29480.0,1.0,-2.2047979831695557,-0.3734872043132782
5907,29483.0,1.0,-1.0820188522338867,-0.20489300787448883
5908,29485.0,1.0,-21.680068969726562,-3.2978529930114746
5909,29491.0,1.0,-0.3648548424243927,-0.09720514714717865
5910,29492.0,1.0,-0.882713794708252,-0.1749657690525055
5911,29500.0,1.0,-0.45627185702323914,-0.11093214154243469
5912,29509.0,0.0,0.2844366729259491,-0.21372555196285248
5913,29514.0,1.0,-3.7409257888793945,-0.6041489243507385
5914,29515.0,1.0,-29.03419303894043,-4.402133464813232
5915,29516.0,1.0,-24.7019100189209,-3.7516067028045654
5916,29518.0,1.0,-0.4394613802433014,-0.10840791463851929
5917,29520.0,1.0,-1.6824558973312378,-0.2950533628463745
5918,29528.0,1.0,-0.8910470008850098,-0.17621707916259766
5919,29532.0,1.0,-2.0103158950805664,-0.34428414702415466
5920,29535.0,1.0,-0.3167042136192322,-0.1478332132101059
5921,29539.0,0.0,0.054329536855220795,-0.034261297434568405
5922,29546.0,0.0,0.054329536855220795,-0.034261297434568405
5923,29547.0,1.0,-1.774312973022461,-0.30884644389152527
5924,29551.0,1.0,-1.1712567806243896,-0.21829278767108917
5925,29553.0,1.0,-2.353649616241455,-0.3958384394645691
5926,29561.0,1.0,-1.0518368482589722,-0.20036093890666962
5927,29568.0,1.0,-0.3410953879356384,-0.09363748133182526
5928,29580.0,1.0,-1.836321473121643,-0.31815749406814575
5929,29584.0,1.0,-2.0059900283813477,-0.34363460540771484
5930,29606.0,1.0,-2.217751979827881,-0.3754323124885559
5931,29610.0,1.0,-2.6823315620422363,-0.4451926350593567
5932,29611.0,1.0,-2.063957452774048,-0.35233888030052185
5933,29612.0,1.0,-1.4113398790359497,-0.2543431520462036
5934,29613.0,1.0,-0.6099364161491394,-0.1340060830116272
5935,29617.0,1.0,-1.0896092653274536,-0.20603275299072266
5936,29625.0,1.0,-0.6193860769271851,-0.13542503118515015
5937,29627.0,0.0,0.22950243949890137,-0.1708814799785614
5938,29630.0,0.0,0.5519058108329773,-0.42232900857925415
5939,29635.0,1.0,-1.303412675857544,-0.23813703656196594
5940,29637.0,1.0,-31.894548416137695,-4.831638336181641
5941,29639.0,1.0,-1.1630377769470215,-0.21705864369869232
5942,29641.0,1.0,-2.553539514541626,-0.4258534908294678
5943,29642.0,1.0,-0.8450840711593628,-0.20807048678398132
5944,29648.0,1.0,-1.737408995628357,-0.3033050000667572
5945,29653.0,0.0,0.054329536855220795,-0.034261297434568405
5946,29655.0,1.0,-1.450576901435852,-0.26023492217063904
5947,29661.0,1.0,-0.3518834710121155,-0.09525740146636963
5948,29664.0,1.0,-1.8916785717010498,-0.3264698088169098
5949,29667.0,1.0,-1.872390627861023,-0.32357358932495117
5950,29668.0,1.0,-0.4458039104938507,-0.10936030745506287
5951,29671.0,0.0,1.6181750297546387,-1.253929615020752
5952,29672.0,1.0,-1.1127679347991943,-0.20951023697853088
5953,29678.0,1.0,-1.7849183082580566,-0.3104389011859894
5954,29679.0,1.0,-2.0403287410736084,-0.34879082441329956
5955,29687.0,1.0,-1.456188678741455,-0.26107755303382874
5956,29688.0,1.0,-2.082698106765747,-0.3551529347896576
5957,29704.0,1.0,-2.114467144012451,-0.3599233031272888
5958,29705.0,0.0,0.4360993504524231,-0.3320097029209137
5959,29706.0,1.0,-1.6521410942077637,-0.29050135612487793
5960,29711.0,1.0,-1.0547356605529785,-0.2007962167263031
5961,29713.0,1.0,-0.2853752374649048,-0.139306902885437
5962,29715.0,1.0,-3.62947416305542,-0.5874136090278625
5963,29723.0,1.0,-0.9266476631164551,-0.18156279623508453
5964,29726.0,1.0,-27.737071990966797,-4.20736026763916
5965,29729.0,1.0,-1.7421870231628418,-0.30402249097824097
5966,29733.0,1.0,-2.060359239578247,-0.35179856419563293
5967,29737.0,1.0,-1.0547730922698975,-0.20080183446407318
5968,29738.0,1.0,-30.014667510986328,-4.549359321594238
5969,29747.0,1.0,-0.4197489321231842,-0.1054479330778122
5970,29749.0,0.0,0.9762410521507263,-0.7532749176025391
5971,29750.0,1.0,-2.0045602321624756,-0.3434198796749115
5972,29752.0,1.0,-0.2817938029766083,-0.08473287522792816
5973,29755.0,1.0,-0.3006395697593689,-0.08756272494792938
5974,29760.0,1.0,-2.727518081665039,-0.4519777297973633
5975,29763.0,1.0,-0.8648185133934021,-0.17227865755558014
5976,29766.0,1.0,-0.6130995154380798,-0.1344810575246811
5977,29767.0,0.0,0.27545443177223206,-0.20672015845775604
5978,29770.0,1.0,-0.9149073362350464,-0.1797998994588852
5979,29771.0,1.0,-0.3854275047779083,-0.10029429197311401
5980,29783.0,0.0,1.5945303440093994,-1.235488772392273
5981,29784.0,1.0,-0.49178096652030945,-0.11626411974430084
5982,29796.0,1.0,-0.5794348120689392,-0.1294260323047638
5983,29800.0,1.0,-0.6378333568572998,-0.13819503784179688
5984,29802.0,1.0,-0.08042096346616745,-0.054495152086019516
5985,29804.0,1.0,-2.068621873855591,-0.3530392646789551
5986,29807.0,1.0,-1.6505464315414429,-0.2902618944644928
5987,29810.0,1.0,-1.5006121397018433,-0.2677481174468994
5988,29814.0,1.0,-1.6280850172042847,-0.2868891656398773
5989,29815.0,0.0,0.34370145201683044,-0.25994712114334106
5990,29821.0,1.0,-2.0792880058288574,-0.3546408712863922
5991,29822.0,0.0,0.07854768633842468,-0.053149424493312836
5992,29825.0,1.0,-0.14874088764190674,-0.07309837639331818
5993,29826.0,1.0,-1.0289549827575684,-0.19692504405975342
5994,29827.0,1.0,-2.0405972003936768,-0.3488311469554901
5995,29837.0,1.0,-1.6630858182907104,-0.2921448051929474
5996,29843.0,1.0,-1.408030390739441,-0.2538462281227112
5997,29846.0,0.0,0.054329536855220795,-0.034261297434568405
5998,29858.0,1.0,-31.209083557128906,-4.728710174560547
5999,29862.0,1.0,-0.8234319090843201,-0.16606412827968597
6000,29868.0,0.0,1.8566721677780151,-1.4399373531341553
6001,29872.0,1.0,-0.9213947653770447,-0.1807740330696106
6002,29876.0,1.0,-21.91042137145996,-3.332442283630371
6003,29892.0,0.0,0.054329536855220795,-0.034261297434568405
6004,29897.0,0.0,0.2284800410270691,-0.17008408904075623
6005,29899.0,1.0,-1.6734488010406494,-0.2937008738517761
6006,29907.0,1.0,-0.5263189673423767,-0.1214502602815628
6007,29908.0,1.0,-1.4385058879852295,-0.2584223449230194
6008,29912.0,1.0,-0.34038737416267395,-0.09353116899728775
6009,29913.0,1.0,-1.464802861213684,-0.2623710632324219
6010,29915.0,1.0,-1.784849762916565,-0.3104286193847656
6011,29920.0,0.0,0.24729427695274353,-0.18475762009620667
6012,29923.0,1.0,-1.1825063228607178,-0.21998198330402374
6013,29926.0,1.0,-1.1875433921813965,-0.22073835134506226
6014,29927.0,1.0,-1.2287808656692505,-0.22693046927452087
6015,29936.0,1.0,-2.742015838623047,-0.45415470004081726
6016,29949.0,1.0,-30.6580867767334,-4.6459736824035645
6017,29955.0,1.0,-0.06907755136489868,-0.05279184877872467
6018,29963.0,1.0,-0.49047908186912537,-0.11606863141059875
6019,29981.0,1.0,-2.475780487060547,-0.4141773581504822
6020,29984.0,1.0,-1.0456712245941162,-0.19943512976169586
6021,29997.0,1.0,-1.3475176095962524,-0.24475973844528198
6022,30001.0,1.0,-0.793653666973114,-0.16159269213676453
6023,30007.0,0.0,0.3513302505016327,-0.26589691638946533
6024,30009.0,0.0,0.2724868953227997,-0.20440573990345
6025,30018.0,1.0,-25.86155891418457,-3.925736904144287
6026,30019.0,0.0,1.0271010398864746,-0.7929414510726929
6027,30024.0,1.0,-0.8407121896743774,-0.16865889728069305
6028,30029.0,1.0,-1.3208322525024414,-0.24075274169445038
6029,30030.0,0.0,0.054329536855220795,-0.034261297434568405
6030,30031.0,1.0,-0.4243852496147156,-0.10614411532878876
6031,30035.0,1.0,-0.7768694162368774,-0.1590723991394043
6032,30036.0,1.0,-0.8817636966705322,-0.1748231053352356
6033,30037.0,1.0,-0.5712864995002747,-0.12820249795913696
6034,30038.0,1.0,-0.8896986842155457,-0.17601461708545685
6035,30039.0,0.0,0.313766747713089,-0.23660056293010712
6036,30043.0,1.0,-1.4672832489013672,-0.2627435028553009
6037,30048.0,0.0,0.626878559589386,-0.4808014929294586
6038,30053.0,0.0,0.054329536855220795,-0.034261297434568405
6039,30060.0,1.0,-0.6292285919189453,-0.19873450696468353
6040,30072.0,1.0,-1.5780534744262695,-0.2793765068054199
6041,30081.0,1.0,-0.7223361730575562,-0.15088379383087158
6042,30085.0,1.0,-0.41877028346061707,-0.10530097782611847
6043,30088.0,1.0,-0.5174198746681213,-0.12011399865150452
6044,30095.0,0.0,-0.03919241577386856,-0.04830436035990715
6045,30096.0,1.0,-1.337689757347107,-0.24328401684761047
6046,30099.0,1.0,-2.037365674972534,-0.34834587574005127
6047,30100.0,0.0,0.7032724022865295,-0.5403822660446167
6048,30101.0,1.0,-1.1313410997390747,-0.21229912340641022
6049,30114.0,1.0,-1.5933908224105835,-0.28167954087257385
6050,30115.0,1.0,-3.1723105907440186,-0.5187668800354004
6051,30118.0,1.0,-1.5841134786605835,-0.2802864909172058
6052,30121.0,1.0,-2.9095654487609863,-0.47931361198425293
6053,30127.0,0.0,0.1527419537305832,-0.111014723777771
6054,30128.0,1.0,-1.0595247745513916,-0.2015153467655182
6055,30131.0,1.0,-1.5701141357421875,-0.27818435430526733
6056,30134.0,1.0,-0.466135710477829,-0.11241328716278076
6057,30135.0,1.0,-0.7335202693939209,-0.1525631844997406
6058,30138.0,0.0,28.240232467651367,-32.229087829589844
6059,30164.0,1.0,-1.7516367435455322,-0.30544140934944153
6060,30166.0,1.0,-26.7325382232666,-4.056521415710449
6061,30175.0,0.0,0.054329536855220795,-0.034261297434568405
6062,30181.0,1.0,-1.1258609294891357,-0.21147625148296356
6063,30183.0,1.0,-2.2618277072906494,-0.38205063343048096
6064,30188.0,1.0,-25.818607330322266,-3.9192874431610107
6065,30198.0,0.0,0.1631946563720703,-0.11916695535182953
6066,30211.0,1.0,-2.4131267070770264,-0.4047693908214569
6067,30218.0,1.0,-1.6406291723251343,-0.2887727618217468
6068,30225.0,1.0,-0.8808245062828064,-0.17468208074569702
6069,30233.0,1.0,-2.563870429992676,-0.4274047315120697
6070,30237.0,1.0,-1.5470322370529175,-0.27471843361854553
6071,30240.0,1.0,-2.54750657081604,-0.424947589635849
6072,30251.0,1.0,-1.2049497365951538,-0.22335204482078552
6073,30257.0,1.0,-2.1895744800567627,-0.3712012469768524
6074,30262.0,0.0,0.281046599149704,-0.2110815793275833
6075,30265.0,1.0,-0.861383318901062,-0.17176282405853271
6076,30272.0,1.0,-1.3434325456619263,-0.24414634704589844
6077,30273.0,1.0,-2.6336135864257812,-0.43787726759910583
6078,30279.0,0.0,1.0584137439727783,-0.8173627257347107
6079,30289.0,1.0,-2.417940616607666,-0.40549224615097046
6080,30292.0,1.0,-1.3926523923873901,-0.2515370845794678
6081,30293.0,0.0,0.2528544068336487,-0.18909405171871185
6082,30294.0,1.0,-0.1360476016998291,-0.06284792721271515
6083,30306.0,1.0,-1.7720369100570679,-0.3085046708583832
6084,30308.0,1.0,-1.4868863821029663,-0.2656870484352112
6085,30312.0,1.0,-1.065832257270813,-0.20246244966983795
6086,30316.0,1.0,-0.48208197951316833,-0.11480773985385895
6087,30322.0,1.0,-2.340017080307007,-0.39379140734672546
6088,30324.0,0.0,0.054329536855220795,-0.034261297434568405
6089,30331.0,1.0,-1.4198198318481445,-0.2556164860725403
6090,30333.0,1.0,-1.353790521621704,-0.24570167064666748
6091,30338.0,1.0,-1.2419304847717285,-0.22890500724315643
6092,30345.0,1.0,-1.905859351158142,-0.32859915494918823
6093,30348.0,0.0,0.054329536855220795,-0.034261297434568405
6094,30349.0,1.0,-0.8130342364311218,-0.1645028293132782
6095,30350.0,0.0,-0.02141115814447403,-0.04563436284661293
6096,30353.0,1.0,-28.498056411743164,-4.321628093719482
6097,30360.0,1.0,-21.13887596130371,-3.2165887355804443
6098,30362.0,1.0,-0.05186250060796738,-0.05020687356591225
6099,30375.0,1.0,-1.9498025178909302,-0.3351975977420807
6100,30376.0,1.0,-2.166830539703369,-0.36778607964515686
6101,30383.0,1.0,-0.9011169075965881,-0.17772914469242096
6102,30391.0,0.0,0.5429527759552002,-0.4153464138507843
6103,30392.0,1.0,-0.9133776426315308,-0.17957019805908203
6104,30397.0,1.0,-1.6507716178894043,-0.29029572010040283
6105,30400.0,1.0,-0.7622188329696655,-0.15687249600887299
6106,30402.0,1.0,-2.006624698638916,-0.3437299132347107
6107,30407.0,1.0,-1.0051349401474,-0.19334827363491058
6108,30416.0,0.0,0.2964860498905182,-0.22312305867671967
6109,30422.0,1.0,-0.4991306960582733,-0.11736772954463959
6110,30432.0,1.0,-1.612085223197937,-0.28448665142059326
6111,30433.0,0.0,0.054329536855220795,-0.034261297434568405
6112,30444.0,1.0,-1.6928213834762573,-0.2966098189353943
6113,30445.0,1.0,-1.1595183610916138,-0.21653015911579132
6114,30457.0,0.0,0.351336807012558,-0.265902042388916
6115,30473.0,1.0,-0.7590603828430176,-0.1563982218503952
6116,30482.0,1.0,-1.7984384298324585,-0.3124690651893616
6117,30485.0,1.0,-3.0391743183135986,-0.4987753927707672
6118,30493.0,0.0,0.6409518718719482,-0.4917774796485901
6119,30503.0,1.0,-1.6222000122070312,-0.2860054671764374
6120,30505.0,1.0,-1.9397674798965454,-0.33369073271751404
6121,30507.0,1.0,-0.9864695072174072,-0.19054551422595978
6122,30511.0,1.0,-0.7705270051956177,-0.1581200361251831
6123,30512.0,1.0,-1.036918044090271,-0.19812077283859253
6124,30519.0,1.0,-0.3822532594203949,-0.0998176634311676
6125,30520.0,1.0,-1.6910617351531982,-0.296345591545105
6126,30523.0,1.0,-0.4525553286075592,-0.1103740781545639
6127,30530.0,1.0,-2.3483474254608154,-0.3950422704219818
6128,30531.0,1.0,-1.025894284248352,-0.19646546244621277
6129,30533.0,1.0,-1.5824278593063354,-0.2800333797931671
6130,30536.0,0.0,0.2154490351676941,-0.15992100536823273
6131,30537.0,1.0,-1.2128617763519287,-0.2245400995016098
6132,30542.0,1.0,-1.8274704217910767,-0.3168284595012665
6133,30547.0,1.0,-0.7040111422538757,-0.14813216030597687
6134,30550.0,1.0,-2.2540876865386963,-0.380888432264328
6135,30560.0,1.0,-1.6036038398742676,-0.2832131087779999
6136,30565.0,1.0,-1.6558074951171875,-0.2910518944263458
6137,30568.0,1.0,-2.027881145477295,-0.34692174196243286
6138,30575.0,0.0,0.054329536855220795,-0.034261297434568405
6139,30579.0,0.0,0.054329536855220795,-0.034261297434568405
6140,30581.0,1.0,-1.3680893182754517,-0.2478487491607666
6141,30593.0,1.0,-0.5722327828407288,-0.1283445805311203
6142,30596.0,1.0,-0.37954118847846985,-0.09941042959690094
6143,30597.0,1.0,-0.4270264208316803,-0.10654070973396301
6144,30620.0,1.0,-0.6101928949356079,-0.1340446025133133
6145,30632.0,1.0,-1.9030392169952393,-0.32817569375038147
6146,30633.0,1.0,-2.9639573097229004,-0.4874809682369232
6147,30637.0,1.0,-0.5805551409721375,-0.12959425151348114
6148,30638.0,1.0,-0.41038328409194946,-0.10404160618782043
6149,30641.0,0.0,-0.030724525451660156,-0.04703284054994583
6150,30642.0,1.0,-1.5994958877563477,-0.28259626030921936
6151,30649.0,1.0,-0.7406598329544067,-0.15363523364067078
6152,30651.0,1.0,-20.966703414916992,-3.1907355785369873
6153,30655.0,1.0,-2.426612377166748,-0.40679439902305603
6154,30656.0,1.0,-0.870790958404541,-0.17317546904087067
6155,30657.0,1.0,-0.13602939248085022,-0.06284520030021667
6156,30662.0,1.0,-1.6136431694030762,-0.28472059965133667
6157,30664.0,1.0,-1.6408499479293823,-0.28880590200424194
6158,30665.0,1.0,-1.6929360628128052,-0.2966270446777344
6159,30668.0,1.0,-1.1343896389007568,-0.21275688707828522
6160,30674.0,1.0,-28.676658630371094,-4.348446369171143
6161,30680.0,1.0,-1.4998060464859009,-0.2676270604133606
6162,30683.0,0.0,0.054329536855220795,-0.034261297434568405
6163,30689.0,1.0,-0.45226243138313293,-0.11033008992671967
6164,30701.0,1.0,-1.997122883796692,-0.3423031270503998
6165,30703.0,1.0,-1.4550756216049194,-0.26091042160987854
6166,30713.0,1.0,-1.8522467613220215,-0.32054880261421204
6167,30719.0,1.0,-1.0161807537078857,-0.19500689208507538
6168,30721.0,1.0,-1.2644034624099731,-0.23227949440479279
6169,30725.0,1.0,-1.1418253183364868,-0.21387343108654022
6170,30729.0,1.0,-0.3723837733268738,-0.09833568334579468
6171,30734.0,1.0,-1.5985395908355713,-0.28245267271995544
6172,30735.0,1.0,-25.913755416870117,-3.933574676513672
6173,30749.0,1.0,-26.163028717041016,-3.9710049629211426
6174,30761.0,1.0,-0.2112356424331665,-0.07413801550865173
6175,30769.0,1.0,-1.6626296043395996,-0.2920762896537781
6176,30770.0,1.0,-0.9888235330581665,-0.19089898467063904
6177,30776.0,1.0,-0.973652720451355,-0.18862096965312958
6178,30778.0,0.0,-0.02549033612012863,-0.046246882528066635
6179,30782.0,0.0,1.7941795587539673,-1.3911983966827393
6180,30785.0,1.0,-0.350714772939682,-0.09508191049098969
6181,30788.0,0.0,0.054329536855220795,-0.034261297434568405
6182,30789.0,0.0,0.7969252467155457,-0.6134236454963684
6183,30790.0,1.0,-0.7070267200469971,-0.14858496189117432
6184,30814.0,0.0,0.054329536855220795,-0.034261297434568405
6185,30815.0,1.0,-0.8385847210884094,-0.16833944618701935
6186,30835.0,1.0,-1.521575689315796,-0.27089595794677734
6187,30836.0,0.0,0.02523457631468773,-0.03863013535737991
6188,30851.0,1.0,-1.928022027015686,-0.3319270610809326
6189,30852.0,0.0,0.5797016620635986,-0.4440074563026428
6190,30855.0,1.0,-1.761982798576355,-0.3069949746131897
6191,30868.0,1.0,-1.661647081375122,-0.291928768157959
6192,30883.0,1.0,-1.8764123916625977,-0.32417747378349304
6193,30894.0,1.0,-1.0595868825912476,-0.20152467489242554
6194,30899.0,1.0,-1.3874014616012573,-0.2507486045360565
6195,30900.0,1.0,-1.69739830493927,-0.29729709029197693
6196,30909.0,1.0,-0.12069696933031082,-0.060542911291122437
6197,30925.0,1.0,-1.8222321271896362,-0.31604188680648804
6198,30933.0,1.0,-2.4529941082000732,-0.41075578331947327
6199,30937.0,0.0,0.7773644924163818,-0.598167896270752
6200,30951.0,1.0,-1.145766019821167,-0.21446514129638672
6201,30964.0,1.0,-1.3239060640335083,-0.24121429026126862
6202,30971.0,1.0,-2.262997627258301,-0.3822263181209564
6203,30984.0,0.0,0.2244970202445984,-0.166977658867836
6204,30991.0,0.0,0.06092343106865883,-0.07954578101634979
6205,30992.0,1.0,-27.383752822875977,-4.154306411743164
6206,30995.0,1.0,-22.824445724487305,-3.4696903228759766
6207,30997.0,1.0,-29.14617919921875,-4.418948650360107
6208,31000.0,1.0,-24.344778060913086,-3.6979804039001465
6209,31005.0,1.0,-1.6076935529708862,-0.2838272154331207
6210,31007.0,1.0,-0.18273180723190308,-0.06985793262720108
6211,31014.0,0.0,0.4775139391422272,-0.3643096089363098
6212,31015.0,1.0,-25.779497146606445,-3.913414716720581
6213,31024.0,0.0,0.42465269565582275,-0.3230822682380676
6214,31029.0,0.0,1.8310753107070923,-1.4199739694595337
6215,31030.0,1.0,-1.4231019020080566,-0.2561093270778656
6216,31037.0,0.0,0.23692041635513306,-0.17666685581207275
6217,31042.0,1.0,-2.0078139305114746,-0.3439084589481354
6218,31045.0,1.0,-2.023876428604126,-0.34632039070129395
6219,31047.0,1.0,-0.39397743344306946,-0.10157814621925354
6220,31049.0,1.0,-1.799561619758606,-0.31263771653175354
6221,31057.0,1.0,-1.5779591798782349,-0.27936235070228577
6222,31060.0,1.0,-1.9958666563034058,-0.34211447834968567
6223,31063.0,1.0,-0.6164074540138245,-0.13497775793075562
6224,31065.0,1.0,-1.0993281602859497,-0.2074921429157257
6225,31068.0,1.0,-29.346256256103516,-4.448991775512695
6226,31072.0,1.0,-1.1604582071304321,-0.21667128801345825
6227,31074.0,1.0,-0.1422479748725891,-0.06377896666526794
6228,31076.0,1.0,-0.45570477843284607,-0.11084699630737305
6229,31077.0,0.0,0.3138926327228546,-0.23669873178005219
6230,31080.0,1.0,-0.19642803072929382,-0.07191453129053116
6231,31086.0,1.0,-1.489574909210205,-0.2660907804965973
6232,31093.0,1.0,-1.1009337902069092,-0.20773324370384216
6233,31101.0,1.0,-21.165733337402344,-3.2206215858459473
6234,31114.0,0.0,0.6155930161476135,-0.4719997048377991
6235,31115.0,0.0,-0.04827135056257248,-0.049667634069919586
6236,31117.0,1.0,-21.31085968017578,-3.242413282394409
6237,31120.0,1.0,-0.38077303767204285,-0.09959539771080017
6238,31121.0,1.0,-0.6386134028434753,-0.13831216096878052
6239,31138.0,1.0,-0.45563825964927673,-0.11083699762821198
6240,31140.0,0.0,0.2507225573062897,-0.18743136525154114
6241,31151.0,1.0,-1.8032344579696655,-0.31318920850753784
6242,31156.0,0.0,0.3504296541213989,-0.26519453525543213
6243,31159.0,1.0,-1.142073631286621,-0.21391071379184723
6244,31160.0,0.0,0.43148452043533325,-0.37594571709632874
6245,31170.0,1.0,-1.915670394897461,-0.3300723731517792
6246,31171.0,1.0,-2.079186201095581,-0.3546256124973297
6247,31181.0,1.0,-1.7807201147079468,-0.30980852246284485
6248,31183.0,1.0,-1.9662216901779175,-0.33766305446624756
6249,31186.0,0.0,1.223832368850708,-0.9463753700256348
6250,31188.0,1.0,-1.2743324041366577,-0.23377040028572083
6251,31191.0,1.0,-1.4894236326217651,-0.26606807112693787
6252,31198.0,1.0,-0.7799288630485535,-0.15953180193901062
6253,31199.0,0.0,0.5342299342155457,-0.40854331851005554
6254,31205.0,1.0,-1.3214737176895142,-0.24084904789924622
6255,31211.0,1.0,-1.5849112272262573,-0.28040626645088196
6256,31217.0,1.0,-1.4755276441574097,-0.2639814615249634
6257,31226.0,1.0,-1.6012334823608398,-0.28285717964172363
6258,31227.0,1.0,-1.4601505994796753,-0.2616724967956543
6259,31231.0,0.0,0.054329536855220795,-0.034261297434568405
6260,31233.0,1.0,-3.089674711227417,-0.5063584446907043
6261,31250.0,1.0,-0.4156651496887207,-0.10483472049236298
6262,31258.0,1.0,-1.2709754705429077,-0.23326633870601654
6263,31262.0,0.0,0.2676050364971161,-0.20059829950332642
6264,31264.0,0.0,1.510941505432129,-1.1702964305877686
6265,31274.0,1.0,-0.776574432849884,-0.15902811288833618
6266,31276.0,1.0,-0.09368715435266495,-0.056487176567316055
6267,31290.0,0.0,1.531861424446106,-1.1866122484207153
6268,31299.0,1.0,-0.2944793105125427,-0.14832229912281036
6269,31302.0,1.0,-1.6351464986801147,-0.28794947266578674
6270,31309.0,1.0,-1.6010569334030151,-0.2828306555747986
6271,31310.0,1.0,-0.8561023473739624,-0.17096984386444092
6272,31312.0,1.0,-1.7672117948532104,-0.3077801465988159
6273,31321.0,1.0,-28.09142303466797,-4.260568618774414
6274,31322.0,1.0,-2.751331329345703,-0.45555347204208374
6275,31342.0,1.0,-3.0130395889282227,-0.4948510527610779
6276,31351.0,0.0,0.4885021150112152,-0.3728794455528259
6277,31355.0,1.0,-30.8626651763916,-4.676692962646484
6278,31358.0,0.0,1.3310922384262085,-1.030029058456421
6279,31362.0,1.0,-28.376888275146484,-4.303433418273926
6280,31363.0,0.0,0.06038716062903404,-0.038985736668109894
6281,31366.0,1.0,-1.3535984754562378,-0.24567283689975739
6282,31383.0,1.0,-0.5638059377670288,-0.2697390913963318
6283,31395.0,1.0,-1.5845046043395996,-0.28034520149230957
6284,31404.0,0.0,0.054329536855220795,-0.034261297434568405
6285,31413.0,1.0,-1.1834861040115356,-0.2201291173696518
6286,31416.0,1.0,-21.388248443603516,-3.2540338039398193
6287,31424.0,0.0,2.9172985553741455,-2.242377281188965
6288,31426.0,1.0,-2.413503408432007,-0.40482595562934875
6289,31430.0,1.0,-0.6039242744445801,-0.13310332596302032
6290,31437.0,0.0,0.054329536855220795,-0.034261297434568405
6291,31438.0,1.0,-26.746585845947266,-4.05863094329834
6292,31439.0,1.0,-0.3061405122280121,-0.08838873356580734
6293,31443.0,1.0,-0.5680242776870728,-0.12771263718605042
6294,31444.0,1.0,-2.346787452697754,-0.3948080241680145
6295,31446.0,0.0,0.49988168478012085,-0.3817545771598816
6296,31447.0,0.0,0.9005476832389832,-0.6942404508590698
6297,31451.0,1.0,-0.6114769577980042,-0.1342374086380005
6298,31456.0,1.0,-0.8575090169906616,-0.1711810827255249
6299,31468.0,1.0,-0.8781023025512695,-0.1742733120918274
6300,31473.0,1.0,-1.5597717761993408,-0.2766313850879669
6301,31483.0,1.0,-2.2174155712127686,-0.37538179755210876
6302,31488.0,1.0,-1.676418423652649,-0.2941468060016632
6303,31490.0,1.0,-1.1170618534088135,-0.21015499532222748
6304,31491.0,0.0,0.054329536855220795,-0.034261297434568405
6305,31492.0,1.0,-3.7152276039123535,-0.6002901792526245
6306,31493.0,1.0,-1.426525592803955,-0.25662341713905334
6307,31494.0,0.0,0.2933650314807892,-0.22068893909454346
6308,31495.0,1.0,-1.707485318183899,-0.29881173372268677
6309,31497.0,1.0,-1.8371930122375488,-0.3182883858680725
6310,31498.0,1.0,-0.9462809562683105,-0.18451088666915894
6311,31499.0,1.0,-0.9687687158584595,-0.18788759410381317
6312,31502.0,1.0,-0.5079224109649658,-0.11868788301944733
6313,31510.0,0.0,0.5563077926635742,-0.42576220631599426
6314,31515.0,1.0,-0.9375938773155212,-0.1832064539194107
6315,31517.0,1.0,-1.6074057817459106,-0.28378400206565857
6316,31522.0,1.0,-0.820648729801178,-0.16564621031284332
6317,31527.0,0.0,0.054329536855220795,-0.034261297434568405
6318,31530.0,1.0,-2.072160482406616,-0.3535706102848053
6319,31531.0,0.0,1.0325855016708374,-0.7972187995910645
6320,31534.0,1.0,-2.1483278274536133,-0.36500775814056396
6321,31535.0,0.0,0.40190982818603516,-0.30534473061561584
6322,31542.0,1.0,-1.043857216835022,-0.19916273653507233
6323,31549.0,1.0,-1.2649669647216797,-0.23236411809921265
6324,31552.0,1.0,-1.0533812046051025,-0.20059284567832947
6325,31567.0,1.0,-0.9978258609771729,-0.19225075840950012
6326,31568.0,1.0,-0.6311911344528198,-0.13719764351844788
6327,31573.0,0.0,1.0825737714767456,-0.8362054824829102
6328,31576.0,0.0,0.5603307485580444,-0.4288997948169708
6329,31583.0,1.0,-0.7922469973564148,-0.16138146817684174
6330,31589.0,1.0,-0.6193087100982666,-0.13541340827941895
6331,31591.0,1.0,-0.6693487167358398,-0.14292730391025543
6332,31595.0,1.0,-2.151838541030884,-0.3655349016189575
6333,31603.0,1.0,-0.9238085746765137,-0.18113648891448975
6334,31607.0,1.0,-1.719635248184204,-0.3006361424922943
6335,31613.0,1.0,-1.9091954231262207,-0.329100102186203
6336,31629.0,1.0,-1.1380910873413086,-0.21331270039081573
6337,31631.0,1.0,-2.130253791809082,-0.3622937798500061
6338,31632.0,1.0,-0.8123575448989868,-0.16440121829509735
6339,31633.0,1.0,-0.7958787083625793,-0.16192680597305298
6340,31636.0,1.0,-0.648693859577179,-0.13982582092285156
6341,31645.0,1.0,-0.5189397931098938,-0.12034222483634949
6342,31648.0,1.0,-1.33982515335083,-0.24360467493534088
6343,31650.0,1.0,-0.28926241397857666,-0.08585435152053833
6344,31651.0,1.0,-1.9441461563110352,-0.33434823155403137
6345,31659.0,0.0,-0.04979366064071655,-0.22196689248085022
6346,31663.0,1.0,-2.505009412765503,-0.4185663163661957
6347,31666.0,1.0,-2.065609931945801,-0.3525870144367218
6348,31667.0,1.0,-0.2435162365436554,-0.07898519933223724
6349,31668.0,1.0,-1.7796244621276855,-0.3096439838409424
6350,31670.0,0.0,0.022436898201704025,-0.08938728272914886
6351,31672.0,1.0,-1.0658453702926636,-0.20246443152427673
6352,31681.0,1.0,-0.6878315210342407,-0.14570266008377075
6353,31682.0,1.0,-1.2698991298675537,-0.23310472071170807
6354,31685.0,1.0,-0.19548097252845764,-0.07177232205867767
6355,31690.0,0.0,0.2149295210838318,-0.15951581299304962
6356,31693.0,0.0,0.2605130672454834,-0.1950671672821045
6357,31707.0,1.0,-1.0651984214782715,-0.20236729085445404
6358,31708.0,1.0,-2.048273801803589,-0.3499838411808014
6359,31712.0,1.0,-3.0797321796417236,-0.5048654675483704
6360,31723.0,1.0,-26.491287231445312,-4.020296096801758
6361,31725.0,1.0,-1.6519242525100708,-0.29046881198883057
6362,31740.0,0.0,0.054329536855220795,-0.034261297434568405
6363,31742.0,0.0,0.36446401476860046,-0.27614015340805054
6364,31744.0,0.0,0.2246783971786499,-0.1671191155910492
6365,31751.0,1.0,-1.2052886486053467,-0.2234029471874237
6366,31755.0,1.0,-0.5137409567832947,-0.119561567902565
6367,31758.0,1.0,-2.541790008544922,-0.4240891933441162
6368,31759.0,1.0,-0.5889557600021362,-0.13085567951202393
6369,31765.0,1.0,-24.79201316833496,-3.765136241912842
6370,31773.0,1.0,-2.081044912338257,-0.3549046814441681
6371,31784.0,1.0,-0.7480269074440002,-0.15474146604537964
6372,31787.0,0.0,1.1360212564468384,-0.8778900504112244
6373,31792.0,1.0,-1.186867117881775,-0.22063681483268738
6374,31794.0,1.0,-26.120119094848633,-3.964561700820923
6375,31799.0,1.0,-0.5005018711090088,-0.11757361888885498
6376,31801.0,0.0,0.9839375615119934,-0.7592775225639343
6377,31803.0,1.0,-1.1003472805023193,-0.20764516294002533
6378,31807.0,1.0,-0.1313929259777069,-0.06214899569749832
6379,31832.0,1.0,-1.4894932508468628,-0.26607850193977356
6380,31835.0,0.0,0.10358129441738129,-0.07267353683710098
6381,31841.0,1.0,-0.6797942519187927,-0.14449580013751984
6382,31853.0,1.0,-0.29245397448539734,-0.2002461552619934
6383,31857.0,1.0,-0.9715486764907837,-0.18830503523349762
6384,31860.0,1.0,-0.9685707092285156,-0.18785788118839264
6385,31862.0,0.0,0.054329536855220795,-0.034261297434568405
6386,31876.0,1.0,-0.7735923528671265,-0.15858031809329987
6387,31885.0,1.0,-22.835948944091797,-3.4714176654815674
6388,31886.0,1.0,-0.5349006652832031,-0.12273888289928436
6389,31888.0,1.0,-2.2284722328186035,-0.3770420551300049
6390,31897.0,1.0,-2.012938976287842,-0.34467804431915283
6391,31901.0,1.0,-1.181010127067566,-0.2197573333978653
6392,31904.0,1.0,-1.864234447479248,-0.32234886288642883
6393,31915.0,0.0,0.054329536855220795,-0.034261297434568405
6394,31919.0,1.0,-2.51120662689209,-0.41949689388275146
6395,31924.0,1.0,-1.6431549787521362,-0.28915202617645264
6396,31926.0,1.0,-1.2936642169952393,-0.2366732358932495
6397,31927.0,1.0,-2.6752235889434814,-0.44412532448768616
6398,31929.0,0.0,0.43731603026390076,-0.3329586088657379
6399,31932.0,1.0,-0.31275245547294617,-0.08938156813383102
6400,31937.0,1.0,-1.4777774810791016,-0.2643193006515503
6401,31943.0,1.0,-2.347459316253662,-0.3949089050292969
6402,31947.0,1.0,-1.7405128479003906,-0.30377107858657837
6403,31969.0,0.0,0.9746885299682617,-0.7520641088485718
6404,31970.0,0.0,0.271316260099411,-0.20349274575710297
6405,31973.0,1.0,-29.230791091918945,-4.43165397644043
6406,31983.0,1.0,-0.35343092679977417,-0.09548976272344589
6407,31985.0,1.0,-0.30707812309265137,-0.08852951973676682
6408,31989.0,1.0,-0.49289974570274353,-0.11643211543560028
6409,31993.0,1.0,-0.8660004138946533,-0.17245613038539886
6410,32002.0,1.0,-1.3162497282028198,-0.24006463587284088
6411,32003.0,1.0,-2.6593949794769287,-0.4417485296726227
6412,32005.0,1.0,-2.0913515090942383,-0.3564523160457611
6413,32007.0,0.0,0.1289515495300293,-0.09246020019054413
6414,32016.0,1.0,-0.23268374800682068,-0.07735861837863922
6415,32018.0,1.0,-0.6275984048843384,-0.136658176779747
6416,32026.0,1.0,-1.3602344989776611,-0.24666927754878998
6417,32028.0,1.0,-1.368286371231079,-0.24787834286689758
6418,32036.0,0.0,0.054329536855220795,-0.034261297434568405
6419,32039.0,0.0,-0.0342618003487587,-0.04756398871541023
6420,32044.0,1.0,-1.9759119749069214,-0.3391181230545044
6421,32045.0,1.0,-1.7851107120513916,-0.31046780943870544
6422,32047.0,1.0,-0.4580146372318268,-0.11119383573532104
6423,32053.0,1.0,-27.42135238647461,-4.159952640533447
6424,32060.0,1.0,-3.1376333236694336,-0.5135598182678223
6425,32069.0,1.0,-1.1953563690185547,-0.22191151976585388
6426,32070.0,1.0,-1.747033715248108,-0.3047502338886261
6427,32085.0,0.0,0.054329536855220795,-0.034261297434568405
6428,32095.0,1.0,-0.6467581391334534,-0.13953515887260437
6429,32113.0,1.0,-2.1025495529174805,-0.35813379287719727
6430,32122.0,0.0,-0.3057922124862671,-0.36853688955307007
6431,32124.0,1.0,-1.1474870443344116,-0.21472357213497162
6432,32136.0,1.0,-2.027475118637085,-0.34686073660850525
6433,32141.0,1.0,-1.2445577383041382,-0.22929950058460236
6434,32142.0,1.0,-1.1368639469146729,-0.21312843263149261
6435,32145.0,1.0,-0.9207894206047058,-0.18068313598632812
6436,32148.0,1.0,-1.4762595891952515,-0.2640913724899292
6437,32151.0,1.0,-0.1380557417869568,-0.06314946711063385
6438,32152.0,0.0,0.12796685099601746,-0.16559143364429474
6439,32155.0,1.0,-0.5124787092208862,-0.11937204003334045
6440,32158.0,1.0,-0.18531662225723267,-0.07024607062339783
6441,32160.0,1.0,-0.5798599123954773,-0.12948986887931824
6442,32162.0,1.0,-1.6211135387420654,-0.28584232926368713
6443,32168.0,1.0,-1.4795997142791748,-0.2645929157733917
6444,32171.0,1.0,-1.7225759029388428,-0.3010777235031128
6445,32176.0,1.0,-2.331740379333496,-0.3925485908985138
6446,32178.0,1.0,-1.332399606704712,-0.24248966574668884
6447,32181.0,1.0,-1.4010729789733887,-0.2528015077114105
6448,32183.0,0.0,0.9961258172988892,-0.7687833905220032
6449,32185.0,1.0,-0.6825419664382935,-0.1449083834886551
6450,32186.0,1.0,-23.780019760131836,-3.6131772994995117
6451,32195.0,1.0,-1.5971994400024414,-0.2822514474391937
6452,32199.0,1.0,-24.40412139892578,-3.7068910598754883
6453,32201.0,1.0,-0.6389679908752441,-0.13836540281772614
6454,32203.0,1.0,-1.881087064743042,-0.32487940788269043
6455,32205.0,1.0,-1.2082821130752563,-0.22385244071483612
6456,32209.0,1.0,-1.5752809047698975,-0.2789601981639862
6457,32219.0,1.0,-29.0423641204834,-4.403359889984131
6458,32227.0,1.0,-1.3481967449188232,-0.24486172199249268
6459,32228.0,1.0,-2.267296552658081,-0.3828718662261963
6460,32231.0,1.0,-1.6411230564117432,-0.2888469099998474
6461,32232.0,1.0,-28.032108306884766,-4.251662254333496
6462,32236.0,1.0,-1.5947327613830566,-0.28188103437423706
6463,32237.0,1.0,-1.5217037200927734,-0.2709151804447174
6464,32247.0,1.0,-0.28148794174194336,-0.08468694984912872
6465,32249.0,1.0,-0.9619969129562378,-0.1868707686662674
6466,32254.0,1.0,-1.8298499584197998,-0.31718575954437256
6467,32258.0,1.0,-16.018962860107422,-2.4477932453155518
6468,32261.0,1.0,-1.4707493782043457,-0.2632639706134796
6469,32262.0,1.0,-1.8421467542648315,-0.319032222032547
6470,32263.0,1.0,-29.568172454833984,-4.482314109802246
6471,32266.0,1.0,-0.2428792417049408,-0.07888954877853394
6472,32271.0,1.0,-1.1530524492263794,-0.21555925905704498
6473,32272.0,1.0,-0.7078326940536499,-0.14870598912239075
6474,32273.0,1.0,-25.6237735748291,-3.890031576156616
6475,32288.0,1.0,-0.2655291259288788,-0.08229060471057892
6476,32296.0,1.0,-2.148479461669922,-0.3650304973125458
6477,32303.0,0.0,0.677386462688446,-0.5229238271713257
6478,32304.0,1.0,-0.7569580078125,-0.15608254075050354
6479,32305.0,1.0,-2.55424427986145,-0.4259593188762665
6480,32316.0,0.0,0.14949651062488556,-0.10848355293273926
6481,32322.0,1.0,-1.2244577407836914,-0.2262813299894333
6482,32327.0,0.0,0.054329536855220795,-0.034261297434568405
6483,32337.0,0.0,1.2521367073059082,-0.9684504270553589
6484,32344.0,1.0,-0.3942054808139801,-0.101612389087677
6485,32349.0,1.0,-1.554245948791504,-0.2758016586303711
6486,32357.0,1.0,-1.652104377746582,-0.2904958426952362
6487,32360.0,1.0,-0.6247671842575073,-0.13623304665088654
6488,32363.0,0.0,0.9707212448120117,-0.7489699721336365
6489,32366.0,1.0,-0.4003686010837555,-0.10253782570362091
6490,32369.0,1.0,-1.0857877731323242,-0.20545893907546997
6491,32370.0,1.0,-0.3376476764678955,-0.0931197851896286
6492,32371.0,0.0,0.052744463086128235,-0.1884136199951172
6493,32372.0,1.0,-2.0344650745391846,-0.3479103446006775
6494,32380.0,1.0,-0.9174405932426453,-0.18018028140068054
6495,32386.0,1.0,-1.62916898727417,-0.2870519161224365
6496,32393.0,0.0,2.102534532546997,-1.6256792545318604
6497,32400.0,1.0,-1.0210763216018677,-0.19574201107025146
6498,32403.0,1.0,-23.60874366760254,-3.587458848953247
6499,32406.0,1.0,-1.0269601345062256,-0.1966255009174347
6500,32407.0,1.0,-1.0316616296768188,-0.19733145833015442
6501,32411.0,1.0,-2.0267233848571777,-0.34674790501594543
6502,32417.0,1.0,-1.3622013330459595,-0.24696463346481323
6503,32423.0,1.0,-0.9658476114273071,-0.18744897842407227
6504,32424.0,1.0,-2.8750321865081787,-0.47412818670272827
6505,32427.0,0.0,0.2934556007385254,-0.2207595556974411
6506,32431.0,1.0,-1.6962392330169678,-0.2971230447292328
6507,32440.0,1.0,-1.2387104034423828,-0.22842147946357727
6508,32442.0,1.0,-2.412163257598877,-0.40462473034858704
6509,32454.0,1.0,-1.3731002807617188,-0.24860119819641113
6510,32460.0,0.0,0.054329536855220795,-0.034261297434568405
6511,32464.0,1.0,-1.4623490571975708,-0.2620025873184204
6512,32472.0,1.0,-0.9807069301605225,-0.18968023359775543
6513,32479.0,0.0,0.5770320892333984,-0.44192543625831604
6514,32483.0,1.0,-1.618688941001892,-0.28547826409339905
6515,32486.0,0.0,0.13949063420295715,-0.10067981481552124
6516,32488.0,0.0,0.14271289110183716,-0.10319289565086365
6517,32497.0,1.0,-0.6398326754570007,-0.13849525153636932
6518,32498.0,1.0,-0.864712655544281,-0.1722627580165863
6519,32503.0,1.0,-1.1298102140426636,-0.21206925809383392
6520,32504.0,1.0,-1.610459804534912,-0.2842426002025604
6521,32511.0,1.0,-29.946542739868164,-4.539129734039307
6522,32513.0,1.0,-26.04304313659668,-3.9529881477355957
6523,32536.0,1.0,-0.7930629849433899,-0.16150398552417755
6524,32539.0,1.0,-0.26387909054756165,-0.1187751442193985
6525,32541.0,1.0,-1.152979850769043,-0.21554836630821228
6526,32542.0,0.0,0.054329536855220795,-0.034261297434568405
6527,32547.0,0.0,0.054329536855220795,-0.034261297434568405
6528,32549.0,1.0,-0.8708161115646362,-0.1731792390346527
6529,32559.0,0.0,0.7800464034080505,-0.60025954246521
6530,32562.0,0.0,0.054329536855220795,-0.034261297434568405
6531,32563.0,1.0,-1.860037922859192,-0.321718692779541
6532,32565.0,1.0,-21.542600631713867,-3.2772111892700195
6533,32566.0,0.0,0.11878126859664917,-0.08452823758125305
6534,32570.0,1.0,-1.4927395582199097,-0.2665659487247467
6535,32571.0,1.0,-2.5356273651123047,-0.42316383123397827
6536,32581.0,1.0,-0.5737774968147278,-0.12857654690742493
6537,32586.0,1.0,-0.3915245532989502,-0.10120981931686401
6538,32587.0,1.0,-1.3879921436309814,-0.2508372962474823
6539,32590.0,1.0,-0.8975316286087036,-0.17719078063964844
6540,32599.0,1.0,-1.8977961540222168,-0.3273884057998657
6541,32604.0,1.0,-0.17610791325569153,-0.13948488235473633
6542,32607.0,1.0,-2.8467884063720703,-0.4698871076107025
6543,32610.0,1.0,-0.7704595327377319,-0.1581099033355713
6544,32611.0,1.0,-1.1821470260620117,-0.21992804110050201
6545,32614.0,1.0,-0.6985417008399963,-0.22303719818592072
6546,32620.0,0.0,1.3780714273452759,-1.06666898727417
6547,32622.0,0.0,0.1570458710193634,-0.1143714189529419
6548,32624.0,1.0,-0.7047199010848999,-0.14823856949806213
6549,32625.0,1.0,-1.743996024131775,-0.3042941093444824
6550,32629.0,0.0,0.054329536855220795,-0.034261297434568405
6551,32631.0,1.0,-1.951844334602356,-0.3355041742324829
6552,32632.0,1.0,-0.32881245017051697,-0.09179310500621796
6553,32633.0,1.0,-1.3524107933044434,-0.24549448490142822
6554,32634.0,1.0,-1.4891496896743774,-0.26602691411972046
6555,32638.0,1.0,-0.49112245440483093,-0.11616523563861847
6556,32640.0,1.0,-0.8750534653663635,-0.17381551861763
6557,32646.0,1.0,-2.154850482940674,-0.3659871816635132
6558,32655.0,1.0,-0.7421163320541382,-0.15385393798351288
6559,32673.0,1.0,-0.811453104019165,-0.16426540911197662
6560,32677.0,0.0,0.054329536855220795,-0.034261297434568405
6561,32681.0,1.0,-20.430217742919922,-3.110177993774414
6562,32686.0,1.0,-1.154026746749878,-0.21570555865764618
6563,32687.0,0.0,0.8260961174964905,-0.6361744999885559
6564,32690.0,1.0,-0.17617931962013245,-0.06887403130531311
6565,32693.0,1.0,-1.758971929550171,-0.30654284358024597
6566,32697.0,1.0,-1.0484007596969604,-0.19984497129917145
6567,32707.0,1.0,-1.263813853263855,-0.23219096660614014
6568,32719.0,1.0,-1.8039755821228027,-0.3133005201816559
6569,32730.0,1.0,-1.3525770902633667,-0.2455194592475891
6570,32734.0,1.0,-2.317189931869507,-0.39036375284194946
6571,32741.0,1.0,-0.7614917159080505,-0.15676331520080566
6572,32743.0,1.0,-1.2464569807052612,-0.2295846939086914
6573,32744.0,1.0,-0.22132349014282227,-0.07565278559923172
6574,32745.0,1.0,-0.26206934452056885,-0.0935402512550354
6575,32747.0,1.0,-0.9448843002319336,-0.18430116772651672
6576,32749.0,1.0,-1.941646933555603,-0.3339729607105255
6577,32758.0,1.0,-0.4843829572200775,-0.1151532381772995
6578,32759.0,0.0,0.054329536855220795,-0.034261297434568405
6579,32762.0,0.0,0.054329536855220795,-0.034261297434568405
6580,32776.0,1.0,-1.7994226217269897,-0.31261685490608215
6581,32779.0,1.0,-0.5521384477615356,-0.12532725930213928
6582,32780.0,1.0,-2.2780966758728027,-0.38449355959892273
6583,32781.0,1.0,-28.971904754638672,-4.39277982711792
6584,32783.0,1.0,-0.820286214351654,-0.1655917763710022
6585,32786.0,0.0,0.5043213367462158,-0.38521715998649597
6586,32787.0,1.0,-2.3118817806243896,-0.38956665992736816
6587,32803.0,1.0,-2.130570411682129,-0.3623413145542145
6588,32810.0,0.0,0.054329536855220795,-0.034261297434568405
6589,32814.0,1.0,-2.8452084064483643,-0.46964988112449646
6590,32822.0,1.0,-1.290062427520752,-0.2361323982477188
6591,32824.0,0.0,0.057409487664699554,-0.03666340187191963
6592,32825.0,1.0,-0.5462686419487,-0.2676571011543274
6593,32826.0,1.0,-3.912580728530884,-0.6299242973327637
6594,32832.0,1.0,-1.330458164215088,-0.2421981245279312
6595,32836.0,1.0,-1.758054494857788,-0.30640509724617004
6596,32852.0,1.0,-0.36398035287857056,-0.09707383811473846
6597,32854.0,1.0,-0.8568797707557678,-0.17108659446239471
6598,32855.0,1.0,-0.49963316321372986,-0.11744318902492523
6599,32856.0,0.0,0.054329536855220795,-0.034261297434568405
6600,32866.0,1.0,-0.9844552278518677,-0.19024306535720825
6601,32867.0,1.0,-0.3533659875392914,-0.09548000991344452
6602,32875.0,1.0,-1.7310068607330322,-0.3023436963558197
6603,32885.0,1.0,-1.165055274963379,-0.21736156940460205
6604,32893.0,1.0,-3.3614630699157715,-0.5471696257591248
6605,32894.0,1.0,-22.238126754760742,-3.38165020942688
6606,32896.0,1.0,-0.7453965544700623,-0.1543464958667755
6607,32898.0,1.0,-0.7258645296096802,-0.15141360461711884
6608,32908.0,1.0,-2.029266834259033,-0.34712982177734375
6609,32912.0,1.0,-1.1828597784042358,-0.22003507614135742
6610,32916.0,1.0,-1.4594340324401855,-0.26156488060951233
6611,32919.0,1.0,-24.052061080932617,-3.654026746749878
6612,32930.0,1.0,-1.810859203338623,-0.3143341541290283
6613,32936.0,1.0,-2.0645439624786377,-0.3524269163608551
6614,32939.0,1.0,-2.044480085372925,-0.3494141697883606
6615,32947.0,0.0,0.054329536855220795,-0.034261297434568405
6616,32948.0,1.0,-22.23280143737793,-3.380850315093994
6617,32949.0,1.0,-27.936683654785156,-4.237333297729492
6618,32950.0,1.0,-2.057180881500244,-0.3513213098049164
6619,32956.0,1.0,-27.282777786254883,-4.139143943786621
6620,32960.0,1.0,-1.1153427362442017,-0.20989684760570526
6621,32965.0,1.0,-0.4328882396221161,-0.1074209064245224
6622,32972.0,1.0,-3.0725059509277344,-0.5037804245948792
6623,32974.0,1.0,-1.7773447036743164,-0.3093016743659973
6624,32976.0,1.0,-1.6981767416000366,-0.29741397500038147
6625,32983.0,1.0,-2.301002264022827,-0.38793304562568665
6626,32988.0,1.0,-0.9573006629943848,-0.18616557121276855
6627,32991.0,0.0,0.054329536855220795,-0.034261297434568405
6628,32994.0,1.0,-1.9042458534240723,-0.32835689187049866
6629,32998.0,1.0,-1.0728256702423096,-0.20351257920265198
6630,32999.0,1.0,-0.8780941963195801,-0.1742721050977707
6631,33005.0,0.0,1.7712056636810303,-1.373280644416809
6632,33013.0,1.0,-1.5852347612380981,-0.2804548442363739
6633,33017.0,0.0,0.3847932517528534,-0.29199525713920593
6634,33021.0,1.0,-1.0723103284835815,-0.20343519747257233
6635,33029.0,1.0,-1.4443893432617188,-0.25930580496788025
6636,33030.0,1.0,-0.5909851789474487,-0.1311604082584381
6637,33033.0,1.0,-1.9664477109909058,-0.33769699931144714
6638,33034.0,1.0,-1.8813567161560059,-0.3249199092388153
6639,33035.0,1.0,-2.5536744594573975,-0.4258737564086914
6640,33038.0,1.0,-0.9282971024513245,-0.18181046843528748
6641,33039.0,1.0,-26.052860260009766,-3.9544625282287598
6642,33040.0,1.0,-1.9183259010314941,-0.33047109842300415
6643,33043.0,1.0,-1.7129614353179932,-0.29963403940200806
6644,33046.0,0.0,0.7845658659934998,-0.6037843227386475
6645,33056.0,1.0,-21.654863357543945,-3.2940683364868164
6646,33057.0,1.0,-0.21731466054916382,-0.07505082339048386
6647,33066.0,1.0,-1.3000458478927612,-0.23763148486614227
6648,33070.0,1.0,-1.4982022047042847,-0.26738622784614563
6649,33076.0,1.0,-1.3517603874206543,-0.24539683759212494
6650,33085.0,1.0,-25.071861267089844,-3.807157516479492
6651,33087.0,1.0,-0.2544410526752472,-0.08062565326690674
6652,33090.0,1.0,-1.3625614643096924,-0.2470186948776245
6653,33091.0,1.0,-0.6828173398971558,-0.14494973421096802
6654,33093.0,1.0,-2.3566393852233887,-0.39628735184669495
6655,33108.0,1.0,-1.68693208694458,-0.2957255244255066
6656,33109.0,1.0,-1.902033805847168,-0.3280247449874878
6657,33111.0,1.0,-2.0416629314422607,-0.34899118542671204
6658,33123.0,0.0,0.03212067484855652,-0.03759613260626793
6659,33130.0,1.0,-1.8011913299560547,-0.3128824234008789
6660,33136.0,0.0,0.054329536855220795,-0.034261297434568405
6661,33138.0,0.0,2.045687198638916,-1.587353229522705
6662,33139.0,1.0,-0.5434568524360657,-0.12402364611625671
6663,33143.0,0.0,0.27949798107147217,-0.20987381041049957
6664,33146.0,1.0,-0.3598532974720001,-0.09645412862300873
6665,33150.0,0.0,-0.14425352215766907,-0.17424137890338898
6666,33152.0,1.0,-2.2987935543060303,-0.3876013457775116
6667,33155.0,0.0,0.5058274269104004,-0.3863917589187622
6668,33157.0,1.0,-1.5088331699371338,-0.26898255944252014
6669,33159.0,1.0,-1.2331408262252808,-0.22758515179157257
6670,33165.0,1.0,-1.738745093345642,-0.30350562930107117
6671,33167.0,1.0,-0.8486902117729187,-0.16985686123371124
6672,33170.0,1.0,-1.25125253200531,-0.2303047925233841
6673,33175.0,0.0,0.08224242180585861,-0.0560310035943985
6674,33179.0,1.0,-0.9009144306182861,-0.1776987463235855
6675,33180.0,1.0,-0.254772812128067,-0.08067546784877777
6676,33181.0,1.0,-0.74348384141922,-0.1540592908859253
6677,33183.0,1.0,-3.2234668731689453,-0.5264484286308289
6678,33189.0,1.0,-26.90605354309082,-4.082576274871826
6679,33192.0,1.0,-1.8059002161026,-0.31358951330184937
6680,33197.0,1.0,-1.769896388053894,-0.3081832528114319
6681,33198.0,0.0,0.47291702032089233,-0.36072438955307007
6682,33207.0,1.0,-0.5363041162490845,-0.12294961512088776
6683,33210.0,0.0,0.040924135595560074,-0.036274224519729614
6684,33212.0,1.0,-0.08442310243844986,-0.0550961047410965
6685,33213.0,1.0,-1.6976618766784668,-0.2973366677761078
6686,33215.0,0.0,0.4867892563343048,-0.3715435564517975
6687,33222.0,1.0,-0.8736045956611633,-0.17359794676303864
6688,33226.0,1.0,-1.2175559997558594,-0.22524498403072357
6689,33231.0,1.0,-28.002033233642578,-4.247146129608154
6690,33244.0,1.0,-2.228517532348633,-0.37704887986183167
6691,33251.0,1.0,-0.6740903258323669,-0.14363931119441986
6692,33263.0,1.0,-1.469507098197937,-0.26307740807533264
6693,33264.0,1.0,-1.2437149286270142,-0.229172945022583
6694,33268.0,1.0,-0.6637786030769348,-0.14209091663360596
6695,33274.0,0.0,0.3015918433666229,-0.22710515558719635
6696,33276.0,1.0,-26.25368309020996,-3.9846174716949463
6697,33277.0,1.0,-1.5515570640563965,-0.2753978669643402
6698,33278.0,0.0,0.054329536855220795,-0.034261297434568405
6699,33286.0,0.0,0.054329536855220795,-0.034261297434568405
6700,33288.0,1.0,-1.3571006059646606,-0.24619869887828827
6701,33291.0,1.0,-24.239158630371094,-3.6821208000183105
6702,33292.0,1.0,-1.1073521375656128,-0.20869700610637665
6703,33295.0,1.0,-0.8198416233062744,-0.16552501916885376
6704,33306.0,1.0,-0.2530040740966797,-0.08040986955165863
6705,33309.0,1.0,-0.38612550497055054,-0.10039910674095154
6706,33310.0,0.0,0.054329536855220795,-0.034261297434568405
6707,33311.0,1.0,-29.760896682739258,-4.511253356933594
6708,33318.0,1.0,-2.0761191844940186,-0.35416504740715027
6709,33319.0,0.0,0.029482070356607437,-0.037992339581251144
6710,33323.0,1.0,-1.3705252408981323,-0.24821452796459198
6711,33325.0,1.0,-1.6873326301574707,-0.2957856357097626
6712,33332.0,0.0,0.054329536855220795,-0.034261297434568405
6713,33342.0,1.0,-2.7186293601989746,-0.45064303278923035
6714,33362.0,0.0,0.06267641484737396,-0.040771160274744034
6715,33365.0,1.0,-1.0074536800384521,-0.19369645416736603
6716,33369.0,1.0,-1.1655840873718262,-0.21744099259376526
6717,33373.0,1.0,-1.8712128400802612,-0.3233967125415802
6718,33374.0,1.0,-2.2082161903381348,-0.3740004599094391
6719,33378.0,0.0,0.30670133233070374,-0.23109011352062225
6720,33380.0,1.0,-0.7890177369117737,-0.16089656949043274
6721,33383.0,1.0,-0.9304167628288269,-0.18212875723838806
6722,33386.0,0.0,0.2986503839492798,-0.22481104731559753
6723,33391.0,1.0,-0.5667440891265869,-0.12752041220664978
6724,33394.0,0.0,0.42666101455688477,-0.32464858889579773
6725,33395.0,0.0,0.5315921306610107,-0.40648606419563293
6726,33396.0,1.0,-1.4873857498168945,-0.265762060880661
6727,33404.0,1.0,-1.056934118270874,-0.2011263370513916
6728,33406.0,1.0,-1.379929780960083,-0.24962669610977173
6729,33414.0,1.0,-2.279043436050415,-0.3846357464790344
6730,33421.0,1.0,-1.0010671615600586,-0.19273747503757477
6731,33429.0,0.0,1.4635778665542603,-1.1333568096160889
6732,33431.0,1.0,-1.2368801832199097,-0.22814665734767914
6733,33434.0,1.0,-20.320741653442383,-3.0937392711639404
6734,33443.0,1.0,-1.5431514978408813,-0.2741357386112213
6735,33449.0,1.0,-0.5921110510826111,-0.1313294619321823
6736,33452.0,1.0,-0.8251023888587952,-0.166314959526062
6737,33463.0,1.0,-1.1202266216278076,-0.21063019335269928
6738,33484.0,1.0,-0.8460211753845215,-0.1694560945034027
6739,33485.0,1.0,-0.2678280770778656,-0.1610294133424759
6740,33498.0,1.0,-0.46513089537620544,-0.11226239800453186
6741,33499.0,0.0,0.08059364557266235,-0.05474510043859482
6742,33503.0,1.0,-1.560491681098938,-0.2767394781112671
6743,33521.0,1.0,-1.9627577066421509,-0.3371429145336151
6744,33524.0,1.0,-2.0737810134887695,-0.35381394624710083
6745,33530.0,0.0,0.054329536855220795,-0.034261297434568405
6746,33532.0,1.0,-0.9782004356384277,-0.18930384516716003
6747,33533.0,0.0,0.05400160327553749,-0.034310538321733475
6748,33555.0,0.0,0.054329536855220795,-0.034261297434568405
6749,33557.0,1.0,-1.3288288116455078,-0.24195347726345062
6750,33559.0,1.0,-2.4694652557373047,-0.4132290482521057
6751,33560.0,1.0,-0.8330461978912354,-0.16750778257846832
6752,33574.0,1.0,-0.5916532278060913,-0.1312607228755951
6753,33576.0,1.0,-1.0211920738220215,-0.1957593858242035
6754,33582.0,1.0,-1.9596158266067505,-0.3366711139678955
6755,33591.0,1.0,-0.8841885924339294,-0.17518723011016846
6756,33592.0,1.0,-28.99102783203125,-4.395651817321777
6757,33593.0,1.0,-1.202236533164978,-0.22294464707374573
6758,33598.0,1.0,-1.0017998218536377,-0.3382628262042999
6759,33599.0,1.0,-0.8837295770645142,-0.17511829733848572
6760,33605.0,1.0,-1.2562437057495117,-0.23105424642562866
6761,33606.0,1.0,-2.0771067142486572,-0.35431334376335144
6762,33633.0,1.0,-1.2262080907821655,-0.22654415667057037
6763,33641.0,0.0,0.06968594342470169,-0.2788983881473541
6764,33642.0,1.0,-2.2676496505737305,-0.3829248547554016
6765,33651.0,0.0,0.1057681292295456,-0.0743790864944458
6766,33653.0,1.0,-1.6469461917877197,-0.2897213101387024
6767,33656.0,0.0,0.054329536855220795,-0.034261297434568405
6768,33663.0,0.0,1.4460986852645874,-1.1197245121002197
6769,33673.0,1.0,-0.9107253551483154,-0.17917193472385406
6770,33675.0,1.0,-3.2504379749298096,-0.5304983258247375
6771,33676.0,1.0,-1.432484745979309,-0.2575182318687439
6772,33688.0,1.0,-1.0798503160476685,-0.20456738770008087
6773,33689.0,1.0,-2.2210793495178223,-0.375931978225708
6774,33693.0,1.0,-0.7098694443702698,-0.14901182055473328
6775,33694.0,1.0,-1.8618183135986328,-0.32198604941368103
6776,33696.0,1.0,-1.1619856357574463,-0.21690064668655396
6777,33703.0,1.0,-0.8363436460494995,-0.1680029332637787
6778,33709.0,1.0,-2.0131094455718994,-0.34470364451408386
6779,33712.0,1.0,-2.013023853302002,-0.3446907699108124
6780,33713.0,1.0,-3.957990884780884,-0.6367430090904236
6781,33714.0,1.0,-0.8130496740341187,-0.16450515389442444
6782,33718.0,1.0,-1.83323073387146,-0.31769341230392456
6783,33724.0,1.0,-0.12514063715934753,-0.061210162937641144
6784,33729.0,0.0,0.138226717710495,-0.09969405829906464
6785,33730.0,1.0,-0.7425634860992432,-0.15392108261585236
6786,33732.0,1.0,-2.473862886428833,-0.41388940811157227
6787,33733.0,1.0,-0.8066322803497314,-0.1635415256023407
6788,33738.0,1.0,-1.816483497619629,-0.31517869234085083
6789,33741.0,1.0,-1.9559177160263062,-0.3361158072948456
6790,33742.0,1.0,-1.739206075668335,-0.3035748600959778
6791,33757.0,1.0,-2.2028841972351074,-0.37319982051849365
6792,33761.0,1.0,-4.863657474517822,-0.7727358937263489
6793,33762.0,1.0,-0.44970038533210754,-0.1099453866481781
6794,33764.0,1.0,-0.4320982098579407,-0.10730227828025818
6795,33769.0,0.0,0.054329536855220795,-0.034261297434568405
6796,33773.0,1.0,-0.5469327569007874,-0.12454558908939362
6797,33783.0,1.0,-1.8529856204986572,-0.3206597566604614
6798,33787.0,1.0,-3.4288368225097656,-0.5572863221168518
6799,33790.0,1.0,-1.459986925125122,-0.26164788007736206
6800,33798.0,0.0,-0.12601926922798157,-0.6948255300521851
6801,33803.0,0.0,0.054329536855220795,-0.034261297434568405
6802,33806.0,1.0,-1.3010858297348022,-0.2377876490354538
6803,33809.0,1.0,-0.7868938446044922,-0.160577654838562
6804,33811.0,0.0,0.054329536855220795,-0.034261297434568405
6805,33823.0,1.0,-0.657558798789978,-0.14115697145462036
6806,33829.0,0.0,0.35300952196121216,-0.267206609249115
6807,33835.0,1.0,-1.315663456916809,-0.23997658491134644
6808,33845.0,1.0,-1.388733983039856,-0.2509486973285675
6809,33847.0,0.0,0.19071915745735168,-0.1406337469816208
6810,33848.0,0.0,0.17440465092658997,-0.1279098093509674
6811,33856.0,1.0,-2.2349510192871094,-0.3780149221420288
6812,33861.0,0.0,0.054329536855220795,-0.034261297434568405
6813,33869.0,0.0,0.054329536855220795,-0.034261297434568405
6814,33882.0,1.0,-1.3967119455337524,-0.2521466612815857
6815,33885.0,1.0,-1.7798519134521484,-0.30967816710472107
6816,33886.0,1.0,-1.6682337522506714,-0.29291778802871704
6817,33891.0,1.0,-2.443500280380249,-0.40933024883270264
6818,33892.0,1.0,-1.3057831525802612,-0.23849299550056458
6819,33895.0,1.0,-1.8660997152328491,-0.3226289451122284
6820,33896.0,1.0,-1.3542977571487427,-0.24577784538269043
6821,33898.0,1.0,-1.4741947650909424,-0.2637813091278076
6822,33899.0,1.0,-1.8382209539413452,-0.3184427320957184
6823,33900.0,1.0,-1.4479540586471558,-0.25984108448028564
6824,33901.0,0.0,0.41073837876319885,-0.31223025918006897
6825,33906.0,1.0,-0.8658620119094849,-0.17243534326553345
6826,33913.0,1.0,-2.2407259941101074,-0.3788820505142212
6827,33922.0,1.0,-1.2113280296325684,-0.2243098020553589
6828,33926.0,1.0,-0.4000886082649231,-0.10249577462673187
6829,33928.0,1.0,-1.2928285598754883,-0.23654775321483612
6830,33932.0,1.0,-0.8762751221656799,-0.17399895191192627
6831,33939.0,1.0,-0.5026108026504517,-0.11789029836654663
6832,33940.0,1.0,-0.8932170271873474,-0.17654292285442352
6833,33941.0,1.0,-0.5402229428291321,-0.1235380619764328
6834,33945.0,0.0,0.07103180885314941,-0.04728767275810242
6835,33946.0,1.0,-1.2530946731567383,-0.2305813878774643
6836,33952.0,1.0,-28.980697631835938,-4.394100666046143
6837,33956.0,0.0,-0.04786650091409683,-0.049606841057538986
6838,33958.0,1.0,-2.3415234088897705,-0.3940175771713257
6839,33959.0,1.0,-2.032327175140381,-0.34758931398391724
6840,33976.0,1.0,-1.3457359075546265,-0.24449220299720764
6841,33979.0,1.0,-1.8660266399383545,-0.3226179778575897
6842,33981.0,1.0,-24.002458572387695,-3.646578311920166
6843,33986.0,0.0,0.06034107506275177,-0.48607996106147766
6844,33989.0,1.0,-1.018293857574463,-0.19532418251037598
6845,34018.0,1.0,-0.8963711261749268,-0.17701652646064758
6846,34022.0,0.0,0.054329536855220795,-0.034261297434568405
6847,34025.0,1.0,-28.01712417602539,-4.2494120597839355
6848,34028.0,1.0,-2.4862427711486816,-0.41574832797050476
6849,34035.0,1.0,-0.9539611339569092,-0.1856641173362732
6850,34040.0,1.0,-0.20873019099235535,-0.07376179844141006
6851,34041.0,1.0,-1.7136667966842651,-0.29973992705345154
6852,34044.0,1.0,-2.0468757152557373,-0.3497738838195801
6853,34046.0,0.0,0.4641876816749573,-0.3539162278175354
6854,34049.0,1.0,-2.1535379886627197,-0.36579009890556335
6855,34051.0,1.0,-2.121358633041382,-0.36095812916755676
6856,34053.0,1.0,-1.1931580305099487,-0.22158144414424896
6857,34054.0,0.0,0.054329536855220795,-0.034261297434568405
6858,34055.0,1.0,-1.4451205730438232,-0.2594155967235565
6859,34064.0,1.0,-25.89599609375,-3.930907964706421
6860,34067.0,1.0,-3.2347233295440674,-0.5281386375427246
6861,34068.0,0.0,0.054329536855220795,-0.034261297434568405
6862,34083.0,1.0,-23.37686538696289,-3.552640438079834
6863,34089.0,1.0,-2.895732879638672,-0.4772365391254425
6864,34096.0,1.0,-1.1451222896575928,-0.21436849236488342
6865,34102.0,1.0,-0.8317068815231323,-0.16730667650699615
6866,34104.0,1.0,-0.9284250140190125,-0.18182967603206635
6867,34116.0,0.0,0.6565472483634949,-0.5039405822753906
6868,34118.0,1.0,-1.7148723602294922,-0.2999209761619568
6869,34121.0,0.0,0.5114592909812927,-0.3907841145992279
6870,34126.0,1.0,-0.5154715776443481,-0.1198214441537857
6871,34131.0,1.0,-1.265602469444275,-0.23245953023433685
6872,34134.0,1.0,-1.2881906032562256,-0.23585133254528046
6873,34137.0,1.0,-0.7485526204109192,-0.15482041239738464
6874,34142.0,0.0,0.054329536855220795,-0.034261297434568405
6875,34143.0,1.0,-0.9648773670196533,-0.18730328977108002
6876,34153.0,1.0,-1.2168729305267334,-0.22514241933822632
6877,34175.0,0.0,0.054329536855220795,-0.034261297434568405
6878,34177.0,1.0,-0.646764874458313,-0.13953617215156555
6879,34185.0,1.0,-3.2661008834838867,-0.5328502058982849
6880,34186.0,1.0,-1.5012568235397339,-0.26784488558769226
6881,34190.0,1.0,-0.24480873346328735,-0.07917927950620651
6882,34191.0,1.0,-1.722930669784546,-0.3011309802532196
6883,34195.0,1.0,-1.3150814771652222,-0.2398892045021057
6884,34212.0,1.0,-0.9386033415794373,-0.18335802853107452
6885,34214.0,1.0,-0.7783392667770386,-0.15929310023784637
6886,34216.0,1.0,-0.903860330581665,-0.17814110219478607
6887,34218.0,0.0,0.32410892844200134,-0.24466659128665924
6888,34224.0,0.0,0.18093883991241455,-0.13300593197345734
6889,34228.0,0.0,0.2888697385787964,-0.2171829640865326
6890,34229.0,1.0,-1.4392333030700684,-0.2585315704345703
6891,34233.0,1.0,-2.144335985183716,-0.36440831422805786
6892,34242.0,1.0,-1.2056950330734253,-0.2234639674425125
6893,34245.0,1.0,-0.1942579448223114,-0.14399588108062744
6894,34249.0,1.0,-0.2770586907863617,-0.08402186632156372
6895,34251.0,0.0,-0.2548818290233612,-0.385423868894577
6896,34262.0,1.0,-0.18289253115653992,-0.06988206505775452
6897,34276.0,1.0,-1.9928988218307495,-0.34166884422302246
6898,34280.0,0.0,0.3575972318649292,-0.2707846164703369
6899,34285.0,1.0,-1.049890398979187,-0.2000686675310135
6900,34288.0,1.0,-1.6373177766799927,-0.28827551007270813
6901,34313.0,1.0,-0.2890664339065552,-0.17290157079696655
6902,34317.0,1.0,-1.4944536685943604,-0.26682335138320923
6903,34325.0,1.0,-1.9606939554214478,-0.33683300018310547
6904,34330.0,1.0,-0.9553357362747192,-0.18587052822113037
6905,34344.0,1.0,-1.1997835636138916,-0.222576305270195
6906,34350.0,1.0,-0.3394215703010559,-0.23834457993507385
6907,34359.0,0.0,0.8680382370948792,-0.6688857674598694
6908,34360.0,0.0,0.6018502712249756,-0.46128150820732117
6909,34365.0,1.0,-3.9117181301116943,-0.6297947764396667
6910,34373.0,1.0,-0.6050174832344055,-0.2263529747724533
6911,34381.0,1.0,-0.8830804824829102,-0.17502082884311676
6912,34387.0,1.0,-0.8238452076911926,-0.16612619161605835
6913,34392.0,1.0,-0.9222331643104553,-0.18089991807937622
6914,34399.0,1.0,-0.5003781318664551,-0.11755503714084625
6915,34403.0,1.0,-0.24019259214401245,-0.0784861296415329
6916,34410.0,1.0,-0.6272731423377991,-0.13660933077335358
6917,34416.0,1.0,-1.0568513870239258,-0.20111390948295593
6918,34428.0,0.0,0.054329536855220795,-0.034261297434568405
6919,34431.0,1.0,-2.658881902694702,-0.4416714906692505
6920,34437.0,1.0,-1.0201491117477417,-0.19560277462005615
6921,34439.0,1.0,-24.773502349853516,-3.762356758117676
6922,34450.0,1.0,-0.2494232952594757,-0.07987219095230103
6923,34451.0,1.0,-1.43113374710083,-0.25731536746025085
6924,34452.0,0.0,0.08021439611911774,-0.05444931238889694
6925,34456.0,1.0,-1.1884701251983643,-0.2208775132894516
6926,34459.0,0.0,0.3699679672718048,-0.4400198757648468
6927,34461.0,1.0,-1.348759412765503,-0.24494622647762299
6928,34463.0,0.0,1.492486596107483,-1.1559032201766968
6929,34464.0,1.0,-1.1559207439422607,-0.21598996222019196
6930,34468.0,1.0,-1.149588704109192,-0.21503916382789612
6931,34469.0,1.0,-0.5564895272254944,-0.12598061561584473
6932,34471.0,0.0,0.054329536855220795,-0.034261297434568405
6933,34475.0,1.0,-1.9171634912490845,-0.3302965760231018
6934,34476.0,1.0,-1.5742250680923462,-0.27880164980888367
6935,34478.0,0.0,0.18525534868240356,-0.15128543972969055
6936,34485.0,1.0,-1.4169868230819702,-0.2551910877227783
6937,34489.0,0.0,0.3585952818393707,-0.27156302332878113
6938,34491.0,1.0,-1.3992772102355957,-0.25253185629844666
6939,34493.0,1.0,-1.1188149452209473,-0.2104182243347168
6940,34494.0,1.0,-1.618890404701233,-0.28550851345062256
6941,34501.0,1.0,-0.7971715331077576,-0.16212092339992523
6942,34512.0,1.0,-0.6550447940826416,-0.14077946543693542
6943,34520.0,1.0,-2.065054416656494,-0.35250356793403625
6944,34526.0,1.0,-0.2128114402294159,-0.07437463104724884
6945,34530.0,1.0,-0.8911965489387512,-0.1762395203113556
6946,34531.0,1.0,-1.292140245437622,-0.2364443987607956
6947,34537.0,1.0,-1.2143492698669434,-0.22476345300674438
6948,34540.0,0.0,-0.01087026298046112,-0.04405156522989273
6949,34543.0,1.0,-1.8871581554412842,-0.32579103112220764
6950,34545.0,1.0,-0.8121530413627625,-0.16437050700187683
6951,34550.0,1.0,-1.1538652181625366,-0.2156812995672226
6952,34563.0,1.0,-0.3792167603969574,-0.09936170279979706
6953,34570.0,1.0,-1.457763433456421,-0.2613140344619751
6954,34573.0,1.0,-0.5465705990791321,-0.275713175535202
6955,34578.0,0.0,0.2178788185119629,-0.16181603074073792
6956,34580.0,1.0,-3.655726671218872,-0.5913556218147278
6957,34584.0,1.0,-1.1457701921463013,-0.21446576714515686
6958,34585.0,1.0,-1.867861032485962,-0.3228934109210968
6959,34588.0,1.0,-1.9848147630691528,-0.34045493602752686
6960,34595.0,1.0,-3.304853916168213,-0.5386692881584167
6961,34606.0,1.0,-1.271322250366211,-0.23331841826438904
6962,34609.0,1.0,-23.089702606201172,-3.5095207691192627
6963,34621.0,1.0,-1.7497799396514893,-0.30516260862350464
6964,34625.0,1.0,-1.7015732526779175,-0.2979239821434021
6965,34631.0,1.0,-1.8018412590026855,-0.3129800260066986
6966,34637.0,1.0,-2.27485728263855,-0.38400712609291077
6967,34641.0,1.0,-0.9469584226608276,-0.18461260199546814
6968,34643.0,1.0,-0.5126515626907349,-0.11939799785614014
6969,34650.0,1.0,-0.6273154020309448,-0.13661567866802216
6970,34653.0,1.0,-1.2896311283111572,-0.23606763780117035
6971,34656.0,1.0,-1.09086012840271,-0.2062205821275711
6972,34666.0,1.0,-1.6692701578140259,-0.2930734157562256
6973,34676.0,1.0,-1.280220627784729,-0.23465456068515778
6974,34692.0,1.0,-0.5980373024940491,-0.1322193294763565
6975,34695.0,1.0,-2.3775360584259033,-0.3994251489639282
6976,34700.0,1.0,-1.902675986289978,-0.328121155500412
6977,34701.0,0.0,0.2597082555294037,-0.19443947076797485
6978,34702.0,1.0,-0.6686241030693054,-0.14281851053237915
6979,34704.0,1.0,-28.274946212768555,-4.288125991821289
6980,34706.0,1.0,-1.3034979104995728,-0.23814983665943146
6981,34735.0,0.0,1.9149858951568604,-1.4854172468185425
6982,34747.0,1.0,-0.5288325548171997,-0.12182770669460297
6983,34755.0,1.0,-1.5460480451583862,-0.27457064390182495
6984,34758.0,1.0,-2.0830068588256836,-0.35519927740097046
6985,34765.0,1.0,-1.1812435388565063,-0.21979238092899323
6986,34773.0,1.0,-1.1931142807006836,-0.22157485783100128
6987,34774.0,1.0,-3.4453983306884766,-0.5597731471061707
6988,34776.0,0.0,0.054329536855220795,-0.034261297434568405
6989,34778.0,1.0,-1.370835304260254,-0.24826107919216156
6990,34784.0,1.0,-1.8333510160446167,-0.3177114725112915
6991,34786.0,1.0,-0.14846891164779663,-0.06471309065818787
6992,34788.0,1.0,-1.6555267572402954,-0.2910097539424896
6993,34794.0,0.0,0.054329536855220795,-0.034261297434568405
6994,34801.0,1.0,-2.5154340267181396,-0.420131653547287
6995,34805.0,0.0,0.054329536855220795,-0.034261297434568405
6996,34821.0,1.0,-2.4050214290618896,-0.4035523235797882
6997,34823.0,1.0,-1.5984596014022827,-0.2824406623840332
6998,34825.0,1.0,-0.18140578269958496,-0.06965882331132889
6999,34828.0,1.0,-0.9157619476318359,-0.17992821335792542
7000,34834.0,1.0,-1.6230037212371826,-0.28612613677978516
7001,34852.0,1.0,-2.743637800216675,-0.4543982446193695
7002,34858.0,1.0,-1.8541043996810913,-0.32082775235176086
7003,34862.0,1.0,-1.9056564569473267,-0.328568696975708
7004,34866.0,1.0,-27.73295021057129,-4.2067413330078125
7005,34872.0,1.0,-0.3749174475669861,-0.098716139793396
7006,34874.0,1.0,-1.0483596324920654,-0.1998388022184372
7007,34882.0,1.0,-0.5423132181167603,-0.12385192513465881
7008,34883.0,1.0,-0.7573369145393372,-0.15613943338394165
7009,34887.0,1.0,-0.42039984464645386,-0.10554566979408264
7010,34889.0,1.0,-1.1186615228652954,-0.2103952020406723
7011,34893.0,1.0,-0.19414538145065308,-0.07157177478075027
7012,34894.0,1.0,-1.7343785762786865,-0.30284997820854187
7013,34896.0,1.0,-2.393915891647339,-0.4018847346305847
7014,34902.0,1.0,-22.15591812133789,-3.3693058490753174
7015,34906.0,0.0,0.2810422480106354,-0.21107818186283112
7016,34909.0,1.0,-1.7936049699783325,-0.31174328923225403
7017,34912.0,1.0,-0.14352166652679443,-0.06397022306919098
7018,34913.0,1.0,-0.22551321983337402,-0.07628190517425537
7019,34914.0,1.0,-0.8403122425079346,-0.16859884560108185
7020,34916.0,1.0,-3.122018814086914,-0.5112151503562927
7021,34919.0,1.0,-1.43159818649292,-0.25738510489463806
7022,34920.0,1.0,-0.8713356256484985,-0.1732572466135025
7023,34921.0,1.0,-0.6698417067527771,-0.14300133287906647
7024,34925.0,1.0,-2.879058837890625,-0.47473278641700745
7025,34930.0,1.0,-3.365701198577881,-0.5478059649467468
7026,34933.0,1.0,-0.6449491381645203,-0.13926352560520172
7027,34936.0,1.0,-0.29055413603782654,-0.08604831993579865
7028,34940.0,0.0,0.054329536855220795,-0.034261297434568405
7029,34944.0,1.0,-2.7594709396362305,-0.4567757248878479
7030,34949.0,0.0,0.16860239207744598,-0.12338453531265259
7031,34953.0,1.0,-2.588653802871704,-0.4311261773109436
7032,34955.0,1.0,-2.0318684577941895,-0.3475204408168793
7033,34964.0,1.0,-1.1875025033950806,-0.2207322120666504
7034,34973.0,1.0,-2.359903573989868,-0.39677751064300537
7035,34979.0,1.0,-1.222822904586792,-0.22603584825992584
7036,34983.0,1.0,-1.9402793645858765,-0.3337675929069519
7037,34985.0,1.0,-1.9933356046676636,-0.3417344093322754
7038,34987.0,1.0,-1.434958577156067,-0.25788968801498413
7039,34990.0,1.0,-0.5325173139572144,-0.2833656072616577
7040,35008.0,1.0,-0.4613935053348541,-0.11170120537281036
7041,35011.0,1.0,-0.3033655285835266,-0.08797204494476318
7042,35017.0,1.0,-27.972209930419922,-4.242668151855469
7043,35020.0,1.0,-0.6123999953269958,-0.13437600433826447
7044,35021.0,0.0,0.11939141154289246,-0.08500409871339798
7045,35023.0,1.0,-0.14351889491081238,-0.06835131347179413
7046,35024.0,1.0,-0.5213693976402283,-0.12070704996585846
7047,35033.0,0.0,0.054329536855220795,-0.034261297434568405
7048,35047.0,1.0,-0.16190099716186523,-0.06673002243041992
7049,35053.0,1.0,-0.8343254327774048,-0.1676998734474182
7050,35055.0,1.0,-3.5597500801086426,-0.5769439935684204
7051,35057.0,1.0,-2.3505213260650635,-0.3953687250614166
7052,35079.0,1.0,-1.2529993057250977,-0.230567067861557
7053,35086.0,1.0,-0.9540660381317139,-0.18567988276481628
7054,35091.0,1.0,-1.7828764915466309,-0.31013229489326477
7055,35103.0,1.0,-0.8482370376586914,-0.16978880763053894
7056,35104.0,1.0,-0.9776841402053833,-0.18922631442546844
7057,35111.0,1.0,-2.64353084564209,-0.4393664002418518
7058,35119.0,1.0,-0.8853215575218201,-0.17535735666751862
7059,35121.0,1.0,-1.2843750715255737,-0.2352783977985382
7060,35126.0,1.0,-0.6027601361274719,-0.1329285055398941
7061,35128.0,1.0,-2.081137180328369,-0.354918509721756
7062,35139.0,1.0,-2.032249927520752,-0.3475777208805084
7063,35142.0,1.0,-0.9738328456878662,-0.1886480301618576
7064,35144.0,1.0,-2.082845687866211,-0.35517507791519165
7065,35147.0,0.0,0.9162448048591614,-0.7064828872680664
7066,35149.0,1.0,-0.8021216988563538,-0.16286422312259674
7067,35150.0,1.0,-1.4920954704284668,-0.266469269990921
7068,35161.0,1.0,-1.8861136436462402,-0.3256341814994812
7069,35169.0,1.0,-2.598252773284912,-0.4325675368309021
7070,35172.0,1.0,-1.2651257514953613,-0.2323879599571228
7071,35180.0,0.0,0.7965158224105835,-0.6131042838096619
7072,35181.0,0.0,0.054329536855220795,-0.034261297434568405
7073,35183.0,1.0,-1.6161980628967285,-0.28510424494743347
7074,35185.0,1.0,-1.104223608970642,-0.2082272320985794
7075,35190.0,1.0,-1.7988219261169434,-0.3125266432762146
7076,35191.0,1.0,-0.33825552463531494,-0.19105495512485504
7077,35193.0,1.0,-2.655120849609375,-0.44110673666000366
7078,35194.0,1.0,-1.6585477590560913,-0.29146337509155273
7079,35196.0,1.0,-0.1972036361694336,-0.07203099131584167
7080,35197.0,1.0,-1.2734699249267578,-0.2336409091949463
7081,35202.0,1.0,-1.2917346954345703,-0.23638351261615753
7082,35206.0,1.0,-0.9026905298233032,-0.177965447306633
7083,35217.0,1.0,-1.4461637735366821,-0.25957223773002625
7084,35224.0,1.0,-2.6231703758239746,-0.4363091289997101
7085,35226.0,1.0,-1.480248212814331,-0.2646902799606323
7086,35231.0,1.0,-1.4592894315719604,-0.2615431845188141
7087,35238.0,1.0,-1.4601528644561768,-0.26167282462120056
7088,35241.0,0.0,0.9024422764778137,-0.6957180500030518
7089,35246.0,1.0,-1.7069275379180908,-0.29872798919677734
7090,35250.0,1.0,-0.10999683290719986,-0.05893620476126671
7091,35254.0,1.0,-1.8648892641067505,-0.32244718074798584
7092,35257.0,1.0,-1.651903748512268,-0.29046571254730225
7093,35259.0,1.0,-2.3748905658721924,-0.399027943611145
7094,35260.0,1.0,-1.4492743015289307,-0.2600392997264862
7095,35261.0,1.0,-0.2452767789363861,-0.0792495608329773
7096,35268.0,1.0,-0.5845065116882324,-0.13018758594989777
7097,35270.0,1.0,-1.6324011087417603,-0.28753724694252014
7098,35271.0,1.0,-0.6458467841148376,-0.13939830660820007
7099,35272.0,1.0,-2.897796630859375,-0.4775463938713074
7100,35279.0,1.0,-0.3663526475429535,-0.09743005037307739
7101,35285.0,1.0,-1.522122859954834,-0.27097809314727783
7102,35299.0,1.0,-1.743010401725769,-0.3041461110115051
7103,35304.0,1.0,-2.4100699424743652,-0.4043103754520416
7104,35317.0,1.0,-0.640268087387085,-0.13856063783168793
7105,35329.0,1.0,-1.4383695125579834,-0.25840187072753906
7106,35340.0,1.0,-1.15854012966156,-0.21638327836990356
7107,35342.0,1.0,-1.9842301607131958,-0.3403671681880951
7108,35343.0,1.0,-0.6344104409217834,-0.24526628851890564
7109,35353.0,1.0,-30.356311798095703,-4.6006598472595215
7110,35355.0,0.0,1.1922838687896729,-0.9217701554298401
7111,35375.0,1.0,-1.3888256549835205,-0.2509624660015106
7112,35384.0,1.0,-0.5046988129615784,-0.11820381879806519
7113,35386.0,0.0,0.054329536855220795,-0.034261297434568405
7114,35387.0,0.0,-0.0027323998510837555,-0.04282959923148155
7115,35388.0,1.0,-1.4499069452285767,-0.2601343095302582
7116,35394.0,1.0,-2.7320477962493896,-0.45265790820121765
7117,35404.0,1.0,-1.646740198135376,-0.28969037532806396
7118,35407.0,1.0,-1.6311540603637695,-0.28734999895095825
7119,35409.0,0.0,0.22352126240730286,-0.1662166565656662
7120,35420.0,0.0,0.4626566767692566,-0.35272216796875
7121,35428.0,1.0,-0.2170434594154358,-0.07501010596752167
7122,35443.0,1.0,-2.450389862060547,-0.4103647470474243
7123,35455.0,1.0,-29.20241355895996,-4.427392482757568
7124,35458.0,1.0,-1.041053056716919,-0.19874165952205658
7125,35463.0,1.0,-0.562410295009613,-0.12686966359615326
7126,35464.0,1.0,-1.509379267692566,-0.2690645456314087
7127,35465.0,1.0,-2.1170711517333984,-0.3603143095970154
7128,35466.0,1.0,-1.141225814819336,-0.2137834131717682
7129,35471.0,1.0,-1.0376344919204712,-0.19822834432125092
7130,35474.0,1.0,-1.306089162826538,-0.2385389357805252
7131,35477.0,1.0,-2.2168798446655273,-0.37530139088630676
7132,35483.0,1.0,-0.8134620189666748,-0.16456706821918488
7133,35489.0,1.0,-30.01081657409668,-4.548780918121338
7134,35491.0,1.0,-1.3058255910873413,-0.23849935829639435
7135,35500.0,0.0,0.5227523446083069,-0.3995917737483978
7136,35501.0,1.0,-1.7890983819961548,-0.31106656789779663
7137,35507.0,1.0,-2.049346446990967,-0.3501449227333069
7138,35508.0,1.0,-0.9203567504882812,-0.18061816692352295
7139,35529.0,1.0,-1.8120701313018799,-0.31451597809791565
7140,35531.0,1.0,-1.3651052713394165,-0.2474006712436676
7141,35533.0,1.0,-30.48408317565918,-4.619845867156982
7142,35538.0,0.0,-0.08141078799962997,-0.19609157741069794
7143,35539.0,0.0,0.03252935782074928,-0.059321749955415726
7144,35545.0,1.0,-1.5825709104537964,-0.28005486726760864
7145,35550.0,1.0,-2.8596107959747314,-0.47181248664855957
7146,35555.0,1.0,-1.324462890625,-0.2412978857755661
7147,35558.0,1.0,-4.547657012939453,-0.7252859473228455
7148,35561.0,1.0,-0.45989754796028137,-0.15745608508586884
7149,35562.0,1.0,-29.63698387145996,-4.49264669418335
7150,35563.0,1.0,-1.5104649066925049,-0.2692275643348694
7151,35566.0,1.0,-1.617849349975586,-0.2853521704673767
7152,35568.0,1.0,-1.6214656829833984,-0.2858951985836029
7153,35579.0,1.0,-0.5569781064987183,-0.12605397403240204
7154,35582.0,1.0,-1.1061590909957886,-0.20851784944534302
7155,35583.0,0.0,0.12215783447027206,-0.08716167509555817
7156,35588.0,1.0,-1.6358697414398193,-0.2880581021308899
7157,35592.0,0.0,0.30823376774787903,-0.2322852909564972
7158,35600.0,1.0,-1.8611018657684326,-0.32187849283218384
7159,35601.0,1.0,-2.046313524246216,-0.3496894836425781
7160,35604.0,1.0,-0.7673736810684204,-0.1576465368270874
7161,35611.0,0.0,0.054329536855220795,-0.034261297434568405
7162,35612.0,1.0,-21.919231414794922,-3.3337652683258057
7163,35616.0,1.0,-2.127300500869751,-0.3618503212928772
7164,35618.0,0.0,0.0018655955791473389,-0.04213917255401611
7165,35619.0,1.0,-1.5417174100875854,-0.27392035722732544
7166,35620.0,0.0,0.6511247158050537,-0.49971145391464233
7167,35623.0,1.0,-0.9539556503295898,-0.18566329777240753
7168,35627.0,1.0,-1.4680442810058594,-0.2628577649593353
7169,35630.0,1.0,-0.5189775824546814,-0.12034790217876434
7170,35636.0,0.0,0.09370370954275131,-0.07793569564819336
7171,35647.0,1.0,-1.154250979423523,-0.21573923528194427
7172,35648.0,1.0,-1.483626127243042,-0.2651975154876709
7173,35649.0,1.0,-0.6062049865722656,-0.13344578444957733
7174,35650.0,0.0,0.6368746161460876,-0.488597571849823
7175,35662.0,1.0,-0.9200242757797241,-0.18056823313236237
7176,35667.0,1.0,-1.0854326486587524,-0.20540562272071838
7177,35668.0,1.0,-0.21278667449951172,-0.07437091320753098
7178,35679.0,1.0,-0.2928348183631897,-0.08639077842235565
7179,35681.0,1.0,-1.5478649139404297,-0.2748434841632843
7180,35683.0,0.0,0.4982469379901886,-0.3804796040058136
7181,35685.0,1.0,-1.6467958688735962,-0.2896987199783325
7182,35691.0,1.0,-1.867747187614441,-0.32287630438804626
7183,35698.0,1.0,-26.19663429260254,-3.976051092147827
7184,35699.0,0.0,0.054329536855220795,-0.034261297434568405
7185,35700.0,1.0,-1.9834476709365845,-0.3402496576309204
7186,35702.0,1.0,-1.771776795387268,-0.3084656000137329
7187,35704.0,1.0,-2.115499496459961,-0.3600783050060272
7188,35705.0,1.0,-1.2504075765609741,-0.23017790913581848
7189,35708.0,1.0,-2.193965196609497,-0.3718605637550354
7190,35718.0,0.0,0.054329536855220795,-0.034261297434568405
7191,35724.0,1.0,-2.105607271194458,-0.3585928976535797
7192,35730.0,1.0,-0.7449628710746765,-0.1542813777923584
7193,35736.0,1.0,-2.7682249546051025,-0.458090215921402
7194,35738.0,1.0,-0.6663221716880798,-0.14247286319732666
7195,35745.0,1.0,-1.7431732416152954,-0.30417054891586304
7196,35749.0,1.0,-0.9983605146408081,-0.19233104586601257
7197,35760.0,1.0,-3.9983718395233154,-0.6428064703941345
7198,35764.0,0.0,0.054329536855220795,-0.034261297434568405
7199,35784.0,1.0,-2.040363073348999,-0.34879598021507263
7200,35785.0,1.0,-0.38069769740104675,-0.09958408772945404
7201,35786.0,1.0,-0.5683556795120239,-0.12776240706443787
7202,35788.0,1.0,-0.31402769684791565,-0.08957305550575256
7203,35798.0,0.0,0.5251118540763855,-0.40143197774887085
7204,35799.0,1.0,-1.9395568370819092,-0.3336591124534607
7205,35803.0,1.0,-22.444442749023438,-3.4126298427581787
7206,35808.0,0.0,-0.0784434899687767,-0.2020580917596817
7207,35816.0,1.0,-1.3929606676101685,-0.25158336758613586
7208,35820.0,1.0,-2.751002788543701,-0.4555041790008545
7209,35821.0,1.0,-0.5166129469871521,-0.11999282240867615
7210,35823.0,1.0,-1.8446637392044067,-0.31941014528274536
7211,35839.0,1.0,-2.4797561168670654,-0.4147743284702301
7212,35844.0,1.0,-1.8366587162017822,-0.31820812821388245
7213,35846.0,1.0,-0.1592896580696106,-0.06633791327476501
7214,35861.0,1.0,-0.8514474034309387,-0.1702708750963211
7215,35862.0,0.0,0.44946250319480896,-0.34243184328079224
7216,35863.0,1.0,-1.5032660961151123,-0.2681466042995453
7217,35868.0,1.0,-0.47285935282707214,-0.11342288553714752
7218,35870.0,1.0,-1.8841279745101929,-0.3253360390663147
7219,35872.0,1.0,-2.3112759590148926,-0.3894757032394409
7220,35880.0,1.0,-0.7955643534660339,-0.16187959909439087
7221,35881.0,1.0,-1.041404366493225,-0.1987944096326828
7222,35886.0,1.0,-1.7231088876724243,-0.30115774273872375
7223,35894.0,1.0,-0.7979394793510437,-0.16223624348640442
7224,35895.0,1.0,-1.5402696132659912,-0.2737029790878296
7225,35899.0,1.0,-2.2618722915649414,-0.3820573389530182
7226,35904.0,1.0,-2.740738868713379,-0.45396295189857483
7227,35910.0,1.0,-0.6751788258552551,-0.14380274713039398
7228,35912.0,1.0,-0.4171569347381592,-0.10505872964859009
7229,35914.0,1.0,-3.0486557483673096,-0.5001991391181946
7230,35916.0,1.0,-2.4454517364501953,-0.40962326526641846
7231,35921.0,1.0,-0.6829773783683777,-0.1449737697839737
7232,35924.0,1.0,-1.0424606800079346,-0.1989530324935913
7233,35929.0,0.0,0.054329536855220795,-0.034261297434568405
7234,35932.0,1.0,-0.9091072082519531,-0.17892895638942719
7235,35934.0,1.0,-1.0798027515411377,-0.20456025004386902
7236,35936.0,1.0,-1.866898536682129,-0.32274889945983887
7237,35940.0,1.0,-0.843621551990509,-0.16909576952457428
7238,35942.0,1.0,-2.021852493286133,-0.3460164964199066
7239,35944.0,1.0,-1.5432344675064087,-0.274148166179657
7240,35954.0,1.0,-2.0407092571258545,-0.3488479554653168
7241,35959.0,0.0,0.02108098194003105,-0.039253830909729004
7242,35961.0,0.0,0.054329536855220795,-0.034261297434568405
7243,35965.0,1.0,-2.1964199542999268,-0.3722291588783264
7244,35972.0,1.0,-0.8421869277954102,-0.16888034343719482
7245,35980.0,1.0,-0.538422703742981,-0.12326774001121521
7246,35989.0,1.0,-0.9411571025848389,-0.183741495013237
7247,36001.0,1.0,-1.9905732870101929,-0.34131965041160583
7248,36007.0,1.0,-0.8736733198165894,-0.17360827326774597
7249,36025.0,0.0,-0.17964467406272888,-1.01333487033844
7250,36028.0,0.0,0.31540215015411377,-0.2378760427236557
7251,36032.0,1.0,-1.3871990442276,-0.25071820616722107
7252,36033.0,1.0,-0.8029884696006775,-0.162994384765625
7253,36035.0,1.0,-0.818734884262085,-0.16535882651805878
7254,36044.0,1.0,-1.6573588848114014,-0.29128485918045044
7255,36045.0,1.0,-2.179758071899414,-0.3697272539138794
7256,36047.0,0.0,0.054329536855220795,-0.034261297434568405
7257,36051.0,1.0,-1.9587396383285522,-0.3365395665168762
7258,36062.0,1.0,-1.7539246082305908,-0.3057849705219269
7259,36070.0,1.0,-1.9260963201522827,-0.3316378891468048
7260,36082.0,0.0,0.22323745489120483,-0.16599531471729279
7261,36092.0,0.0,0.054329536855220795,-0.034261297434568405
7262,36093.0,1.0,-0.19539830088615417,-0.0717599093914032
7263,36097.0,1.0,-29.991289138793945,-4.545848846435547
7264,36098.0,0.0,0.054329536855220795,-0.034261297434568405
7265,36109.0,1.0,-1.2133361101150513,-0.2246113419532776
7266,36115.0,0.0,0.054329536855220795,-0.034261297434568405
7267,36119.0,1.0,-0.32140254974365234,-0.09068045020103455
7268,36120.0,0.0,0.054329536855220795,-0.034261297434568405
7269,36122.0,0.0,0.054329536855220795,-0.034261297434568405
7270,36128.0,0.0,0.054329536855220795,-0.034261297434568405
7271,36129.0,0.0,0.6088613271713257,-0.46674954891204834
7272,36130.0,0.0,0.07469190657138824,-0.050142236053943634
7273,36135.0,1.0,-1.3938541412353516,-0.25171753764152527
7274,36137.0,1.0,-0.6297794580459595,-0.1369856745004654
7275,36145.0,1.0,-0.44533562660217285,-0.1092899739742279
7276,36148.0,0.0,0.38797062635421753,-0.2944733500480652
7277,36156.0,0.0,0.054329536855220795,-0.034261297434568405
7278,36158.0,1.0,-1.9570502042770386,-0.33628588914871216
7279,36167.0,1.0,-0.3201958239078522,-0.09049925208091736
7280,36171.0,1.0,-1.6137052774429321,-0.28472989797592163
7281,36173.0,1.0,-1.5504838228225708,-0.27523672580718994
7282,36185.0,1.0,-0.8346136808395386,-0.16774316132068634
7283,36192.0,0.0,0.11426740884780884,-0.08100780844688416
7284,36197.0,1.0,-2.2119131088256836,-0.3745555877685547
7285,36205.0,1.0,-0.9075870513916016,-0.17870068550109863
7286,36212.0,0.0,0.4163319170475006,-0.3165927529335022
7287,36216.0,1.0,-1.7514588832855225,-0.30541470646858215
7288,36217.0,1.0,-2.2016143798828125,-0.3730091452598572
7289,36228.0,1.0,-0.1520329713821411,-0.13918368518352509
7290,36232.0,1.0,-2.404085636138916,-0.4034118354320526
7291,36241.0,0.0,0.036596883088350296,-0.03692399710416794
7292,36247.0,0.0,1.2558218240737915,-0.9713245034217834
7293,36255.0,1.0,-30.739959716796875,-4.658267498016357
7294,36261.0,1.0,-3.4574246406555176,-0.5615789890289307
7295,36267.0,1.0,-1.608928918838501,-0.28401270508766174
7296,36272.0,1.0,-1.2739027738571167,-0.23370589315891266
7297,36274.0,1.0,-0.1220482811331749,-0.06074582412838936
7298,36277.0,1.0,-21.620302200317383,-3.2888786792755127
7299,36288.0,1.0,-0.9168442487716675,-0.18009072542190552
7300,36289.0,1.0,-2.2297866344451904,-0.3772394359111786
7301,36293.0,1.0,-0.16647934913635254,-0.06741750240325928
7302,36298.0,0.0,0.054329536855220795,-0.034261297434568405
7303,36309.0,1.0,-1.5268245935440063,-0.27168411016464233
7304,36312.0,1.0,-0.9451226592063904,-0.18433696031570435
7305,36313.0,1.0,-1.6881626844406128,-0.2959102988243103
7306,36318.0,1.0,-1.1257458925247192,-0.2114589661359787
7307,36325.0,1.0,-0.47388359904289246,-0.3435049057006836
7308,36326.0,0.0,0.42131656408309937,-0.3204803466796875
7309,36327.0,0.0,0.054329536855220795,-0.034261297434568405
7310,36332.0,1.0,-0.46674200892448425,-0.11250431835651398
7311,36338.0,1.0,-2.0474648475646973,-0.34986236691474915
7312,36339.0,0.0,0.21504074335098267,-0.159602552652359
7313,36346.0,1.0,-0.4795263707637787,-0.11442399024963379
7314,36351.0,1.0,-1.7899590730667114,-0.31119582056999207
7315,36352.0,1.0,-23.860172271728516,-3.6252129077911377
7316,36353.0,1.0,-1.5843555927276611,-0.2803228497505188
7317,36360.0,1.0,-2.2875571250915527,-0.3859141170978546
7318,36361.0,0.0,0.054329536855220795,-0.034261297434568405
7319,36363.0,1.0,-0.1768396496772766,-0.06897318363189697
7320,36369.0,1.0,-0.48510661721229553,-0.11526191234588623
7321,36371.0,1.0,-0.6277779936790466,-0.13668514788150787
7322,36374.0,1.0,-1.415401577949524,-0.2549530565738678
7323,36375.0,1.0,-0.8273354768753052,-0.16665028035640717
7324,36378.0,1.0,-2.118515968322754,-0.3605312407016754
7325,36380.0,0.0,0.21193009614944458,-0.15717650949954987
7326,36396.0,0.0,0.7265917658805847,-0.5585694313049316
7327,36401.0,1.0,-1.2461590766906738,-0.22953997552394867
7328,36406.0,1.0,-1.2127885818481445,-0.22452910244464874
7329,36409.0,1.0,-1.2295640707015991,-0.2270480841398239
7330,36423.0,1.0,-23.924720764160156,-3.6349055767059326
7331,36434.0,0.0,0.13866236805915833,-0.10003383457660675
7332,36435.0,1.0,-0.13868966698646545,-0.06324465572834015
7333,36445.0,1.0,-0.7633107900619507,-0.15703646838665009
7334,36449.0,1.0,-0.7956491708755493,-0.16189232468605042
7335,36460.0,1.0,-1.9105862379074097,-0.32930895686149597
7336,36462.0,1.0,-1.550406813621521,-0.2752251625061035
7337,36465.0,1.0,-2.342707872390747,-0.39419543743133545
7338,36473.0,1.0,-1.772434115409851,-0.30856430530548096
7339,36479.0,1.0,-1.4695597887039185,-0.26308533549308777
7340,36482.0,1.0,-1.7712905406951904,-0.30839258432388306
7341,36483.0,1.0,-0.7844278216362,-0.1602073460817337
7342,36485.0,1.0,-1.174326777458191,-0.21875378489494324
7343,36498.0,0.0,0.054329536855220795,-0.034261297434568405
7344,36505.0,1.0,-1.7365933656692505,-0.30318254232406616
7345,36506.0,0.0,0.49837929010391235,-0.3805828094482422
7346,36512.0,0.0,0.054329536855220795,-0.034261297434568405
7347,36515.0,1.0,-2.517512798309326,-0.4204437732696533
7348,36516.0,1.0,-1.01459801197052,-0.1947692334651947
7349,36524.0,0.0,0.26055821776390076,-0.19510236382484436
7350,36529.0,1.0,-0.5215132236480713,-0.12072864174842834
7351,36531.0,1.0,-0.31456074118614197,-0.08965309709310532
7352,36544.0,1.0,-0.1563774049282074,-0.06590061634778976
7353,36545.0,1.0,-26.075084686279297,-3.9577996730804443
7354,36547.0,0.0,-0.03629710525274277,-0.04786960408091545
7355,36549.0,1.0,-0.9815595149993896,-0.18980823457241058
7356,36554.0,1.0,-2.2958076000213623,-0.3871529698371887
7357,36557.0,1.0,-0.45106175541877747,-0.1101498007774353
7358,36559.0,1.0,-0.8167901635169983,-0.16506682336330414
7359,36560.0,0.0,0.04535328224301338,-0.09017081558704376
7360,36570.0,1.0,-2.3488471508026123,-0.39511731266975403
7361,36573.0,1.0,-2.098938226699829,-0.3575914800167084
7362,36586.0,0.0,-0.3426181375980377,-0.34640684723854065
7363,36587.0,1.0,-0.760615885257721,-0.15663179755210876
7364,36589.0,0.0,-0.2482658326625824,-0.2560861110687256
7365,36590.0,1.0,-3.07477068901062,-0.5041205286979675
7366,36597.0,0.0,-0.1435908079147339,-0.4153933823108673
7367,36601.0,1.0,-0.9596000909805298,-0.1865108609199524
7368,36603.0,0.0,25.69753646850586,-28.928966522216797
7369,36607.0,1.0,-1.612922191619873,-0.2846123278141022
7370,36621.0,1.0,-1.803099274635315,-0.3131689131259918
7371,36630.0,0.0,0.13742244243621826,-0.09906679391860962
7372,36632.0,1.0,-0.7428156137466431,-0.15395894646644592
7373,36635.0,1.0,-1.2623889446258545,-0.23197700083255768
7374,36644.0,1.0,-0.8784759044647217,-0.17432941496372223
7375,36660.0,1.0,-0.9361869096755981,-0.18299518525600433
7376,36663.0,1.0,-2.283238649368286,-0.38526564836502075
7377,36665.0,0.0,0.054329536855220795,-0.034261297434568405
7378,36670.0,1.0,-1.3412476778030396,-0.2438182681798935
7379,36674.0,1.0,-1.6220382452011108,-0.2859811782836914
7380,36683.0,0.0,0.46597009897232056,-0.35530638694763184
7381,36684.0,1.0,-0.7962107062339783,-0.1619766503572464
7382,36687.0,0.0,0.7574945688247681,-0.582671046257019
7383,36700.0,0.0,0.3095005452632904,-0.23327328264713287
7384,36701.0,0.0,0.8212853074073792,-0.6324224472045898
7385,36714.0,0.0,1.722880482673645,-1.3355910778045654
7386,36716.0,0.0,1.1736698150634766,-0.9072527885437012
7387,36717.0,1.0,-1.9411847591400146,-0.33390355110168457
7388,36718.0,0.0,-0.033950917422771454,-0.09458731859922409
7389,36722.0,0.0,1.4787523746490479,-1.1451916694641113
7390,36727.0,1.0,-0.46581408381462097,-0.11236497759819031
7391,36732.0,0.0,-0.027906961739063263,-0.04660975933074951
7392,36740.0,0.0,0.34679532051086426,-0.2623600661754608
7393,36741.0,1.0,-0.8098882436752319,-0.16403043270111084
7394,36742.0,1.0,-0.6604866981506348,-0.14159661531448364
7395,36745.0,1.0,-2.146517276763916,-0.364735871553421
7396,36750.0,1.0,-1.681944489479065,-0.2949765622615814
7397,36764.0,1.0,-24.31302261352539,-3.6932120323181152
7398,36772.0,1.0,-28.390106201171875,-4.305418491363525
7399,36787.0,1.0,-1.064382553100586,-0.20224477350711823
7400,36799.0,1.0,-1.445753574371338,-0.25951066613197327
7401,36803.0,1.0,-1.3681434392929077,-0.24785688519477844
7402,36807.0,0.0,0.054329536855220795,-0.034261297434568405
7403,36812.0,1.0,-1.3351997137069702,-0.24291011691093445
7404,36813.0,0.0,0.054329536855220795,-0.034261297434568405
7405,36823.0,1.0,-25.171764373779297,-3.8221588134765625
7406,36824.0,1.0,-0.31349530816078186,-0.08949311077594757
7407,36829.0,0.0,0.054329536855220795,-0.034261297434568405
7408,36832.0,0.0,0.054329536855220795,-0.034261297434568405
7409,36834.0,1.0,-1.248051404953003,-0.22982411086559296
7410,36846.0,1.0,-0.9219570159912109,-0.18085844814777374
7411,36849.0,1.0,-1.1137399673461914,-0.20965617895126343
7412,36852.0,1.0,-0.8371025323867798,-0.16811688244342804
7413,36855.0,1.0,-0.8457229733467102,-0.1694113165140152
7414,36857.0,1.0,-1.7346166372299194,-0.3028857111930847
7415,36861.0,1.0,-1.7171183824539185,-0.30025821924209595
7416,36863.0,1.0,-1.0486466884613037,-0.199881911277771
7417,36869.0,1.0,-24.74785804748535,-3.7585058212280273
7418,36873.0,1.0,-0.09832342714071274,-0.05718334764242172
7419,36885.0,0.0,0.13624301552772522,-0.09814693033695221
7420,36891.0,1.0,-0.7419820427894592,-0.1538337767124176
7421,36901.0,0.0,0.054329536855220795,-0.034261297434568405
7422,36905.0,1.0,-28.638118743896484,-4.3426594734191895
7423,36906.0,1.0,-1.0220746994018555,-0.5233387351036072
7424,36915.0,1.0,-1.6255518198013306,-0.2865087687969208
7425,36919.0,1.0,-1.3596751689910889,-0.24658529460430145
7426,36922.0,1.0,-0.7740386128425598,-0.1586473286151886
7427,36925.0,1.0,-2.3976047039031982,-0.4024386405944824
7428,36929.0,1.0,-1.10922110080719,-0.2089776247739792
7429,36930.0,1.0,-1.053309679031372,-0.2005821019411087
7430,36933.0,1.0,-0.9820342063903809,-0.18987952172756195
7431,36937.0,1.0,-0.5292007327079773,-0.12188299000263214
7432,36941.0,1.0,-2.353363037109375,-0.39579540491104126
7433,36944.0,1.0,-0.768151044845581,-0.15776327252388
7434,36945.0,1.0,-1.449196219444275,-0.26002758741378784
7435,36948.0,1.0,-2.195465087890625,-0.3720857799053192
7436,36955.0,1.0,-1.8430724143981934,-0.3191712200641632
7437,36959.0,1.0,-0.8452029228210449,-0.16933321952819824
7438,36969.0,0.0,0.6004799604415894,-0.4602127969264984
7439,36970.0,0.0,0.43701183795928955,-0.3327213525772095
7440,36972.0,1.0,-1.85343599319458,-0.3207273781299591
7441,36975.0,0.0,0.0026664510369300842,-0.10299462080001831
7442,36976.0,1.0,-1.2159898281097412,-0.22500979900360107
7443,36986.0,1.0,-2.4568159580230713,-0.4113296568393707
7444,36992.0,1.0,-0.6709667444229126,-0.14317026734352112
7445,36994.0,1.0,-1.6409499645233154,-0.28882092237472534
7446,36995.0,1.0,-0.18243148922920227,-0.0698128417134285
7447,36998.0,1.0,-26.813030242919922,-4.068607807159424
7448,37004.0,1.0,-1.2391953468322754,-0.2284942865371704
7449,37005.0,1.0,-0.15283244848251343,-0.06536830961704254
7450,37008.0,0.0,2.170043706893921,-1.6843407154083252
7451,37009.0,0.0,0.3840344548225403,-0.2914034426212311
7452,37016.0,0.0,0.054329536855220795,-0.034261297434568405
7453,37021.0,0.0,1.3999515771865845,-1.0837336778640747
7454,37022.0,0.0,0.8990142345428467,-0.6930444836616516
7455,37026.0,1.0,-26.976116180419922,-4.0930962562561035
7456,37027.0,0.0,0.6953632831573486,-0.5342138409614563
7457,37030.0,0.0,0.5212705135345459,-0.3984360694885254
7458,37033.0,1.0,-2.0588395595550537,-0.35157036781311035
7459,37034.0,1.0,-0.2813815772533417,-0.08467097580432892
7460,37042.0,0.0,0.12007144093513489,-0.08553446829319
7461,37043.0,1.0,-1.0402462482452393,-0.1986205130815506
7462,37045.0,1.0,-0.4111078083515167,-0.10415039956569672
7463,37049.0,1.0,-0.28515875339508057,-0.08523815870285034
7464,37053.0,1.0,-25.082870483398438,-3.8088109493255615
7465,37054.0,1.0,-1.7026227712631226,-0.29808157682418823
7466,37055.0,1.0,-1.9537039995193481,-0.3357834219932556
7467,37062.0,1.0,-1.4565379619598389,-0.2611300051212311
7468,37068.0,0.0,2.019643783569336,-1.5670413970947266
7469,37069.0,1.0,-0.24433666467666626,-0.07910838723182678
7470,37072.0,1.0,-0.8802265524864197,-0.1745923012495041
7471,37080.0,1.0,-0.9867655038833618,-0.19058996438980103
7472,37082.0,1.0,-0.9257509112358093,-0.18142813444137573
7473,37086.0,1.0,-1.0685430765151978,-0.2028695046901703
7474,37087.0,1.0,-2.210163116455078,-0.37429279088974
7475,37091.0,0.0,0.5704928040504456,-0.43682533502578735
7476,37094.0,1.0,-0.9249849915504456,-0.18131312727928162
7477,37098.0,1.0,-0.9011232852935791,-0.17773009836673737
7478,37100.0,1.0,-29.415830612182617,-4.459439277648926
7479,37101.0,1.0,-0.5494219064712524,-0.1249193549156189
7480,37108.0,0.0,0.2943589389324188,-0.2214640974998474
7481,37109.0,1.0,-1.843734622001648,-0.31927064061164856
7482,37113.0,1.0,-1.133344292640686,-0.21259993314743042
7483,37118.0,0.0,0.5222111344337463,-0.3991696536540985
7484,37119.0,1.0,-0.7723737955093384,-0.1583973467350006
7485,37136.0,1.0,-1.680587887763977,-0.2947728931903839
7486,37143.0,1.0,-0.07459612935781479,-0.053620509803295135
7487,37147.0,1.0,-1.1068776845932007,-0.20862574875354767
7488,37156.0,1.0,-0.8277462124824524,-0.1667119562625885
7489,37157.0,1.0,-1.1769392490386963,-0.21914605796337128
7490,37164.0,1.0,-2.4145283699035645,-0.4049798846244812
7491,37167.0,0.0,0.005269702523946762,-0.04162801802158356
7492,37170.0,1.0,-0.14311626553535461,-0.06390935182571411
7493,37175.0,0.0,0.054329536855220795,-0.034261297434568405
7494,37182.0,1.0,-1.1300914287567139,-0.2121114879846573
7495,37184.0,1.0,-1.1908982992172241,-0.22124212980270386
7496,37186.0,1.0,-1.3366379737854004,-0.24312607944011688
7497,37187.0,1.0,-1.3317009210586548,-0.24238474667072296
7498,37192.0,1.0,-1.724032998085022,-0.30129650235176086
7499,37208.0,1.0,-1.0297627449035645,-0.19704633951187134
7500,37209.0,1.0,-0.4338524341583252,-0.31478336453437805
7501,37215.0,1.0,-2.1370577812194824,-0.3633154332637787
7502,37222.0,1.0,-0.49730369448661804,-0.11709339916706085
7503,37224.0,1.0,-1.3436837196350098,-0.24418404698371887
7504,37227.0,1.0,-2.1666276454925537,-0.36775562167167664
7505,37232.0,1.0,-1.6046197414398193,-0.2833656668663025
7506,37233.0,1.0,-0.3733920156955719,-0.09848707914352417
7507,37244.0,1.0,-2.178246259689331,-0.3695002496242523
7508,37252.0,1.0,-0.9153110980987549,-0.17986051738262177
7509,37254.0,1.0,-2.4916563034057617,-0.4165612459182739
7510,37264.0,0.0,-0.11240362375974655,-0.13052019476890564
7511,37270.0,0.0,0.701254665851593,-0.5388085842132568
7512,37284.0,0.0,0.054329536855220795,-0.034261297434568405
7513,37285.0,0.0,0.054329536855220795,-0.034261297434568405
7514,37287.0,1.0,-1.5513609647750854,-0.27536845207214355
7515,37290.0,1.0,-0.7367182374000549,-0.15304338932037354
7516,37297.0,1.0,-2.0710930824279785,-0.3534103333950043
7517,37299.0,1.0,-29.008014678955078,-4.398201942443848
7518,37305.0,1.0,-1.4956740140914917,-0.26700660586357117
7519,37311.0,1.0,-24.247060775756836,-3.68330717086792
7520,37315.0,1.0,-0.9625393152236938,-0.18695220351219177
7521,37316.0,0.0,0.2570649981498718,-0.1923779398202896
7522,37321.0,0.0,0.1262783259153366,-0.09037531912326813
7523,37325.0,1.0,-0.3571053743362427,-0.09604151546955109
7524,37326.0,0.0,1.31785249710083,-1.0197032690048218
7525,37330.0,0.0,0.054329536855220795,-0.034261297434568405
7526,37331.0,1.0,-1.1292074918746948,-0.2119787484407425
7527,37337.0,1.0,-1.0449976921081543,-0.19933398067951202
7528,37341.0,1.0,-1.1877589225769043,-0.2207707166671753
7529,37353.0,1.0,-1.556997537612915,-0.2762148082256317
7530,37357.0,0.0,0.34241804480552673,-0.25894615054130554
7531,37358.0,1.0,-0.2925111651420593,-0.08634217083454132
7532,37362.0,1.0,-2.6613519191741943,-0.44204238057136536
7533,37363.0,0.0,0.054329536855220795,-0.034261297434568405
7534,37373.0,1.0,-22.97926902770996,-3.49293851852417
7535,37374.0,1.0,-0.9468775987625122,-0.18460047245025635
7536,37377.0,1.0,-1.7919957637786865,-0.3115016520023346
7537,37378.0,1.0,-22.11545753479004,-3.3632302284240723
7538,37380.0,1.0,-25.90497398376465,-3.9322562217712402
7539,37384.0,0.0,0.5025678277015686,-0.38384953141212463
7540,37394.0,1.0,-2.014801502227783,-0.34495773911476135
7541,37398.0,1.0,-0.35881516337394714,-0.09629824757575989
7542,37407.0,1.0,-0.3874337673187256,-0.10059554874897003
7543,37410.0,1.0,-2.9443445205688477,-0.48453596234321594
7544,37416.0,1.0,-0.8719332814216614,-0.17334699630737305
7545,37423.0,1.0,-0.8605837821960449,-0.1771998256444931
7546,37426.0,1.0,-1.8284772634506226,-0.31697961688041687
7547,37434.0,1.0,-0.34029078483581543,-0.09351666271686554
7548,37437.0,1.0,-1.455443024635315,-0.26096558570861816
7549,37445.0,0.0,0.054329536855220795,-0.034261297434568405
7550,37452.0,1.0,-1.0547252893447876,-0.20079465210437775
7551,37454.0,1.0,-1.807922601699829,-0.3138931691646576
7552,37463.0,0.0,0.2673925757408142,-0.20043258368968964
7553,37468.0,1.0,-2.625743865966797,-0.43669554591178894
7554,37471.0,1.0,-1.454480767250061,-0.2608211040496826
7555,37476.0,1.0,-2.040649890899658,-0.34883907437324524
7556,37480.0,1.0,-0.5481429100036621,-0.1247272938489914
7557,37481.0,1.0,-0.17798694968223572,-0.06914545595645905
7558,37496.0,0.0,0.350039005279541,-0.2648898661136627
7559,37508.0,1.0,-0.6797324419021606,-0.14448651671409607
7560,37510.0,1.0,-0.6378030776977539,-0.13819049298763275
7561,37515.0,1.0,-0.6864894032478333,-0.14550112187862396
7562,37521.0,1.0,-2.640674352645874,-0.4389374554157257
7563,37524.0,1.0,-1.2321407794952393,-0.22743500769138336
7564,37526.0,0.0,0.6547174453735352,-0.5025135278701782
7565,37532.0,0.0,0.054329536855220795,-0.034261297434568405
7566,37539.0,1.0,-23.666648864746094,-3.596153736114502
7567,37540.0,1.0,-0.8716376423835754,-0.17330260574817657
7568,37542.0,0.0,-0.09814328700304031,-0.25908708572387695
7569,37554.0,1.0,-2.283397912979126,-0.38528957962989807
7570,37559.0,1.0,-0.3153703808784485,-0.08977466821670532
7571,37564.0,1.0,-1.2459882497787476,-0.22951430082321167
7572,37567.0,1.0,-1.5848530530929565,-0.28039753437042236
7573,37571.0,1.0,-0.21440240740776062,-0.0746135264635086
7574,37576.0,1.0,-0.9031164050102234,-0.1780293881893158
7575,37580.0,1.0,-1.4562078714370728,-0.26108044385910034
7576,37598.0,1.0,-1.5780524015426636,-0.279376357793808
7577,37603.0,1.0,-1.4495750665664673,-0.26008448004722595
7578,37604.0,1.0,-0.8412044644355774,-0.16873282194137573
7579,37605.0,1.0,-3.2065927982330322,-0.523914635181427
7580,37608.0,1.0,-1.4413068294525146,-0.25884294509887695
7581,37609.0,1.0,-2.414224624633789,-0.40493425726890564
7582,37614.0,1.0,-1.9279019832611084,-0.33190906047821045
7583,37623.0,1.0,-22.165817260742188,-3.3707921504974365
7584,37629.0,1.0,-2.0097053050994873,-0.3441924750804901
7585,37640.0,1.0,-1.9706846475601196,-0.3383331894874573
7586,37644.0,1.0,-2.3971848487854004,-0.40237560868263245
7587,37648.0,1.0,-1.732921838760376,-0.3026312291622162
7588,37649.0,1.0,-1.3481292724609375,-0.24485158920288086
7589,37651.0,1.0,-2.1045327186584473,-0.35843154788017273
7590,37652.0,0.0,0.3583735227584839,-0.27139008045196533
7591,37661.0,1.0,-1.622236967086792,-0.2860110402107239
7592,37670.0,1.0,-1.6619296073913574,-0.2919711768627167
7593,37679.0,1.0,-26.90941047668457,-4.083080291748047
7594,37680.0,1.0,-1.335827112197876,-0.24300432205200195
7595,37684.0,0.0,0.054329536855220795,-0.034261297434568405
7596,37690.0,1.0,-0.6777998208999634,-0.1441963165998459
7597,37696.0,1.0,-0.09621682018041611,-0.056867025792598724
7598,37698.0,1.0,-0.5016863942146301,-0.11775149405002594
7599,37701.0,1.0,-0.9948234558105469,-0.19179992377758026
7600,37703.0,1.0,-1.6624268293380737,-0.29204583168029785
7601,37707.0,1.0,-0.8184682130813599,-0.1653187870979309
7602,37716.0,1.0,-1.6692203283309937,-0.2930659353733063
7603,37732.0,1.0,-2.105431079864502,-0.3585664629936218
7604,37733.0,1.0,-0.9677008390426636,-0.18772724270820618
7605,37734.0,1.0,-1.5925017595291138,-0.28154605627059937
7606,37736.0,1.0,-1.4259600639343262,-0.2565385103225708
7607,37738.0,1.0,-0.525827944278717,-0.12137654423713684
7608,37743.0,1.0,-1.3318415880203247,-0.24240586161613464
7609,37745.0,1.0,-0.6863568425178528,-0.14548122882843018
7610,37749.0,1.0,-2.0721046924591064,-0.35356223583221436
7611,37757.0,1.0,-0.8353740572929382,-0.1678573340177536
7612,37760.0,1.0,-1.2866458892822266,-0.23561936616897583
7613,37762.0,1.0,-1.184342861175537,-0.22025775909423828
7614,37767.0,1.0,-1.1575299501419067,-0.2162315994501114
7615,37768.0,1.0,-0.06650227308273315,-0.05240514874458313
7616,37790.0,1.0,-26.913923263549805,-4.0837578773498535
7617,37794.0,0.0,0.5906023383140564,-0.4525091052055359
7618,37804.0,1.0,-1.9479011297225952,-0.33491209149360657
7619,37812.0,1.0,-0.44574663043022156,-0.10935169458389282
7620,37817.0,1.0,-1.8692313432693481,-0.32309916615486145
7621,37818.0,1.0,-0.9866137504577637,-0.19056718051433563
7622,37821.0,1.0,-0.38745319843292236,-0.11832199990749359
7623,37823.0,1.0,-1.2245961427688599,-0.2263021022081375
7624,37830.0,1.0,-3.7598273754119873,-0.6069871783256531
7625,37833.0,1.0,-25.19920539855957,-3.8262791633605957
7626,37841.0,1.0,-13.369487762451172,-2.0499536991119385
7627,37843.0,1.0,-1.2200353145599365,-0.22561727464199066
7628,37848.0,1.0,-1.549736499786377,-0.2751244902610779
7629,37854.0,1.0,-0.6322646141052246,-0.13735884428024292
7630,37865.0,1.0,-0.27093440294265747,-0.0938539057970047
7631,37867.0,1.0,-1.7922520637512207,-0.3115401268005371
7632,37874.0,0.0,0.054329536855220795,-0.034261297434568405
7633,37875.0,1.0,-2.790701150894165,-0.46146517992019653
7634,37877.0,1.0,-1.2033575773239136,-0.22311298549175262
7635,37881.0,1.0,-2.7309036254882812,-0.4524860978126526
7636,37884.0,1.0,-0.818899929523468,-0.16538362205028534
7637,37901.0,1.0,-1.4297869205474854,-0.25711312890052795
7638,37903.0,1.0,-1.0248159170150757,-0.19630353152751923
7639,37906.0,1.0,-1.306843638420105,-0.23865221440792084
7640,37919.0,0.0,0.474971741437912,-0.36232689023017883
7641,37921.0,0.0,0.09621754288673401,-0.06693042814731598
7642,37927.0,1.0,-1.962511420249939,-0.3371059000492096
7643,37941.0,1.0,-1.12637460231781,-0.21155336499214172
7644,37952.0,0.0,0.054329536855220795,-0.034261297434568405
7645,37955.0,0.0,0.49816668033599854,-0.38041701912879944
7646,37968.0,1.0,-0.8107115030288696,-0.1641540676355362
7647,37971.0,0.0,0.25878670811653137,-0.19865138828754425
7648,37972.0,1.0,-2.011669158935547,-0.34448736906051636
7649,37973.0,1.0,-27.953800201416016,-4.239903450012207
7650,37975.0,1.0,-1.3097254037857056,-0.23908495903015137
7651,37976.0,1.0,-0.33468642830848694,-0.092675119638443
7652,37990.0,1.0,-0.618168294429779,-0.13524216413497925
7653,38003.0,1.0,-2.8389618396759033,-0.4687119126319885
7654,38006.0,1.0,-28.261388778686523,-4.28609037399292
7655,38011.0,0.0,0.1627194583415985,-0.16141317784786224
7656,38014.0,1.0,-2.258960008621216,-0.38162004947662354
7657,38018.0,1.0,-1.5659445524215698,-0.27755826711654663
7658,38021.0,0.0,0.054329536855220795,-0.034261297434568405
7659,38025.0,1.0,-3.8121860027313232,-0.6148492097854614
7660,38031.0,1.0,-1.7828729152679443,-0.3101317882537842
7661,38056.0,1.0,-0.735448956489563,-0.15285278856754303
7662,38062.0,1.0,-2.056563377380371,-0.3512285649776459
7663,38069.0,1.0,-1.9810360670089722,-0.3398875296115875
7664,38071.0,0.0,0.054329536855220795,-0.034261297434568405
7665,38072.0,1.0,-2.41711163520813,-0.40536776185035706
7666,38073.0,1.0,-2.525682210922241,-0.42167046666145325
7667,38082.0,0.0,0.4994089901447296,-0.3813858926296234
7668,38083.0,1.0,-0.519352912902832,-0.12040425837039948
7669,38090.0,1.0,-0.42850643396377563,-0.10676294565200806
7670,38095.0,1.0,-0.4195392429828644,-0.1054164469242096
7671,38103.0,1.0,-0.8970642685890198,-0.1771206110715866
7672,38106.0,1.0,-1.3744584321975708,-0.24880513548851013
7673,38108.0,0.0,0.054329536855220795,-0.034261297434568405
7674,38117.0,1.0,-1.3633496761322021,-0.24713705480098724
7675,38123.0,1.0,-1.4370481967926025,-0.2582034766674042
7676,38133.0,1.0,-1.127140998840332,-0.2116684466600418
7677,38145.0,0.0,0.42717355489730835,-0.3250483274459839
7678,38148.0,1.0,-0.6154282093048096,-0.13483071327209473
7679,38150.0,1.0,-1.9714833498001099,-0.33845311403274536
7680,38155.0,1.0,-1.2905912399291992,-0.23621180653572083
7681,38158.0,1.0,-1.6645318269729614,-0.29236191511154175
7682,38167.0,1.0,-0.8654019236564636,-0.17236626148223877
7683,38170.0,1.0,-0.8406372666358948,-0.1686476469039917
7684,38175.0,1.0,-0.6619239449501038,-0.14181242883205414
7685,38178.0,1.0,-0.6825189590454102,-0.14490492641925812
7686,38188.0,1.0,-1.1119335889816284,-0.209384948015213
7687,38192.0,0.0,0.054329536855220795,-0.034261297434568405
7688,38200.0,1.0,-0.255331814289093,-0.08075940608978271
7689,38205.0,1.0,-1.7526636123657227,-0.30559560656547546
7690,38206.0,1.0,-2.486760139465332,-0.41582605242729187
7691,38216.0,1.0,-0.7852221727371216,-0.16032664477825165
7692,38218.0,1.0,-2.150026321411133,-0.3652627766132355
7693,38222.0,0.0,0.6815433502197266,-0.5234354734420776
7694,38226.0,0.0,0.20844444632530212,-0.15445798635482788
7695,38232.0,1.0,-1.011238694190979,-0.19426481425762177
7696,38235.0,1.0,-2.504441976547241,-0.41848111152648926
7697,38246.0,1.0,-2.0362563133239746,-0.34817931056022644
7698,38250.0,0.0,0.4427547752857208,-0.3593828082084656
7699,38253.0,0.0,-0.039271824061870575,-0.04831628501415253
7700,38255.0,1.0,-0.46605250239372253,-0.11240078508853912
7701,38270.0,0.0,0.39243894815444946,-0.29795825481414795
7702,38274.0,1.0,-2.7571628093719482,-0.4564291536808014
7703,38275.0,1.0,-0.8174664974212646,-0.1651683747768402
7704,38276.0,1.0,-0.4236925542354584,-0.1060401052236557
7705,38281.0,1.0,-2.0684595108032227,-0.35301488637924194
7706,38284.0,1.0,-2.0043528079986572,-0.34338876605033875
7707,38291.0,1.0,-1.9186135530471802,-0.3305143117904663
7708,38298.0,0.0,0.054329536855220795,-0.034261297434568405
7709,38303.0,1.0,-0.3629116415977478,-0.09691336750984192
7710,38306.0,1.0,-1.9575165510177612,-0.33635589480400085
7711,38313.0,1.0,-1.2823692560195923,-0.23497721552848816
7712,38319.0,1.0,-0.14379706978797913,-0.0640115737915039
7713,38329.0,1.0,-0.5189670920372009,-0.1203463226556778
7714,38332.0,1.0,-1.4349285364151,-0.2578851878643036
7715,38334.0,1.0,-0.8143975138664246,-0.18692126870155334
7716,38336.0,1.0,-3.2762675285339355,-0.534376859664917
7717,38339.0,1.0,-1.7182624340057373,-0.3004299998283386
7718,38346.0,1.0,-19.93885612487793,-3.0363962650299072
7719,38347.0,0.0,0.054329536855220795,-0.034261297434568405
7720,38348.0,1.0,-1.5019129514694214,-0.267943412065506
7721,38364.0,1.0,-1.489471673965454,-0.2660752832889557
7722,38367.0,0.0,0.19179508090019226,-0.14147287607192993
7723,38375.0,1.0,-2.130753517150879,-0.3623688220977783
7724,38376.0,1.0,-0.41293051838874817,-0.10442408919334412
7725,38384.0,1.0,-1.845852017402649,-0.3195886015892029
7726,38387.0,1.0,-20.7242431640625,-3.1543283462524414
7727,38390.0,1.0,-1.5683332681655884,-0.27791693806648254
7728,38395.0,1.0,-1.1302045583724976,-0.21212846040725708
7729,38397.0,0.0,0.01164630800485611,-0.040670521557331085
7730,38415.0,1.0,-0.2971057593822479,-0.08703209459781647
7731,38421.0,1.0,-0.5621881484985352,-0.12683629989624023
7732,38433.0,1.0,-0.9206919074058533,-0.18066848814487457
7733,38438.0,0.0,0.054329536855220795,-0.034261297434568405
7734,38445.0,0.0,0.15582728385925293,-0.11342103779315948
7735,38446.0,0.0,0.056563086807727814,-0.1594679206609726
7736,38448.0,0.0,1.8949551582336426,-1.4697948694229126
7737,38450.0,1.0,-1.6566200256347656,-0.29117390513420105
7738,38451.0,1.0,-1.564829707145691,-0.27739086747169495
7739,38459.0,1.0,-0.20224124193191528,-0.07278743386268616
7740,38460.0,0.0,1.583795189857483,-1.2271162271499634
7741,38461.0,1.0,-0.9479299783706665,-0.1847584992647171
7742,38462.0,1.0,-0.9259523749351501,-0.18145838379859924
7743,38471.0,0.0,-0.0002490915358066559,-0.04245670884847641
7744,38473.0,1.0,-1.8546464443206787,-0.32090914249420166
7745,38477.0,0.0,0.5780917406082153,-0.44275185465812683
7746,38485.0,1.0,-2.4464316368103027,-0.4097703993320465
7747,38488.0,0.0,0.019175756722688675,-0.20731735229492188
7748,38501.0,1.0,-2.054537296295166,-0.35092437267303467
7749,38503.0,1.0,-0.5794609189033508,-0.12942995131015778
7750,38505.0,0.0,0.1371055245399475,-0.09881961345672607
7751,38514.0,1.0,-1.2125324010849,-0.22449064254760742
7752,38519.0,0.0,1.0949904918670654,-0.8458895683288574
7753,38521.0,0.0,0.054329536855220795,-0.034261297434568405
7754,38523.0,0.0,0.26817747950553894,-0.2010447382926941
7755,38524.0,1.0,-1.4586498737335205,-0.26144713163375854
7756,38528.0,1.0,-0.3291429877281189,-0.09184274077415466
7757,38543.0,0.0,-0.03499270975589752,-0.04767373949289322
7758,38551.0,1.0,-1.4120217561721802,-0.25444555282592773
7759,38559.0,1.0,-1.0164424180984497,-0.19504618644714355
7760,38563.0,1.0,-0.8732137084007263,-0.17353926599025726
7761,38571.0,0.0,0.40366026759147644,-0.3067099452018738
7762,38573.0,0.0,0.13065792620182037,-0.09379103779792786
7763,38574.0,1.0,-1.88716721534729,-0.3257924020290375
7764,38576.0,1.0,-0.2737700045108795,-0.08352804183959961
7765,38577.0,1.0,-0.7285326719284058,-0.15181425213813782
7766,38578.0,1.0,-0.23478972911834717,-0.07767485082149506
7767,38585.0,1.0,-1.7727652788162231,-0.308614045381546
7768,38586.0,1.0,-0.4822663366794586,-0.11483542621135712
7769,38591.0,1.0,-0.1909254789352417,-0.0710882842540741
7770,38592.0,1.0,-0.151524156332016,-0.06517186015844345
7771,38593.0,1.0,-0.20295065641403198,-0.07289395481348038
7772,38599.0,0.0,0.580776572227478,-0.4448458254337311
7773,38601.0,1.0,-1.3697524070739746,-0.2480984777212143
7774,38613.0,1.0,-1.3713972568511963,-0.24834544956684113
7775,38615.0,1.0,-1.2889379262924194,-0.23596353828907013
7776,38616.0,1.0,-2.5688047409057617,-0.4281456768512726
7777,38619.0,1.0,-0.5399003028869629,-0.1234896183013916
7778,38620.0,1.0,-0.5510320067405701,-0.12516112625598907
7779,38625.0,1.0,-0.8163958191871643,-0.1650076061487198
7780,38630.0,1.0,-0.18293675780296326,-0.06988871097564697
7781,38635.0,1.0,-2.363314151763916,-0.3972896337509155
7782,38642.0,0.0,0.39322221279144287,-0.2985691428184509
7783,38649.0,1.0,-0.40577682852745056,-0.10334990918636322
7784,38650.0,0.0,0.2421606183052063,-0.18075376749038696
7785,38651.0,1.0,-1.6059958934783936,-0.2835722863674164
7786,38657.0,1.0,-1.1346144676208496,-0.21279065310955048
7787,38660.0,1.0,-1.8311232328414917,-0.3173769414424896
7788,38661.0,1.0,-1.0989724397659302,-0.20743872225284576
7789,38665.0,0.0,0.28592750430107117,-0.2148882895708084
7790,38672.0,1.0,-2.1435940265655518,-0.36429691314697266
7791,38675.0,1.0,-1.1793476343154907,-0.21950769424438477
7792,38681.0,1.0,-0.2079622447490692,-0.07364648580551147
7793,38686.0,1.0,-1.9918156862258911,-0.3415061831474304
7794,38687.0,1.0,-0.9918723106384277,-0.19135679304599762
7795,38704.0,1.0,-1.8119169473648071,-0.31449297070503235
7796,38711.0,1.0,-2.332839012145996,-0.3927135765552521
7797,38712.0,1.0,-0.7300794124603271,-0.15204650163650513
7798,38716.0,1.0,-1.5727046728134155,-0.2785733640193939
7799,38728.0,1.0,-0.9909458160400391,-0.19121766090393066
7800,38732.0,0.0,0.054329536855220795,-0.034261297434568405
7801,38734.0,1.0,-0.9948834180831909,-0.19180893898010254
7802,38736.0,1.0,-2.75319504737854,-0.4558333456516266
7803,38740.0,1.0,-1.2357070446014404,-0.22797051072120667
7804,38743.0,1.0,-23.95517349243164,-3.6394782066345215
7805,38745.0,1.0,-0.5558435916900635,-0.12588362395763397
7806,38750.0,1.0,-0.9980345964431763,-0.19228211045265198
7807,38755.0,1.0,-2.9005439281463623,-0.4779589772224426
7808,38761.0,1.0,-1.142750859260559,-0.21401239931583405
7809,38764.0,1.0,-1.6349800825119019,-0.28792449831962585
7810,38766.0,0.0,0.054329536855220795,-0.034261297434568405
7811,38767.0,1.0,-0.7485644221305847,-0.15482217073440552
7812,38776.0,1.0,-1.3684269189834595,-0.24789944291114807
7813,38785.0,0.0,0.18490487337112427,-0.13609911501407623
7814,38800.0,1.0,-2.080240488052368,-0.35478389263153076
7815,38801.0,0.0,0.054329536855220795,-0.034261297434568405
7816,38807.0,1.0,-1.7793729305267334,-0.3096062242984772
7817,38809.0,1.0,-1.7863878011703491,-0.3106595575809479
7818,38810.0,1.0,-0.5581186413764954,-0.12622523307800293
7819,38812.0,1.0,-0.9445990920066833,-0.1842583417892456
7820,38819.0,1.0,-1.6385592222213745,-0.28846195340156555
7821,38820.0,1.0,-0.8643361330032349,-0.17220622301101685
7822,38825.0,1.0,-1.7536193132400513,-0.3057391345500946
7823,38831.0,1.0,-0.40862977504730225,-0.10377830266952515
7824,38837.0,1.0,-2.3549749851226807,-0.3960374593734741
7825,38845.0,1.0,-1.0491585731506348,-0.19995877146720886
7826,38852.0,1.0,-1.004908561706543,-0.19331428408622742
7827,38881.0,1.0,-0.7029233574867249,-0.1479688137769699
7828,38882.0,1.0,-2.5996508598327637,-0.4327774941921234
7829,38889.0,1.0,-0.6891886591911316,-0.14590643346309662
7830,38892.0,0.0,0.2633284628391266,-0.1972629278898239
7831,38897.0,0.0,-0.04317687451839447,-0.1472066044807434
7832,38899.0,0.0,-0.021420389413833618,-0.04563574865460396
7833,38903.0,1.0,-2.9795711040496826,-0.4898255169391632
7834,38917.0,1.0,-29.6860294342041,-4.500011444091797
7835,38924.0,1.0,-0.834675669670105,-0.1677524745464325
7836,38934.0,1.0,-1.3852505683898926,-0.25042563676834106
7837,38937.0,1.0,-0.6513184905052185,-0.14021994173526764
7838,38938.0,1.0,-27.364044189453125,-4.1513471603393555
7839,38947.0,0.0,0.10935710370540619,-0.07717818021774292
7840,38952.0,1.0,-0.13216742873191833,-0.062265291810035706
7841,38953.0,1.0,-1.2121390104293823,-0.224431574344635
7842,38954.0,1.0,-2.077390193939209,-0.35435590147972107
7843,38963.0,1.0,-2.7830138206481934,-0.4603108763694763
7844,38969.0,1.0,-1.6436928510665894,-0.2892327904701233
7845,38971.0,1.0,-0.3531032204627991,-0.18160630762577057
7846,38972.0,0.0,0.054329536855220795,-0.034261297434568405
7847,38976.0,1.0,-1.8844002485275269,-0.3253769278526306
7848,38978.0,1.0,-1.413163423538208,-0.25461697578430176
7849,38979.0,1.0,-1.7700599431991577,-0.30820780992507935
7850,38989.0,1.0,-0.6638779640197754,-0.142105832695961
7851,38990.0,1.0,-0.839585542678833,-0.1684897243976593
7852,38992.0,1.0,-0.6496673822402954,-0.1399720013141632
7853,38995.0,1.0,-1.1778324842453003,-0.2192801833152771
7854,39002.0,1.0,-1.0682018995285034,-0.20281828939914703
7855,39003.0,1.0,-0.6360889077186584,-0.13793309032917023
7856,39007.0,1.0,-1.4381781816482544,-0.2583731412887573
7857,39009.0,1.0,-0.6886836290359497,-0.14583060145378113
7858,39019.0,1.0,-1.6344788074493408,-0.28784921765327454
7859,39030.0,1.0,-0.7821248769760132,-0.15986154973506927
7860,39042.0,1.0,-0.07722944766283035,-0.05401591956615448
7861,39044.0,1.0,-2.5964033603668213,-0.43228983879089355
7862,39056.0,1.0,-0.62371826171875,-0.13607554137706757
7863,39059.0,1.0,-1.7740343809127808,-0.30880460143089294
7864,39060.0,1.0,-2.192283868789673,-0.37160810828208923
7865,39062.0,0.0,14.500931739807129,-17.09620475769043
7866,39066.0,1.0,-0.9945377111434937,-0.19175700843334198
7867,39068.0,1.0,-1.200945258140564,-0.22275075316429138
7868,39069.0,1.0,-2.881941795349121,-0.4751656949520111
7869,39070.0,1.0,-2.3494434356689453,-0.39520686864852905
7870,39079.0,1.0,-0.9824299812316895,-0.1899389624595642
7871,39086.0,1.0,-23.352493286132812,-3.548980951309204
7872,39087.0,1.0,-0.4316917061805725,-0.10724124312400818
7873,39088.0,0.0,0.054329536855220795,-0.034261297434568405
7874,39091.0,1.0,-0.21296045184135437,-0.074397012591362
7875,39093.0,0.0,0.6142915487289429,-0.47098469734191895
7876,39095.0,1.0,-2.275186777114868,-0.38405662775039673
7877,39099.0,1.0,-1.6601907014846802,-0.2917100787162781
7878,39100.0,1.0,-1.2309861183166504,-0.22726161777973175
7879,39104.0,0.0,0.12733638286590576,-0.09120051562786102
7880,39107.0,1.0,-24.3818416595459,-3.703545570373535
7881,39110.0,0.0,0.054329536855220795,-0.034261297434568405
7882,39111.0,1.0,-1.0492074489593506,-0.19996610283851624
7883,39112.0,1.0,-0.6359823346138,-0.2447214275598526
7884,39117.0,1.0,-0.7276290655136108,-0.20916177332401276
7885,39123.0,1.0,-1.7467026710510254,-0.3047005236148834
7886,39125.0,1.0,-23.54743194580078,-3.5782525539398193
7887,39129.0,1.0,-0.6221226453781128,-0.1358359456062317
7888,39143.0,1.0,-1.6240806579589844,-0.2862878739833832
7889,39146.0,1.0,-1.768096685409546,-0.30791300535202026
7890,39154.0,1.0,-25.7570858001709,-3.9100494384765625
7891,39173.0,0.0,0.054329536855220795,-0.034261297434568405
7892,39180.0,1.0,-2.8449313640594482,-0.46960827708244324
7893,39183.0,0.0,0.21875709295272827,-0.1625009924173355
7894,39194.0,0.0,3.734105348587036,-2.90417742729187
7895,39198.0,1.0,-1.6847569942474365,-0.29539889097213745
7896,39201.0,1.0,-0.5718042254447937,-0.12828023731708527
7897,39204.0,1.0,-0.3592343032360077,-0.3410375416278839
7898,39206.0,1.0,-0.5437502264976501,-0.12406770884990692
7899,39207.0,0.0,-0.024890802800655365,-0.08269838988780975
7900,39217.0,1.0,-1.7433563470840454,-0.3041980564594269
7901,39220.0,1.0,-2.290876626968384,-0.3864125609397888
7902,39221.0,1.0,-28.116201400756836,-4.264289379119873
7903,39222.0,1.0,-1.7737226486206055,-0.3087577819824219
7904,39224.0,1.0,-0.7557516098022461,-0.15590138733386993
7905,39235.0,0.0,1.3845548629760742,-1.0717254877090454
7906,39242.0,1.0,-0.7562690377235413,-0.15597909688949585
7907,39249.0,0.0,0.5807498693466187,-0.4448249936103821
7908,39252.0,0.0,0.5175687074661255,-0.395548939704895
7909,39256.0,0.0,0.054329536855220795,-0.034261297434568405
7910,39261.0,0.0,0.054329536855220795,-0.034261297434568405
7911,39273.0,1.0,-0.11011963337659836,-0.0730845108628273
7912,39274.0,1.0,-0.7647075653076172,-0.1572462022304535
7913,39279.0,0.0,0.10135722160339355,-0.18949830532073975
7914,39280.0,0.0,0.054329536855220795,-0.034261297434568405
7915,39309.0,1.0,-0.7420774102210999,-0.15384811162948608
7916,39316.0,1.0,-1.1443730592727661,-0.21425597369670868
7917,39318.0,0.0,0.5071154832839966,-0.38739630579948425
7918,39322.0,1.0,-0.9226242303848267,-0.18095864355564117
7919,39328.0,1.0,-0.41859254240989685,-0.10527428984642029
7920,39338.0,0.0,0.253159761428833,-0.18933218717575073
7921,39347.0,1.0,-24.62076759338379,-3.73942232131958
7922,39355.0,1.0,-0.9855489730834961,-0.19040729105472565
7923,39358.0,1.0,-28.729286193847656,-4.356348991394043
7924,39360.0,0.0,-0.1976807713508606,-0.24099288880825043
7925,39366.0,1.0,-1.4613676071166992,-0.26185521483421326
7926,39367.0,1.0,-1.2367663383483887,-0.2281295657157898
7927,39370.0,1.0,-1.4108260869979858,-0.25426599383354187
7928,39372.0,1.0,-1.7652146816253662,-0.30748024582862854
7929,39383.0,1.0,-0.8867610692977905,-0.17557349801063538
7930,39385.0,1.0,-0.9738497734069824,-0.18865056335926056
7931,39395.0,0.0,0.41238516569137573,-0.3135146200656891
7932,39405.0,1.0,-1.9271368980407715,-0.3317941725254059
7933,39408.0,1.0,-1.4499229192733765,-0.2601366937160492
7934,39423.0,1.0,-1.8005096912384033,-0.31278008222579956
7935,39428.0,1.0,-0.5425379276275635,-0.12388567626476288
7936,39439.0,1.0,-0.339242160320282,-0.09335920214653015
7937,39442.0,1.0,-0.7760137319564819,-0.15894390642642975
7938,39443.0,1.0,-1.3685307502746582,-0.24791502952575684
7939,39446.0,1.0,-1.12967050075531,-0.21204827725887299
7940,39452.0,0.0,1.040513038635254,-0.8034015893936157
7941,39453.0,1.0,-1.4727377891540527,-0.26356253027915955
7942,39456.0,1.0,-1.5497229099273682,-0.2751224637031555
7943,39460.0,1.0,-0.658691942691803,-0.1413271129131317
7944,39468.0,1.0,-0.5419191122055054,-0.12379275262355804
7945,39474.0,1.0,-1.1157904863357544,-0.2099640816450119
7946,39477.0,1.0,-1.8233983516693115,-0.31621700525283813
7947,39485.0,1.0,-1.4419058561325073,-0.258932888507843
7948,39487.0,1.0,-2.506025791168213,-0.41871893405914307
7949,39494.0,0.0,0.4448755383491516,-0.3388543725013733
7950,39496.0,1.0,-0.41966915130615234,-0.10543595254421234
7951,39514.0,0.0,0.1852492392063141,-0.13636767864227295
7952,39517.0,1.0,-0.9909342527389526,-0.19121593236923218
7953,39525.0,1.0,-29.13575553894043,-4.417383670806885
7954,39554.0,1.0,-2.243303060531616,-0.379269003868103
7955,39563.0,1.0,-27.821048736572266,-4.219969749450684
7956,39567.0,1.0,-2.1857025623321533,-0.37061986327171326
7957,39585.0,1.0,-0.595908522605896,-0.13189968466758728
7958,39589.0,1.0,-0.7466409206390381,-0.15453334152698517
7959,39591.0,1.0,-1.1706849336624146,-0.21820691227912903
7960,39601.0,1.0,-0.47012653946876526,-0.11301253736019135
7961,39605.0,1.0,-1.1991069316864014,-0.22247470915317535
7962,39625.0,0.0,0.298783540725708,-0.22491490840911865
7963,39629.0,1.0,-0.9837532043457031,-0.19013763964176178
7964,39631.0,1.0,-1.180754542350769,-0.21971894800662994
7965,39637.0,0.0,1.1885415315628052,-0.9188514947891235
7966,39639.0,0.0,0.4945750832557678,-0.37761586904525757
7967,39647.0,1.0,-2.189333200454712,-0.371165007352829
7968,39653.0,1.0,-1.7282418012619019,-0.30192849040031433
7969,39658.0,1.0,-1.496307611465454,-0.2671017348766327
7970,39660.0,0.0,0.1589553952217102,-0.11586068570613861
7971,39664.0,1.0,-2.225987434387207,-0.3766689598560333
7972,39667.0,1.0,-1.8807854652404785,-0.32483410835266113
7973,39681.0,0.0,0.13580858707427979,-0.15613797307014465
7974,39689.0,1.0,-0.6145231127738953,-0.13469481468200684
7975,39692.0,1.0,-1.7899267673492432,-0.31119096279144287
7976,39694.0,1.0,-1.7068370580673218,-0.29871439933776855
7977,39704.0,0.0,0.054329536855220795,-0.034261297434568405
7978,39706.0,1.0,-0.7675778269767761,-0.15767718851566315
7979,39707.0,1.0,-1.6055831909179688,-0.28351032733917236
7980,39710.0,0.0,0.8916338086128235,-1.09927237033844
7981,39717.0,1.0,-2.0088038444519043,-0.3440571129322052
7982,39721.0,0.0,0.054329536855220795,-0.034261297434568405
7983,39722.0,0.0,-0.04540712386369705,-0.04923754930496216
7984,39728.0,1.0,-0.3471924960613251,-0.09455300867557526
7985,39743.0,1.0,-0.9430868625640869,-0.18403127789497375
7986,39744.0,1.0,-2.158587694168091,-0.3665483295917511
7987,39747.0,0.0,0.8090117573738098,-0.6228501200675964
7988,39751.0,1.0,-1.9721018075942993,-0.3385459780693054
7989,39759.0,1.0,-0.05330146849155426,-0.050422944128513336
7990,39769.0,0.0,0.054329536855220795,-0.034261297434568405
7991,39771.0,1.0,-0.52915358543396,-0.12187589704990387
7992,39773.0,0.0,0.5784456133842468,-0.44302788376808167
7993,39777.0,1.0,-0.6024936437606812,-0.13288849592208862
7994,39782.0,1.0,-21.322561264038086,-3.2441704273223877
7995,39790.0,1.0,-1.4364925622940063,-0.25812003016471863
7996,39791.0,0.0,0.054329536855220795,-0.034261297434568405
7997,39797.0,0.0,0.1172301173210144,-0.2295590043067932
7998,39798.0,1.0,-1.6173248291015625,-0.28527340292930603
7999,39803.0,1.0,-0.10868050903081894,-0.05873854458332062
8000,39809.0,1.0,-0.4867028295993805,-0.15341253578662872
8001,39812.0,0.0,0.054329536855220795,-0.034261297434568405
8002,39816.0,0.0,0.44029703736305237,-0.3352835476398468
8003,39821.0,1.0,-1.226516842842102,-0.22659052908420563
8004,39823.0,0.0,0.713047444820404,-0.548005998134613
8005,39828.0,1.0,-23.144697189331055,-3.5177786350250244
8006,39850.0,1.0,-0.17469441890716553,-0.06865105777978897
8007,39857.0,0.0,0.7504063248634338,-0.5771427750587463
8008,39865.0,0.0,-0.25454381108283997,-0.31062769889831543
8009,39867.0,1.0,-2.6946940422058105,-0.44704896211624146
8010,39870.0,1.0,-0.19542935490608215,-0.07176457345485687
8011,39873.0,1.0,-1.927046537399292,-0.3317805826663971
8012,39874.0,0.0,0.054329536855220795,-0.034261297434568405
8013,39880.0,1.0,-25.051334381103516,-3.8040754795074463
8014,39883.0,1.0,-2.705286979675293,-0.44863957166671753
8015,39895.0,1.0,-2.1698410511016846,-0.3682381212711334
8016,39907.0,1.0,-1.4486286640167236,-0.25994235277175903
8017,39911.0,1.0,-1.741361141204834,-0.3038984537124634
8018,39914.0,1.0,-0.87259441614151,-0.17344626784324646
8019,39916.0,1.0,-0.8802129626274109,-0.17459025979042053
8020,39919.0,0.0,0.054329536855220795,-0.034261297434568405
8021,39925.0,1.0,-3.5244250297546387,-0.5716395974159241
8022,39932.0,1.0,-1.3892481327056885,-0.251025915145874
8023,39941.0,1.0,-2.3940467834472656,-0.4019043743610382
8024,39946.0,1.0,-0.921505868434906,-0.1807907074689865
8025,39948.0,1.0,-1.5860605239868164,-0.2805788516998291
8026,39949.0,1.0,-0.19066646695137024,-0.07104938477277756
8027,39954.0,0.0,0.5671514868736267,-0.4342193901538849
8028,39964.0,1.0,-0.317694753408432,-0.09012369066476822
8029,39965.0,0.0,0.38940420746803284,-0.29559141397476196
8030,39971.0,1.0,-1.5680761337280273,-0.2778783440589905
8031,39973.0,1.0,-1.8632808923721313,-0.32220569252967834
8032,39978.0,1.0,-1.3965386152267456,-0.25212061405181885
8033,39980.0,1.0,-0.9284799695014954,-0.18183793127536774
8034,39983.0,1.0,-27.315635681152344,-4.144078254699707
8035,39984.0,1.0,-0.4237210154533386,-0.10604438185691833
8036,40002.0,1.0,-1.5129592418670654,-0.26960211992263794
8037,40003.0,1.0,-1.7479661703109741,-0.3048902750015259
8038,40007.0,1.0,-0.509082555770874,-0.1188620775938034
8039,40008.0,1.0,-1.6667793989181519,-0.2926994264125824
8040,40016.0,0.0,0.054329536855220795,-0.034261297434568405
8041,40023.0,1.0,-0.06394030898809433,-0.05202045291662216
8042,40034.0,1.0,-1.530804991722107,-0.27228179574012756
8043,40036.0,0.0,-0.08565989881753922,-0.10148012638092041
8044,40042.0,1.0,-0.46751120686531067,-0.11261981725692749
8045,40043.0,1.0,-1.4617578983306885,-0.26191380620002747
8046,40044.0,0.0,0.26776793599128723,-0.20072534680366516
8047,40054.0,1.0,-1.6781268119812012,-0.2944033145904541
8048,40061.0,1.0,-0.6467060446739197,-0.1395273357629776
8049,40068.0,1.0,-0.2491033375263214,-0.07982414960861206
8050,40069.0,1.0,-1.7893513441085815,-0.31110456585884094
8051,40077.0,1.0,-0.5555934906005859,-0.12584607303142548
8052,40083.0,1.0,-0.5861322283744812,-0.13043169677257538
8053,40084.0,1.0,-2.3176662921905518,-0.39043524861335754
8054,40087.0,1.0,-0.29363179206848145,-0.08651044964790344
8055,40099.0,1.0,-1.3962165117263794,-0.252072274684906
8056,40102.0,1.0,-2.786247968673706,-0.4607965052127838
8057,40106.0,1.0,-0.4626924693584442,-0.11189624667167664
8058,40107.0,0.0,0.524726927280426,-0.401131808757782
8059,40109.0,0.0,0.34759965538978577,-0.2629873752593994
8060,40127.0,1.0,-26.33393096923828,-3.9966673851013184
8061,40130.0,1.0,-2.1448328495025635,-0.36448293924331665
8062,40132.0,1.0,-0.8833914995193481,-0.17506754398345947
8063,40137.0,1.0,-0.37634557485580444,-0.09893058240413666
8064,40140.0,1.0,-1.5531386137008667,-0.27563536167144775
8065,40145.0,1.0,-0.6347114443778992,-0.13772626221179962
8066,40152.0,0.0,0.3699198365211487,-0.2803952395915985
8067,40154.0,0.0,0.4132879078388214,-0.314218670129776
8068,40158.0,1.0,-0.23268097639083862,-0.0773582011461258
8069,40162.0,0.0,1.9431791305541992,-1.4922858476638794
8070,40166.0,0.0,0.6157901287078857,-0.4721534550189972
8071,40181.0,1.0,-0.34819358587265015,-0.09470333158969879
8072,40185.0,0.0,0.054329536855220795,-0.034261297434568405
8073,40198.0,1.0,-18.560810089111328,-2.8294718265533447
8074,40200.0,1.0,-2.0522775650024414,-0.35058504343032837
8075,40201.0,1.0,-1.772614598274231,-0.30859139561653137
8076,40226.0,1.0,-28.301572799682617,-4.292124271392822
8077,40229.0,0.0,0.3183046281337738,-0.33850395679473877
8078,40256.0,1.0,-0.9637680053710938,-0.187136709690094
8079,40257.0,1.0,-1.3748602867126465,-0.24886545538902283
8080,40259.0,1.0,-0.9234427809715271,-0.18108154833316803
8081,40277.0,1.0,-1.7768137454986572,-0.30922195315361023
8082,40280.0,1.0,-0.3239474594593048,-0.09106259047985077
8083,40285.0,0.0,0.054329536855220795,-0.034261297434568405
8084,40287.0,1.0,-1.1925077438354492,-0.22148378193378448
8085,40291.0,1.0,-2.129517078399658,-0.362183153629303
8086,40295.0,1.0,-1.4888488054275513,-0.2659817337989807
8087,40296.0,0.0,0.054329536855220795,-0.034261297434568405
8088,40303.0,1.0,-2.8063619136810303,-0.46381676197052
8089,40304.0,1.0,-26.49062156677246,-4.020195960998535
8090,40305.0,0.0,0.054329536855220795,-0.034261297434568405
8091,40308.0,1.0,-1.426086664199829,-0.25655749440193176
8092,40309.0,1.0,-2.8600339889526367,-0.4718760550022125
8093,40310.0,1.0,-0.2671550214290619,-0.19402089715003967
8094,40319.0,1.0,-0.8301816582679749,-0.1670776605606079
8095,40324.0,1.0,-2.300482749938965,-0.38785502314567566
8096,40327.0,1.0,-0.9605821371078491,-0.1866583228111267
8097,40328.0,1.0,-1.6745641231536865,-0.29386836290359497
8098,40336.0,1.0,-1.5465635061264038,-0.2746480703353882
8099,40359.0,1.0,-1.926682949066162,-0.33172598481178284
8100,40360.0,0.0,-0.039763063192367554,-0.16483919322490692
8101,40361.0,1.0,-2.7310922145843506,-0.4525144398212433
8102,40364.0,1.0,-0.3795967102050781,-0.0994187593460083
8103,40368.0,1.0,-1.2533694505691528,-0.23062264919281006
8104,40370.0,1.0,-24.50168228149414,-3.721540689468384
8105,40373.0,1.0,-1.5183897018432617,-0.27041754126548767
8106,40381.0,1.0,-0.9486511945724487,-0.184866800904274
8107,40383.0,0.0,0.7118811011314392,-0.5470963716506958
8108,40385.0,1.0,-1.1173279285430908,-0.210194930434227
8109,40391.0,1.0,-2.0567400455474854,-0.3512550890445709
8110,40393.0,1.0,-4.188945293426514,-0.6714226007461548
8111,40395.0,0.0,1.173181414604187,-0.9068719148635864
8112,40398.0,0.0,0.15873342752456665,-0.11568757891654968
8113,40403.0,1.0,-1.5206472873687744,-0.2707565426826477
8114,40404.0,0.0,0.29979559779167175,-0.22570422291755676
8115,40408.0,1.0,-1.2864247560501099,-0.23558616638183594
8116,40411.0,1.0,-0.811287522315979,-0.16424055397510529
8117,40420.0,1.0,-0.43055257201194763,-0.10707017779350281
8118,40422.0,0.0,0.054329536855220795,-0.034261297434568405
8119,40430.0,1.0,-1.7461973428726196,-0.30462464690208435
8120,40432.0,0.0,0.054329536855220795,-0.034261297434568405
8121,40433.0,1.0,-1.882788896560669,-0.3251349627971649
8122,40435.0,1.0,-1.3232003450393677,-0.24110832810401917
8123,40436.0,1.0,-1.039766550064087,-0.19854849576950073
8124,40448.0,0.0,-0.10421856492757797,-0.12468975782394409
8125,40450.0,1.0,-0.4395417273044586,-0.1084199845790863
8126,40461.0,1.0,-1.4632760286331177,-0.26214179396629333
8127,40462.0,1.0,-0.9612900018692017,-0.18676459789276123
8128,40463.0,0.0,0.5939896702766418,-0.45515090227127075
8129,40464.0,0.0,0.26170942187309265,-0.19600021839141846
8130,40476.0,0.0,0.6769059896469116,-0.5198187232017517
8131,40481.0,1.0,-0.6484829783439636,-0.13979415595531464
8132,40484.0,1.0,-3.440162420272827,-0.5589869618415833
8133,40489.0,1.0,-2.779550313949585,-0.45979079604148865
8134,40491.0,1.0,-27.758914947509766,-4.210639953613281
8135,40492.0,0.0,0.054329536855220795,-0.034261297434568405
8136,40494.0,1.0,-1.9806066751480103,-0.33982306718826294
8137,40499.0,1.0,-2.3121230602264404,-0.3896028995513916
8138,40500.0,1.0,-0.7667702436447144,-0.15755592286586761
8139,40504.0,1.0,-3.5090510845184326,-0.5693311095237732
8140,40505.0,1.0,-22.774499893188477,-3.462190628051758
8141,40521.0,1.0,-0.9522780179977417,-0.18541139364242554
8142,40530.0,1.0,-2.1252248287200928,-0.3615386486053467
8143,40535.0,0.0,0.054329536855220795,-0.034261297434568405
8144,40538.0,1.0,-2.0231964588165283,-0.3462182581424713
8145,40539.0,1.0,-0.26400551199913025,-0.08206182718276978
8146,40540.0,1.0,-1.2091724872589111,-0.22398613393306732
8147,40543.0,0.0,0.8063139319419861,-0.6207460165023804
8148,40550.0,1.0,-2.6602718830108643,-0.4418801963329315
8149,40561.0,1.0,-1.6464964151382446,-0.2896537482738495
8150,40566.0,1.0,-2.341952323913574,-0.3940820097923279
8151,40567.0,1.0,-0.7645754814147949,-0.15722636878490448
8152,40574.0,1.0,-1.4617398977279663,-0.2619111239910126
8153,40575.0,1.0,-1.958358645439148,-0.33648234605789185
8154,40579.0,1.0,-1.2071013450622559,-0.22367513179779053
8155,40582.0,1.0,-1.5145014524459839,-0.26983368396759033
8156,40586.0,1.0,-1.9503790140151978,-0.33528414368629456
8157,40590.0,0.0,1.331211805343628,-1.0301223993301392
8158,40592.0,1.0,-1.5661410093307495,-0.27758777141571045
8159,40593.0,1.0,-1.1178081035614014,-0.2102670520544052
8160,40595.0,1.0,-1.1971585750579834,-0.22218213975429535
8161,40597.0,1.0,-0.258177250623703,-0.08118666708469391
8162,40603.0,0.0,0.054329536855220795,-0.034261297434568405
8163,40604.0,1.0,-2.6422548294067383,-0.4391748011112213
8164,40608.0,1.0,-1.758349895477295,-0.30644944310188293
8165,40632.0,1.0,-0.7245113849639893,-0.15121042728424072
8166,40638.0,0.0,-0.020920298993587494,-0.04556065797805786
8167,40642.0,1.0,-1.3767622709274292,-0.2491510659456253
8168,40652.0,1.0,-1.6653932332992554,-0.29249125719070435
8169,40654.0,1.0,-0.4460603892803192,-0.10939881205558777
8170,40655.0,1.0,-1.8579684495925903,-0.3214079737663269
8171,40669.0,1.0,-0.5305487513542175,-0.12208540737628937
8172,40670.0,1.0,-0.2198362946510315,-0.07542946934700012
8173,40676.0,1.0,-0.592414915561676,-0.13137508928775787
8174,40683.0,0.0,0.6119124293327332,-0.46912917494773865
8175,40685.0,1.0,-0.2882823646068573,-0.08570718765258789
8176,40689.0,1.0,-1.3288004398345947,-0.24194921553134918
8177,40694.0,0.0,0.7897524237632751,-0.6078294515609741
8178,40698.0,1.0,-23.150035858154297,-3.518580436706543
8179,40699.0,1.0,-1.3404195308685303,-0.24369391798973083
8180,40705.0,1.0,-0.9839774370193481,-0.19017131626605988
8181,40706.0,1.0,-27.843629837036133,-4.223360538482666
8182,40707.0,1.0,-0.8418779969215393,-0.16883395612239838
8183,40710.0,1.0,-1.6828277111053467,-0.29510921239852905
8184,40726.0,1.0,-27.168378829956055,-4.121966361999512
8185,40729.0,1.0,-0.6239953637123108,-0.1361171454191208
8186,40740.0,1.0,-1.9288361072540283,-0.33204931020736694
8187,40741.0,1.0,-3.146536111831665,-0.5148966312408447
8188,40742.0,1.0,-0.5456139445304871,-0.12434755265712738
8189,40760.0,0.0,0.054329536855220795,-0.034261297434568405
8190,40761.0,1.0,-2.234710931777954,-0.3779788613319397
8191,40790.0,1.0,-1.0481199026107788,-0.19980281591415405
8192,40791.0,1.0,-0.6088391542434692,-0.13384132087230682
8193,40793.0,1.0,-3.142218828201294,-0.5142483711242676
8194,40794.0,1.0,-1.0641013383865356,-0.20220254361629486
8195,40795.0,0.0,0.054329536855220795,-0.034261297434568405
8196,40798.0,1.0,-2.714463949203491,-0.4500175416469574
8197,40801.0,1.0,-1.7652877569198608,-0.3074912130832672
8198,40803.0,1.0,-1.120308756828308,-0.21064253151416779
8199,40812.0,0.0,0.6881927251815796,-0.5286213755607605
8200,40813.0,0.0,0.39861106872558594,-0.30277198553085327
8201,40814.0,1.0,-1.2361968755722046,-0.2280440628528595
8202,40818.0,1.0,-1.2451632022857666,-0.22939041256904602
8203,40822.0,1.0,-0.5743309259414673,-0.12865963578224182
8204,40828.0,1.0,-1.0578563213348389,-0.20126481354236603
8205,40831.0,1.0,-23.2431640625,-3.532564163208008
8206,40833.0,1.0,-0.9361092448234558,-0.18298351764678955
8207,40842.0,1.0,-0.5254082679748535,-0.12131351232528687
8208,40846.0,0.0,0.054329536855220795,-0.034261297434568405
8209,40850.0,1.0,-27.559432983398438,-4.180685997009277
8210,40851.0,1.0,-0.5253351926803589,-0.1213025450706482
8211,40855.0,1.0,-30.319290161132812,-4.5951008796691895
8212,40857.0,1.0,-1.7975826263427734,-0.31234055757522583
8213,40859.0,0.0,0.36700639128685,-0.27812299132347107
8214,40862.0,1.0,-1.6321898698806763,-0.28750553727149963
8215,40875.0,1.0,-0.4247942268848419,-0.1062055230140686
8216,40878.0,1.0,-0.8247446417808533,-0.16626125574111938
8217,40882.0,1.0,-0.2333422303199768,-0.0774574875831604
8218,40884.0,1.0,-2.2266314029693604,-0.376765638589859
8219,40890.0,0.0,-0.04970818758010864,-0.21297192573547363
8220,40899.0,1.0,-0.6633424162864685,-0.142025426030159
8221,40917.0,1.0,-1.4330813884735107,-0.2576078176498413
8222,40919.0,1.0,-1.4761788845062256,-0.2640792429447174
8223,40930.0,1.0,-2.104193687438965,-0.35838064551353455
8224,40936.0,1.0,-3.1609947681427,-0.5170677304267883
8225,40939.0,0.0,0.054329536855220795,-0.034261297434568405
8226,40940.0,1.0,-2.4525139331817627,-0.4106837213039398
8227,40941.0,0.0,0.054329536855220795,-0.034261297434568405
8228,40946.0,1.0,-0.8747532367706299,-0.17377042770385742
8229,40948.0,0.0,0.07538468390703201,-0.05068254470825195
8230,40959.0,1.0,-0.6176334023475647,-0.1351618468761444
8231,40964.0,1.0,-0.23807787895202637,-0.078168585896492
8232,40968.0,0.0,0.054329536855220795,-0.034261297434568405
8233,40978.0,1.0,-0.3093356192111969,-0.08886849880218506
8234,40981.0,1.0,-2.128661870956421,-0.3620547354221344
8235,40983.0,0.0,0.054329536855220795,-0.034261297434568405
8236,40988.0,1.0,-2.272068977355957,-0.3835884630680084
8237,40991.0,0.0,0.04083634167909622,-0.03628740832209587
8238,40992.0,1.0,-1.5800576210021973,-0.27967745065689087
8239,41005.0,1.0,-1.8676363229751587,-0.32285967469215393
8240,41009.0,1.0,-1.857401728630066,-0.32132288813591003
8241,41016.0,1.0,-2.27966046333313,-0.3847283720970154
8242,41024.0,1.0,-2.557563066482544,-0.4264576733112335
8243,41035.0,1.0,-2.0157313346862793,-0.3450973331928253
8244,41044.0,1.0,-1.8749151229858398,-0.32395264506340027
8245,41057.0,0.0,0.06757210195064545,-0.48858633637428284
8246,41066.0,1.0,-1.8680106401443481,-0.3229158818721771
8247,41067.0,1.0,-1.0464916229248047,-0.1995583176612854
8248,41068.0,1.0,-1.9284347295761108,-0.331989049911499
8249,41070.0,0.0,0.201684832572937,-0.14918605983257294
8250,41071.0,1.0,-1.1672171354293823,-0.21768620610237122
8251,41074.0,0.0,0.37844935059547424,-0.5140232443809509
8252,41086.0,0.0,1.0993382930755615,-0.8492804765701294
8253,41088.0,1.0,-29.226560592651367,-4.431018829345703
8254,41091.0,0.0,0.054329536855220795,-0.034261297434568405
8255,41094.0,1.0,-2.449471950531006,-0.4102269411087036
8256,41103.0,1.0,-0.09961502999067307,-0.058670349419116974
8257,41106.0,0.0,0.28856950998306274,-0.21694880723953247
8258,41107.0,1.0,-1.0740360021591187,-0.20369432866573334
8259,41108.0,1.0,-0.46677204966545105,-0.11250883340835571
8260,41111.0,1.0,-27.88547134399414,-4.22964334487915
8261,41113.0,1.0,-2.3001933097839355,-0.387811541557312
8262,41115.0,1.0,-2.595634937286377,-0.4321744441986084
8263,41117.0,1.0,-1.2530707120895386,-0.23057779669761658
8264,41137.0,0.0,0.09462271630764008,-0.06568659096956253
8265,41139.0,0.0,0.754525363445282,-0.5803552865982056
8266,41145.0,1.0,-1.1475255489349365,-0.21472935378551483
8267,41146.0,0.0,0.054329536855220795,-0.034261297434568405
8268,41151.0,1.0,-0.7161756753921509,-0.1499587595462799
8269,41152.0,1.0,-1.0848431587219238,-0.20531709492206573
8270,41154.0,1.0,-3.50333833694458,-0.5684732794761658
8271,41161.0,1.0,-1.8805644512176514,-0.32480093836784363
8272,41171.0,1.0,-1.6788088083267212,-0.2945057153701782
8273,41174.0,1.0,-1.624889850616455,-0.2864093780517578
8274,41178.0,0.0,0.5545039176940918,-0.4243553578853607
8275,41187.0,1.0,-0.08750315755605698,-0.05555859953165054
8276,41189.0,1.0,-2.0530202388763428,-0.3506965637207031
8277,41194.0,1.0,-0.7721936702728271,-0.15837030112743378
8278,41203.0,1.0,-1.0724769830703735,-0.2034602165222168
8279,41204.0,0.0,0.054329536855220795,-0.034261297434568405
8280,41208.0,1.0,-0.37988168001174927,-0.3561573028564453
8281,41212.0,0.0,0.05881141871213913,-0.0377567894756794
8282,41213.0,1.0,-1.8793556690216064,-0.32461944222450256
8283,41219.0,1.0,-1.460843563079834,-0.26177653670310974
8284,41222.0,1.0,-0.9991132020950317,-0.1924440562725067
8285,41225.0,1.0,-1.013530969619751,-0.19460900127887726
8286,41239.0,1.0,-26.43617057800293,-4.012019634246826
8287,41241.0,0.0,0.7539158463478088,-0.5798799395561218
8288,41242.0,1.0,-1.4162373542785645,-0.2550785541534424
8289,41253.0,1.0,-0.7346231341362,-0.15272878110408783
8290,41255.0,1.0,-2.0296339988708496,-0.3471849262714386
8291,41256.0,1.0,-1.2935166358947754,-0.23665107786655426
8292,41257.0,1.0,-0.41931790113449097,-0.10538321733474731
8293,41271.0,0.0,0.2749052941799164,-0.20629189908504486
8294,41272.0,1.0,-0.9506915807723999,-0.1851731687784195
8295,41274.0,1.0,-0.8807335495948792,-0.17466843128204346
8296,41283.0,1.0,-1.0818673372268677,-0.20487025380134583
8297,41286.0,1.0,-0.4489966928958893,-0.10983972251415253
8298,41287.0,0.0,0.12170138955116272,-0.08680568635463715
8299,41289.0,1.0,-2.979660749435425,-0.48983895778656006
8300,41293.0,1.0,-0.2896697521209717,-0.08591552078723907
8301,41309.0,1.0,-1.5024396181106567,-0.2680225074291229
8302,41320.0,1.0,-0.25620776414871216,-0.08089093118906021
8303,41323.0,1.0,-2.1170716285705566,-0.36031436920166016
8304,41324.0,1.0,-2.295804262161255,-0.3871524930000305
8305,41329.0,1.0,-1.205234408378601,-0.22339481115341187
8306,41331.0,1.0,-2.6159870624542236,-0.4352304935455322
8307,41334.0,1.0,-0.9819660186767578,-0.18986928462982178
8308,41336.0,0.0,0.054329536855220795,-0.034261297434568405
8309,41338.0,1.0,-1.1871671676635742,-0.22068186104297638
8310,41339.0,1.0,-1.1384904384613037,-0.21337266266345978
8311,41348.0,1.0,-0.4073813855648041,-0.10359084606170654
8312,41349.0,1.0,-2.2844085693359375,-0.3854413330554962
8313,41350.0,1.0,-0.29299139976501465,-0.08641429245471954
8314,41354.0,1.0,-27.322904586791992,-4.145169734954834
8315,41360.0,1.0,-0.05123499780893326,-0.05011264979839325
8316,41363.0,1.0,-0.4975903332233429,-0.11713643372058868
8317,41375.0,1.0,-0.3273043632507324,-0.09156665205955505
8318,41376.0,1.0,-0.5785799622535706,-0.2646181583404541
8319,41381.0,1.0,-1.4510748386383057,-0.26030969619750977
8320,41392.0,1.0,-1.5985063314437866,-0.2824476659297943
8321,41394.0,1.0,-29.16583824157715,-4.421900749206543
8322,41398.0,1.0,-0.47588595747947693,-0.11387735605239868
8323,41406.0,1.0,-3.8064892292022705,-0.6139938235282898
8324,41412.0,1.0,-0.38754695653915405,-0.33083370327949524
8325,41418.0,1.0,-30.159130096435547,-4.571051120758057
8326,41422.0,1.0,-0.9142840504646301,-0.17970629036426544
8327,41423.0,1.0,-2.068204641342163,-0.35297659039497375
8328,41440.0,1.0,-1.2047048807144165,-0.2233152836561203
8329,41441.0,1.0,-0.11494479328393936,-0.05967918038368225
8330,41444.0,1.0,-1.4434781074523926,-0.25916895270347595
8331,41447.0,1.0,-28.69553565979004,-4.35128116607666
8332,41457.0,1.0,-0.9135404825210571,-0.17959463596343994
8333,41468.0,1.0,-0.42516037821769714,-0.1062605082988739
8334,41470.0,0.0,0.32036980986595154,-0.24175038933753967
8335,41475.0,1.0,-1.6945246458053589,-0.2968655824661255
8336,41476.0,1.0,-1.542117953300476,-0.2739805281162262
8337,41483.0,1.0,-0.28900983929634094,-0.08581642061471939
8338,41490.0,0.0,-0.027348145842552185,-0.04652584716677666
8339,41494.0,1.0,-0.7357050776481628,-0.15289124846458435
8340,41495.0,0.0,0.19973158836364746,-0.1476626992225647
8341,41496.0,1.0,-3.1467175483703613,-0.5149238705635071
8342,41518.0,1.0,-0.5288444757461548,-0.12182949483394623
8343,41519.0,1.0,-1.244316577911377,-0.2292633056640625
8344,41521.0,1.0,-1.792449712753296,-0.31156980991363525
8345,41532.0,1.0,-1.7681680917739868,-0.30792373418807983
8346,41536.0,0.0,0.054329536855220795,-0.034261297434568405
8347,41539.0,1.0,-2.018336296081543,-0.3454884886741638
8348,41545.0,1.0,-0.4279578924179077,-0.10668057203292847
8349,41550.0,1.0,-2.095489263534546,-0.3570736050605774
8350,41552.0,1.0,-0.19176089763641357,-0.0712137222290039
8351,41557.0,1.0,-2.2534706592559814,-0.38079577684402466
8352,41560.0,1.0,-1.046007752418518,-0.1994856595993042
8353,41563.0,1.0,-0.6100091934204102,-0.1340170055627823
8354,41565.0,1.0,-2.2864928245544434,-0.3857543170452118
8355,41568.0,1.0,-0.4714902341365814,-0.113217294216156
8356,41569.0,1.0,-2.2573320865631104,-0.38137561082839966
8357,41575.0,1.0,-1.3219048976898193,-0.24091379344463348
8358,41576.0,1.0,-22.817943572998047,-3.4687139987945557
8359,41583.0,1.0,-0.3237692415714264,-0.09103582799434662
8360,41584.0,1.0,-1.0947842597961426,-0.20680983364582062
8361,41586.0,0.0,0.5183249711990356,-0.3961387574672699
8362,41589.0,1.0,-2.0301742553710938,-0.3472660481929779
8363,41591.0,1.0,-0.2624775767326355,-0.0818323940038681
8364,41596.0,1.0,-2.0758626461029053,-0.35412654280662537
8365,41597.0,1.0,-1.100101113319397,-0.2076082080602646
8366,41610.0,1.0,-1.4705297946929932,-0.26323097944259644
8367,41614.0,1.0,-28.418371200561523,-4.309662818908691
8368,41641.0,1.0,-5.178400993347168,-0.8199971914291382
8369,41644.0,1.0,-0.4884019196033478,-0.11575672030448914
8370,41646.0,1.0,-0.9550759792327881,-0.18583153188228607
8371,41648.0,1.0,-1.3685634136199951,-0.2479199320077896
8372,41656.0,1.0,-0.4279356598854065,-0.10667723417282104
8373,41660.0,1.0,-1.7670446634292603,-0.3077550232410431
8374,41661.0,1.0,-0.8213202953338623,-0.16574706137180328
8375,41662.0,1.0,-1.4840654134750366,-0.26526346802711487
8376,41671.0,0.0,0.054329536855220795,-0.034261297434568405
8377,41683.0,1.0,-22.582622528076172,-3.4333786964416504
8378,41684.0,0.0,0.33024275302886963,-0.3722238540649414
8379,41710.0,1.0,-27.538494110107422,-4.177542209625244
8380,41718.0,1.0,-4.74179220199585,-0.7544369101524353
8381,41719.0,1.0,-1.676699161529541,-0.2941889464855194
8382,41725.0,1.0,-1.8556336164474487,-0.32105737924575806
8383,41728.0,0.0,0.054329536855220795,-0.034261297434568405
8384,41731.0,1.0,-0.33578380942344666,-0.09283991158008575
8385,41733.0,1.0,-1.7953643798828125,-0.31200748682022095
8386,41762.0,1.0,-1.7776072025299072,-0.30934107303619385
8387,41766.0,1.0,-27.310583114624023,-4.143319606781006
8388,41770.0,1.0,-1.4294564723968506,-0.25706350803375244
8389,41775.0,1.0,-1.2906640768051147,-0.2362227439880371
8390,41781.0,0.0,1.2905901670455933,-0.9984408617019653
8391,41783.0,1.0,-2.271310806274414,-0.3834746181964874
8392,41789.0,1.0,-2.484848737716675,-0.415539026260376
8393,41790.0,1.0,-1.8079614639282227,-0.3138990104198456
8394,41801.0,1.0,-2.140857458114624,-0.3638860285282135
8395,41803.0,1.0,-28.64635467529297,-4.343896389007568
8396,41812.0,1.0,-1.9741133451461792,-0.3388480544090271
8397,41816.0,0.0,0.054329536855220795,-0.034261297434568405
8398,41817.0,1.0,-2.4690206050872803,-0.4131622910499573
8399,41825.0,1.0,-1.8163014650344849,-0.3151513338088989
8400,41835.0,0.0,0.1155221164226532,-0.23738177120685577
8401,41856.0,1.0,-1.6417115926742554,-0.28893527388572693
8402,41858.0,0.0,3.1751954555511475,-2.4682745933532715
8403,41859.0,1.0,-2.100572347640991,-0.35783687233924866
8404,41862.0,1.0,-2.5550010204315186,-0.4260729253292084
8405,41863.0,1.0,-1.1356600522994995,-0.21294765174388885
8406,41865.0,0.0,0.7809426784515381,-0.6009585857391357
8407,41867.0,1.0,-2.0694122314453125,-0.3531579375267029
8408,41881.0,1.0,-1.5041567087173462,-0.2682803273200989
8409,41890.0,0.0,0.054329536855220795,-0.034261297434568405
8410,41895.0,1.0,-2.296847343444824,-0.38730913400650024
8411,41901.0,1.0,-0.3843529522418976,-0.10013295710086823
8412,41907.0,1.0,-3.2095019817352295,-0.5243514776229858
8413,41908.0,1.0,-0.10262728482484818,-0.0578296072781086
8414,41909.0,0.0,0.054329536855220795,-0.034261297434568405
8415,41921.0,1.0,-1.4101699590682983,-0.25416749715805054
8416,41925.0,0.0,0.30517181754112244,-0.22989723086357117
8417,41927.0,1.0,-27.96864128112793,-4.242132186889648
8418,41928.0,0.0,1.6277490854263306,-1.2613966464996338
8419,41929.0,1.0,-0.5190742611885071,-0.12036241590976715
8420,41930.0,0.0,0.3434939682483673,-0.2597852945327759
8421,41931.0,1.0,-2.9845011234283447,-0.49056577682495117
8422,41932.0,1.0,-0.0935266986489296,-0.056463081389665604
8423,41933.0,1.0,-1.5860283374786377,-0.2805740237236023
8424,41940.0,1.0,-1.2407903671264648,-0.22873379290103912
8425,41942.0,0.0,0.3006942868232727,-0.22640512883663177
8426,41945.0,1.0,-1.3264689445495605,-0.24159912765026093
8427,41948.0,0.0,0.054329536855220795,-0.034261297434568405
8428,41954.0,0.0,0.3726452589035034,-0.2825208604335785
8429,41957.0,1.0,-1.4329588413238525,-0.2575894296169281
8430,41960.0,1.0,-2.2230279445648193,-0.3762245774269104
8431,41961.0,1.0,-28.38115119934082,-4.304073810577393
8432,41963.0,1.0,-3.1258544921875,-0.5117911100387573
8433,41966.0,1.0,-0.22759941220283508,-0.07659515738487244
8434,41967.0,1.0,-1.8764557838439941,-0.32418400049209595
8435,41968.0,0.0,1.7909796237945557,-1.388702630996704
8436,41970.0,1.0,-2.2463252544403076,-0.37972283363342285
8437,41976.0,1.0,-0.6964674592018127,-0.14699940383434296
8438,41986.0,1.0,-2.4671194553375244,-0.41287681460380554
8439,41987.0,1.0,-1.3544633388519287,-0.24580270051956177
8440,41997.0,0.0,0.6688026785850525,-0.5134987831115723
8441,42002.0,0.0,0.13573229312896729,-0.09774862229824066
8442,42005.0,0.0,0.10867014527320862,-0.1831364929676056
8443,42008.0,1.0,-2.362542152404785,-0.3971737325191498
8444,42015.0,1.0,-0.3820698857307434,-0.09979012608528137
8445,42030.0,1.0,-1.6975172758102417,-0.29731494188308716
8446,42032.0,1.0,-1.1249734163284302,-0.2113429754972458
8447,42036.0,1.0,-0.900646984577179,-0.1776585876941681
8448,42042.0,1.0,-0.23040607571601868,-0.07701660692691803
8449,42045.0,1.0,-2.4100356101989746,-0.40430524945259094
8450,42050.0,0.0,0.23752373456954956,-0.17713740468025208
8451,42056.0,1.0,-2.256046772003174,-0.38118261098861694
8452,42060.0,1.0,-26.959182739257812,-4.0905537605285645
8453,42068.0,1.0,-23.402502059936523,-3.556489944458008
8454,42071.0,1.0,-1.6445547342300415,-0.28936222195625305
8455,42074.0,1.0,-2.021925210952759,-0.3460274040699005
8456,42081.0,1.0,-0.22487196326255798,-0.07618561387062073
8457,42083.0,1.0,-0.12375428527593613,-0.07271096110343933
8458,42087.0,1.0,-0.9731167554855347,-0.1885404884815216
8459,42090.0,0.0,2.0467374324798584,-1.588172197341919
8460,42092.0,1.0,-0.788952112197876,-0.1608867049217224
8461,42094.0,1.0,-1.3587441444396973,-0.24644550681114197
8462,42095.0,1.0,-0.6315287947654724,-0.13724835216999054
8463,42096.0,1.0,-0.41806942224502563,-0.10519574582576752
8464,42101.0,1.0,-1.0676738023757935,-0.20273898541927338
8465,42102.0,0.0,3.3175222873687744,-2.731820821762085
8466,42107.0,1.0,-1.7183393239974976,-0.30044156312942505
8467,42113.0,1.0,-0.1251409351825714,-0.061210207641124725
8468,42118.0,1.0,-1.0408273935317993,-0.19870778918266296
8469,42120.0,0.0,0.01428043469786644,-0.04027498885989189
8470,42121.0,1.0,-1.048364281654358,-0.1998395025730133
8471,42125.0,1.0,-1.7564369440078735,-0.3061622083187103
8472,42138.0,1.0,-0.9143539667129517,-0.1797167956829071
8473,42140.0,1.0,-2.2453510761260986,-0.37957656383514404
8474,42160.0,1.0,-1.2486099004745483,-0.22990797460079193
8475,42164.0,1.0,-1.6138349771499634,-0.2847493886947632
8476,42167.0,1.0,-0.5594157576560974,-0.1264200061559677
8477,42168.0,0.0,0.054329536855220795,-0.034261297434568405
8478,42174.0,1.0,-0.7101765275001526,-0.14905793964862823
8479,42182.0,1.0,-2.1273789405822754,-0.36186209321022034
8480,42184.0,1.0,-1.4136868715286255,-0.2546955645084381
8481,42185.0,1.0,-1.5396382808685303,-0.27360817790031433
8482,42187.0,1.0,-0.8008729219436646,-0.16267672181129456
8483,42188.0,1.0,-1.3667927980422974,-0.24765406548976898
8484,42195.0,1.0,-1.4572242498397827,-0.26123306155204773
8485,42197.0,1.0,-1.139014720916748,-0.21345138549804688
8486,42199.0,1.0,-0.3493815064430237,-0.09488170593976974
8487,42210.0,1.0,-1.351453423500061,-0.24535073339939117
8488,42211.0,0.0,0.3011648654937744,-0.22677212953567505
8489,42219.0,1.0,-0.9466277360916138,-0.18456295132637024
8490,42223.0,0.0,0.25937768816947937,-0.1941816508769989
8491,42225.0,1.0,-0.4538348615169525,-0.11056621372699738
8492,42227.0,0.0,0.1566876769065857,-0.11409206688404083
8493,42228.0,0.0,0.7227205634117126,-0.555550217628479
8494,42231.0,1.0,-1.2564754486083984,-0.2310890406370163
8495,42233.0,1.0,-0.8844509720802307,-0.175226628780365
8496,42238.0,0.0,0.054329536855220795,-0.034261297434568405
8497,42239.0,1.0,-2.380429744720459,-0.3998596668243408
8498,42243.0,1.0,-1.2016375064849854,-0.22285468876361847
8499,42244.0,1.0,-1.5476927757263184,-0.2748176157474518
8500,42248.0,0.0,-0.08694029599428177,-0.9234004020690918
8501,42255.0,1.0,-0.3358370363712311,-0.09284789860248566
8502,42256.0,1.0,-2.0981831550598145,-0.3574781119823456
8503,42260.0,0.0,0.8792487382888794,-0.6776290535926819
8504,42268.0,1.0,-26.503734588623047,-4.022164821624756
8505,42282.0,0.0,0.054329536855220795,-0.034261297434568405
8506,42287.0,1.0,-0.7878742218017578,-0.16072486340999603
8507,42293.0,1.0,-0.14294427633285522,-0.06388352066278458
8508,42297.0,1.0,-1.4066511392593384,-0.2536391019821167
8509,42298.0,1.0,-1.9547549486160278,-0.33594122529029846
8510,42300.0,1.0,-1.1528083086013794,-0.21552260220050812
8511,42302.0,1.0,-0.6085729002952576,-0.1482001096010208
8512,42305.0,1.0,-1.840761423110962,-0.3188242018222809
8513,42309.0,1.0,-1.5373759269714355,-0.273268461227417
8514,42311.0,1.0,-0.994678258895874,-0.19177812337875366
8515,42318.0,1.0,-2.0173118114471436,-0.34533464908599854
8516,42321.0,1.0,-0.9864834547042847,-0.19054760038852692
8517,42333.0,1.0,-0.46754375100135803,-0.11262470483779907
8518,42335.0,1.0,-0.8859719038009644,-0.1754550039768219
8519,42339.0,1.0,-3.8131699562072754,-0.6149969696998596
8520,42344.0,1.0,-1.7181382179260254,-0.3004113435745239
8521,42345.0,1.0,-1.8835123777389526,-0.32524359226226807
8522,42347.0,1.0,-1.4336533546447754,-0.25769370794296265
8523,42355.0,1.0,-1.6144427061080933,-0.2848406434059143
8524,42362.0,1.0,-1.3830026388168335,-0.250088095664978
8525,42368.0,1.0,-1.4824591875076294,-0.26502227783203125
8526,42371.0,1.0,-1.2846219539642334,-0.2353154569864273
8527,42377.0,1.0,-1.4122403860092163,-0.2544783651828766
8528,42387.0,1.0,-0.0952889546751976,-0.05672769993543625
8529,42390.0,1.0,-0.2297484278678894,-0.0769178569316864
8530,42392.0,0.0,0.527745246887207,-0.40348583459854126
8531,42396.0,1.0,-1.8124021291732788,-0.31456583738327026
8532,42411.0,0.0,0.054329536855220795,-0.034261297434568405
8533,42417.0,1.0,-1.042348027229309,-0.1989361196756363
8534,42420.0,1.0,-1.1339632272720337,-0.21269287168979645
8535,42437.0,0.0,0.1698841154575348,-0.12438416481018066
8536,42444.0,1.0,-2.8530662059783936,-0.4708297848701477
8537,42452.0,1.0,-2.4910264015197754,-0.4164666533470154
8538,42455.0,0.0,0.760172963142395,-0.5847599506378174
8539,42458.0,0.0,0.054329536855220795,-0.034261297434568405
8540,42468.0,1.0,-1.3194947242736816,-0.2405518889427185
8541,42472.0,0.0,0.3877756893634796,-0.29432129859924316
8542,42480.0,1.0,-1.8821711540222168,-0.325042188167572
8543,42499.0,1.0,-1.313399314880371,-0.2396366149187088
8544,42503.0,1.0,-1.058629035949707,-0.20138084888458252
8545,42506.0,1.0,-23.23674964904785,-3.5316009521484375
8546,42507.0,1.0,-0.9993191957473755,-0.19247499108314514
8547,42530.0,1.0,-1.240277647972107,-0.2286568135023117
8548,42532.0,1.0,-1.4639006853103638,-0.2622355818748474
8549,42536.0,1.0,-1.2498451471328735,-0.23009344935417175
8550,42537.0,1.0,-1.2143510580062866,-0.22476373612880707
8551,42542.0,1.0,-30.10757827758789,-4.563310146331787
8552,42544.0,1.0,-1.3290722370147705,-0.24199001491069794
8553,42545.0,1.0,-1.6600571870803833,-0.29169002175331116
8554,42557.0,1.0,-1.053819179534912,-0.20065860450267792
8555,42558.0,1.0,-1.9364228248596191,-0.3331885039806366
8556,42559.0,1.0,-1.5409786701202393,-0.2738094627857208
8557,42569.0,0.0,0.06142784282565117,-0.09339049458503723
8558,42572.0,1.0,-1.6500059366226196,-0.2901807427406311
8559,42576.0,1.0,-1.9164353609085083,-0.33018723130226135
8560,42577.0,1.0,-1.0079373121261597,-0.19376908242702484
8561,42581.0,1.0,-27.797489166259766,-4.216432094573975
8562,42587.0,1.0,-0.6070824265480042,-0.13357754051685333
8563,42589.0,0.0,0.7476878762245178,-0.5750226378440857
8564,42591.0,1.0,-1.539414405822754,-0.273574560880661
8565,42594.0,1.0,-1.1841472387313843,-0.2202283889055252
8566,42601.0,0.0,0.30683019757270813,-0.23119062185287476
8567,42609.0,1.0,-1.3749700784683228,-0.2488819658756256
8568,42618.0,0.0,0.054329536855220795,-0.034261297434568405
8569,42636.0,1.0,-1.5794731378555298,-0.2795896828174591
8570,42644.0,1.0,-0.825241208076477,-0.1663358062505722
8571,42650.0,0.0,0.3475058972835541,-0.26291424036026
8572,42656.0,1.0,-1.4697630405426025,-0.26311585307121277
8573,42676.0,1.0,-0.9239965677261353,-0.1811647117137909
8574,42684.0,0.0,-0.03675127029418945,-0.04793780297040939
8575,42694.0,1.0,-0.11320535093545914,-0.05941798537969589
8576,42700.0,1.0,-0.7836792469024658,-0.1600949466228485
8577,42705.0,1.0,-0.884512186050415,-0.1752358227968216
8578,42706.0,1.0,-1.33561372756958,-0.24297228455543518
8579,42711.0,1.0,-2.1050925254821777,-0.3585156202316284
8580,42719.0,0.0,0.054329536855220795,-0.034261297434568405
8581,42724.0,0.0,0.48842793703079224,-0.3728215992450714
8582,42740.0,1.0,-1.8353289365768433,-0.3180084824562073
8583,42743.0,1.0,-1.377933382987976,-0.2493269145488739
8584,42745.0,1.0,-0.7281453013420105,-0.15175609290599823
8585,42747.0,1.0,-1.4112519025802612,-0.25432994961738586
8586,42754.0,1.0,-1.402038335800171,-0.2529464662075043
8587,42757.0,1.0,-0.5431485772132874,-0.12397736310958862
8588,42758.0,1.0,-0.823908269405365,-0.16613565385341644
8589,42769.0,1.0,-2.241288661956787,-0.3789665699005127
8590,42771.0,1.0,-0.8175243139266968,-0.16517706215381622
8591,42772.0,1.0,-1.523735523223877,-0.27122026681900024
8592,42775.0,1.0,-1.636588454246521,-0.28816601634025574
8593,42779.0,1.0,-1.4376431703567505,-0.2582927942276001
8594,42786.0,0.0,0.054329536855220795,-0.034261297434568405
8595,42789.0,1.0,-1.9566537141799927,-0.33622634410858154
8596,42801.0,1.0,-1.940958023071289,-0.3338695168495178
8597,42805.0,1.0,-0.7565621137619019,-0.15602310001850128
8598,42816.0,1.0,-0.6020432114601135,-0.13282085955142975
8599,42821.0,1.0,-19.134157180786133,-2.9155642986297607
8600,42832.0,1.0,-1.692832350730896,-0.296611487865448
8601,42833.0,1.0,-2.2402901649475098,-0.3788166046142578
8602,42843.0,1.0,-1.4904156923294067,-0.26621702313423157
8603,42856.0,1.0,-3.1831586360931396,-0.520395815372467
8604,42864.0,1.0,-0.34728845953941345,-0.09456741809844971
8605,42866.0,0.0,0.054329536855220795,-0.034261297434568405
8606,42868.0,1.0,-1.273966908454895,-0.23371553421020508
8607,42871.0,1.0,-1.5570704936981201,-0.276225745677948
8608,42872.0,0.0,1.2457009553909302,-0.9634310603141785
8609,42884.0,1.0,-2.5151195526123047,-0.4200844168663025
8610,42885.0,1.0,-1.68594491481781,-0.2955772876739502
8611,42887.0,1.0,-0.8479548096656799,-0.244512140750885
8612,42888.0,1.0,-0.30562886595726013,-0.1820424348115921
8613,42896.0,0.0,0.31272777915000916,-0.23579025268554688
8614,42900.0,1.0,-2.4804868698120117,-0.4148840606212616
8615,42907.0,1.0,-2.092097520828247,-0.35656431317329407
8616,42908.0,1.0,-1.6892876625061035,-0.29607921838760376
8617,42911.0,1.0,-1.6369236707687378,-0.28821635246276855
8618,42914.0,1.0,-1.1315093040466309,-0.2123243808746338
8619,42915.0,1.0,-1.7338480949401855,-0.30277031660079956
8620,42934.0,1.0,-0.9745299816131592,-0.1887526959180832
8621,42941.0,1.0,-1.0608105659484863,-0.20170842111110687
8622,42946.0,1.0,-1.6753623485565186,-0.2939882278442383
8623,42964.0,1.0,-1.2355340719223022,-0.2279445230960846
8624,42977.0,1.0,-0.17725685238838196,-0.06903582811355591
8625,42981.0,1.0,-0.398618221282959,-0.10227498412132263
8626,42982.0,1.0,-0.6672114133834839,-0.14260637760162354
8627,42990.0,1.0,-1.3229025602340698,-0.24106359481811523
8628,42994.0,0.0,1.4688726663589478,-1.1374863386154175
8629,43003.0,1.0,-1.9063409566879272,-0.32867148518562317
8630,43004.0,1.0,-2.671743869781494,-0.4436028003692627
8631,43008.0,1.0,-2.2035810947418213,-0.37330445647239685
8632,43011.0,1.0,-1.3450469970703125,-0.24438877403736115
8633,43012.0,1.0,-3.5096256732940674,-0.569417417049408
8634,43016.0,0.0,0.054329536855220795,-0.034261297434568405
8635,43019.0,1.0,-21.50904083251953,-3.27217173576355
8636,43021.0,1.0,-2.509934425354004,-0.41930583119392395
8637,43030.0,1.0,-1.1948676109313965,-0.22183814644813538
8638,43033.0,0.0,0.15542659163475037,-0.5190383791923523
8639,43035.0,1.0,-2.591700315475464,-0.4315836429595947
8640,43036.0,1.0,-1.6328171491622925,-0.28759971261024475
8641,43041.0,1.0,-1.5208542346954346,-0.2707875967025757
8642,43044.0,1.0,-0.9434847831726074,-0.1840910166501999
8643,43045.0,1.0,-0.19905269145965576,-0.18285256624221802
8644,43050.0,1.0,-1.2219429016113281,-0.2259037047624588
8645,43057.0,1.0,-1.8547924757003784,-0.320931077003479
8646,43059.0,1.0,-1.7234565019607544,-0.3012099266052246
8647,43065.0,1.0,-0.3458857536315918,-0.3452742397785187
8648,43071.0,1.0,-0.273977667093277,-0.08355922251939774
8649,43075.0,1.0,-1.314855933189392,-0.2398553341627121
8650,43086.0,1.0,-0.20371121168136597,-0.07300815731287003
8651,43099.0,1.0,-0.1550641655921936,-0.06570342183113098
8652,43102.0,1.0,-1.8247902393341064,-0.31642597913742065
8653,43117.0,1.0,-0.48968204855918884,-0.11594894528388977
8654,43118.0,1.0,-1.5483890771865845,-0.2749221920967102
8655,43120.0,0.0,0.02070826292037964,-0.039309799671173096
8656,43123.0,0.0,0.4148857295513153,-0.3154648542404175
8657,43125.0,1.0,-28.256479263305664,-4.285353183746338
8658,43126.0,1.0,-1.5630537271499634,-0.27712419629096985
8659,43144.0,1.0,-1.3606778383255005,-0.2467358559370041
8660,43146.0,1.0,-0.1106657013297081,-0.05903663858771324
8661,43157.0,1.0,-1.512386679649353,-0.26951614022254944
8662,43160.0,1.0,-2.3284130096435547,-0.39204898476600647
8663,43161.0,1.0,-0.3420679569244385,-0.09378352016210556
8664,43164.0,1.0,-0.9235315322875977,-0.18109486997127533
8665,43165.0,1.0,-28.06122589111328,-4.2560343742370605
8666,43166.0,1.0,-0.2516845166683197,-0.08021172881126404
8667,43181.0,1.0,-1.0248165130615234,-0.1963036209344864
8668,43183.0,0.0,0.1606510579586029,-0.11718316376209259
8669,43185.0,1.0,-0.39686667919158936,-0.10201197862625122
8670,43188.0,1.0,-1.543763279914856,-0.2742275595664978
8671,43191.0,1.0,-0.8037595152854919,-0.1631101667881012
8672,43200.0,1.0,-0.7203190922737122,-0.15058092772960663
8673,43203.0,0.0,0.3262105882167816,-0.2463057041168213
8674,43208.0,1.0,-1.6862738132476807,-0.2956266701221466
8675,43216.0,1.0,-1.275143027305603,-0.23389214277267456
8676,43219.0,0.0,0.20475360751152039,-0.15157943964004517
8677,43220.0,0.0,0.054329536855220795,-0.034261297434568405
8678,43227.0,1.0,-2.0146822929382324,-0.34493982791900635
8679,43230.0,1.0,-0.6243645548820496,-0.1361725926399231
8680,43232.0,1.0,-26.951778411865234,-4.089441776275635
8681,43238.0,1.0,-1.2088669538497925,-0.22394026815891266
8682,43239.0,1.0,-0.7885178923606873,-0.16082151234149933
8683,43243.0,1.0,-1.1621882915496826,-0.2169310748577118
8684,43252.0,1.0,-1.0867964029312134,-0.20561039447784424
8685,43255.0,1.0,-2.1295247077941895,-0.3621843159198761
8686,43260.0,1.0,-1.1229522228240967,-0.2110394686460495
8687,43276.0,0.0,1.2504489421844482,-0.9671341180801392
8688,43277.0,1.0,-1.238781452178955,-0.22843214869499207
8689,43282.0,1.0,-2.126438856124878,-0.3617209196090698
8690,43297.0,1.0,-0.531387984752655,-0.12221141159534454
8691,43301.0,1.0,-1.3143362998962402,-0.2397773116827011
8692,43303.0,0.0,0.23707368969917297,-0.4407215714454651
8693,43304.0,0.0,0.34816479682922363,-0.26342812180519104
8694,43306.0,1.0,-1.2069462537765503,-0.22365184128284454
8695,43321.0,1.0,-0.43499651551246643,-0.1077374815940857
8696,43324.0,1.0,-2.9127590656280518,-0.47979313135147095
8697,43325.0,1.0,-0.304152250289917,-0.08809017390012741
8698,43326.0,1.0,-2.0064852237701416,-0.34370893239974976
8699,43339.0,1.0,-0.1017744168639183,-0.05770154297351837
8700,43344.0,0.0,0.08926646411418915,-0.06150916963815689
8701,43348.0,1.0,-0.2565414309501648,-0.08094103634357452
8702,43349.0,1.0,-2.1341028213500977,-0.36287176609039307
8703,43352.0,1.0,-0.7713521718978882,-0.19779972732067108
8704,43359.0,1.0,-0.12071890383958817,-0.10412980616092682
8705,43366.0,1.0,-2.2706844806671143,-0.38338056206703186
8706,43368.0,1.0,-1.9656034708023071,-0.3375702202320099
8707,43370.0,0.0,-0.026806950569152832,-0.049469999969005585
8708,43371.0,1.0,-1.9089487791061401,-0.3290630578994751
8709,43385.0,1.0,-1.8910108804702759,-0.3263695538043976
8710,43399.0,1.0,-3.08202862739563,-0.5052103400230408
8711,43408.0,1.0,-1.1535629034042358,-0.21563591063022614
8712,43410.0,1.0,-2.646198272705078,-0.43976694345474243
8713,43412.0,1.0,-2.082031011581421,-0.35505276918411255
8714,43417.0,1.0,-1.296661376953125,-0.2371232807636261
8715,43419.0,1.0,-1.652459979057312,-0.29054924845695496
8716,43428.0,1.0,-0.3076672852039337,-0.08861798793077469
8717,43429.0,1.0,-2.0194387435913086,-0.3456540107727051
8718,43430.0,0.0,1.6094605922698975,-1.2471331357955933
8719,43439.0,1.0,-0.6993682384490967,-0.14743497967720032
8720,43440.0,1.0,-0.810943603515625,-0.1641889065504074
8721,43442.0,1.0,-1.5520497560501099,-0.27547186613082886
8722,43445.0,0.0,0.128081813454628,-0.09178188443183899
8723,43451.0,1.0,-0.3387165069580078,-0.25627565383911133
8724,43459.0,1.0,-0.9606943130493164,-0.18667516112327576
8725,43460.0,1.0,-1.6954911947250366,-0.29701071977615356
8726,43474.0,1.0,-0.6703845858573914,-0.143082857131958
8727,43475.0,1.0,-1.5553171634674072,-0.2759625017642975
8728,43478.0,1.0,-0.60057133436203,-0.1325998455286026
8729,43479.0,1.0,-0.5447083711624146,-0.12421157956123352
8730,43483.0,1.0,-3.62617564201355,-0.586918294429779
8731,43484.0,1.0,-0.36640065908432007,-0.09743726253509521
8732,43485.0,1.0,-2.0330405235290527,-0.347696453332901
8733,43487.0,0.0,0.5670372843742371,-0.43413031101226807
8734,43499.0,1.0,-0.33693692088127136,-0.09301304817199707
8735,43505.0,1.0,-0.6677395701408386,-0.1426856815814972
8736,43506.0,1.0,-1.051962971687317,-0.200379878282547
8737,43509.0,0.0,0.27395039796829224,-0.20554715394973755
8738,43520.0,1.0,-1.1247663497924805,-0.21131187677383423
8739,43526.0,0.0,0.016595948487520218,-0.039927296340465546
8740,43535.0,0.0,0.15833249688148499,-0.11537487804889679
8741,43538.0,1.0,-1.158033013343811,-0.216307133436203
8742,43542.0,0.0,0.054329536855220795,-0.034261297434568405
8743,43549.0,1.0,-0.6087970733642578,-0.13383500277996063
8744,43551.0,0.0,0.27478837966918945,-0.20620068907737732
8745,43557.0,1.0,-1.3803013563156128,-0.2496824860572815
8746,43564.0,1.0,-1.059628963470459,-0.20153097808361053
8747,43565.0,0.0,0.3791370391845703,-0.2875838875770569
8748,43566.0,1.0,-1.0093334913253784,-0.1939787119626999
8749,43584.0,1.0,-1.6390496492385864,-0.28853559494018555
8750,43586.0,0.0,0.10200907289981842,-0.1528741717338562
8751,43599.0,1.0,-0.3042202293872833,-0.0881003886461258
8752,43602.0,1.0,-2.097780704498291,-0.35741767287254333
8753,43603.0,1.0,-1.1153044700622559,-0.20989111065864563
8754,43611.0,0.0,0.054329536855220795,-0.034261297434568405
8755,43615.0,1.0,-2.0154969692230225,-0.34506213665008545
8756,43616.0,0.0,2.4140162467956543,-1.8746188879013062
8757,43619.0,1.0,-28.10114097595215,-4.262028217315674
8758,43628.0,1.0,-1.1870685815811157,-0.2206670492887497
8759,43629.0,1.0,-1.1485111713409424,-0.21487735211849213
8760,43637.0,0.0,0.006130330264568329,-0.2191777378320694
8761,43646.0,1.0,-1.2011008262634277,-0.22277410328388214
8762,43649.0,1.0,-1.417637825012207,-0.25528883934020996
8763,43658.0,1.0,-1.295755386352539,-0.23698723316192627
8764,43677.0,1.0,-1.2512434720993042,-0.23030342161655426
8765,43682.0,0.0,0.19578176736831665,-0.14458218216896057
8766,43684.0,1.0,-1.9513736963272095,-0.3354335129261017
8767,43685.0,0.0,1.5049662590026855,-1.1656363010406494
8768,43688.0,0.0,0.054329536855220795,-0.034261297434568405
8769,43699.0,1.0,-1.1392285823822021,-0.2134835124015808
8770,43707.0,1.0,-1.7984867095947266,-0.3124763071537018
8771,43708.0,1.0,-28.80333709716797,-4.367468357086182
8772,43716.0,1.0,-0.4775393307209015,-0.11412562429904938
8773,43726.0,1.0,-1.9546548128128052,-0.33592620491981506
8774,43731.0,0.0,0.054329536855220795,-0.034261297434568405
8775,43736.0,1.0,-2.4524424076080322,-0.4106729328632355
8776,43741.0,1.0,-1.7992371320724487,-0.31258898973464966
8777,43743.0,1.0,-1.0994638204574585,-0.2075124979019165
8778,43749.0,1.0,-0.8583097457885742,-0.17130132019519806
8779,43757.0,1.0,-0.8496911525726318,-0.17000716924667358
8780,43759.0,1.0,-1.0771781206130981,-0.20416614413261414
8781,43767.0,1.0,-1.4538547992706299,-0.2607271075248718
8782,43769.0,1.0,-28.394962310791016,-4.306147575378418
8783,43773.0,1.0,-0.8937338590621948,-0.17662052810192108
8784,43774.0,1.0,-26.07335662841797,-3.9575400352478027
8785,43778.0,1.0,-21.111492156982422,-3.2124767303466797
8786,43788.0,1.0,-1.6165882349014282,-0.2851628065109253
8787,43794.0,1.0,-3.882073402404785,-0.625343382358551
8788,43802.0,0.0,0.5906950831413269,-0.45258140563964844
8789,43804.0,1.0,-2.171053886413574,-0.36842024326324463
8790,43805.0,1.0,-0.8736841082572937,-0.1736098974943161
8791,43814.0,1.0,-24.410005569458008,-3.7077748775482178
8792,43818.0,1.0,-0.41235482692718506,-0.19229355454444885
8793,43819.0,1.0,-2.337003469467163,-0.3933388888835907
8794,43821.0,0.0,-0.03631056845188141,-0.047871626913547516
8795,43824.0,1.0,-24.079681396484375,-3.6581740379333496
8796,43835.0,1.0,-2.003737211227417,-0.3432963192462921
8797,43839.0,1.0,-1.3148778676986694,-0.23985864222049713
8798,43840.0,0.0,0.054329536855220795,-0.034261297434568405
8799,43841.0,1.0,-0.8899232745170593,-0.17604832351207733
8800,43843.0,1.0,-25.71142578125,-3.903193473815918
8801,43847.0,1.0,-0.878423273563385,-0.1743215173482895
8802,43856.0,0.0,0.13567671179771423,-0.09770527482032776
8803,43869.0,1.0,-28.445096969604492,-4.313675880432129
8804,43877.0,0.0,0.22783076763153076,-0.1695777028799057
8805,43886.0,0.0,0.4744877815246582,-0.36194944381713867
8806,43892.0,1.0,-1.1282131671905518,-0.21182943880558014
8807,43895.0,1.0,-2.4765357971191406,-0.41429078578948975
8808,43897.0,1.0,-1.7107834815979004,-0.2993069887161255
8809,43910.0,1.0,-1.6996573209762573,-0.2976363003253937
8810,43919.0,1.0,-1.3598289489746094,-0.24660839140415192
8811,43922.0,0.0,0.19191080331802368,-0.14156313240528107
8812,43924.0,1.0,-1.038132905960083,-0.19830317795276642
8813,43936.0,1.0,-2.6861279010772705,-0.44576266407966614
8814,43937.0,1.0,-1.5165252685546875,-0.27013757824897766
8815,43942.0,1.0,-2.081836700439453,-0.3550235629081726
8816,43947.0,1.0,-1.3119698762893677,-0.23942196369171143
8817,43956.0,1.0,-0.3758348822593689,-0.09885388612747192
8818,43957.0,0.0,-0.0371427908539772,-0.04799659177660942
8819,43959.0,0.0,0.33858537673950195,-0.2559569776058197
8820,43969.0,1.0,-1.5574157238006592,-0.2762776017189026
8821,43972.0,1.0,-1.770143747329712,-0.30822038650512695
8822,43977.0,1.0,-0.28508448600769043,-0.11815661191940308
8823,43979.0,0.0,0.054329536855220795,-0.034261297434568405
8824,43983.0,1.0,-1.901767611503601,-0.3279847502708435
8825,43985.0,1.0,-0.7305216193199158,-0.1521129161119461
8826,43994.0,1.0,-1.2486275434494019,-0.22991061210632324
8827,43996.0,1.0,-0.9357455372810364,-0.1829289048910141
8828,43998.0,1.0,-0.3024172782897949,-0.08782965689897537
8829,44008.0,1.0,-0.46936294436454773,-0.11289787292480469
8830,44021.0,1.0,-0.6437861919403076,-0.13908889889717102
8831,44030.0,0.0,0.16173702478408813,-0.22844256460666656
8832,44033.0,1.0,-3.861029624938965,-0.6221834421157837
8833,44039.0,0.0,0.7055425643920898,-0.5421528220176697
8834,44040.0,0.0,0.16161468625068665,-0.11793471872806549
8835,44042.0,1.0,-1.386904239654541,-0.25067394971847534
8836,44044.0,1.0,-1.6226297616958618,-0.28606998920440674
8837,44069.0,1.0,-1.7733707427978516,-0.3087049722671509
8838,44073.0,1.0,-1.4761098623275757,-0.2640689015388489
8839,44074.0,1.0,-0.29257169365882874,-0.08635126054286957
8840,44075.0,1.0,-1.7104854583740234,-0.29926222562789917
8841,44079.0,1.0,-2.6729626655578613,-0.44378581643104553
8842,44082.0,1.0,-1.589813470840454,-0.28114238381385803
8843,44088.0,1.0,-1.1314665079116821,-0.21231795847415924
8844,44096.0,1.0,-1.4556118249893188,-0.2609909474849701
8845,44097.0,1.0,-1.6769449710845947,-0.2942258417606354
8846,44100.0,0.0,1.452625036239624,-1.124814510345459
8847,44103.0,0.0,0.5334694981575012,-0.4079502522945404
8848,44105.0,0.0,0.054329536855220795,-0.034261297434568405
8849,44108.0,1.0,-2.424865484237671,-0.40653207898139954
8850,44109.0,1.0,-25.3719539642334,-3.8522188663482666
8851,44118.0,1.0,-2.083545684814453,-0.35528022050857544
8852,44120.0,1.0,-2.640265703201294,-0.43887612223625183
8853,44132.0,1.0,-1.5993971824645996,-0.2825814485549927
8854,44154.0,1.0,-3.699712038040161,-0.597960352897644
8855,44162.0,1.0,-2.1883161067962646,-0.37101230025291443
8856,44173.0,1.0,-1.7572035789489746,-0.306277334690094
8857,44179.0,1.0,-0.35576391220092773,-0.09584008157253265
8858,44180.0,1.0,-1.5930590629577637,-0.281629741191864
8859,44184.0,1.0,-1.6869581937789917,-0.2957294285297394
8860,44185.0,1.0,-0.7857577204704285,-0.16040705144405365
8861,44190.0,1.0,-1.5298349857330322,-0.2721361219882965
8862,44194.0,1.0,-0.2423584759235382,-0.07881134748458862
8863,44200.0,1.0,-2.5148143768310547,-0.4200386106967926
8864,44201.0,1.0,-2.876981735229492,-0.4744208753108978
8865,44211.0,1.0,-1.2226921319961548,-0.22601620852947235
8866,44216.0,1.0,-1.4488344192504883,-0.2599732577800751
8867,44218.0,1.0,-0.3587914705276489,-0.09629468619823456
8868,44219.0,1.0,-1.8291388750076294,-0.31707897782325745
8869,44230.0,1.0,-0.15179714560508728,-0.06521285325288773
8870,44235.0,0.0,0.054329536855220795,-0.034261297434568405
8871,44238.0,0.0,92.91011047363281,-101.27091217041016
8872,44240.0,1.0,-26.212657928466797,-3.97845721244812
8873,44241.0,1.0,-24.537702560424805,-3.726949453353882
8874,44252.0,1.0,-24.281667709350586,-3.6885039806365967
8875,44256.0,0.0,0.054329536855220795,-0.034261297434568405
8876,44263.0,1.0,-1.5600165128707886,-0.27666813135147095
8877,44265.0,1.0,-1.7474238872528076,-0.3048088252544403
8878,44271.0,1.0,-1.463580846786499,-0.26218754053115845
8879,44278.0,0.0,0.013602640479803085,-0.04037676379084587
8880,44280.0,1.0,-1.0122424364089966,-0.19441552460193634
8881,44284.0,1.0,-1.7080671787261963,-0.2988991141319275
8882,44287.0,1.0,-1.1261380910873413,-0.21151785552501678
8883,44290.0,1.0,-2.090510845184326,-0.35632607340812683
8884,44291.0,1.0,-0.4360944330692291,-0.10790233314037323
8885,44299.0,1.0,-2.4413912296295166,-0.4090135395526886
8886,44302.0,1.0,-0.7191197276115417,-0.1504008173942566
8887,44303.0,1.0,-1.4962646961212158,-0.26709529757499695
8888,44313.0,1.0,-1.645755648612976,-0.2895425260066986
8889,44316.0,0.0,0.15296581387519836,-0.11118932068347931
8890,44324.0,1.0,-1.734100103378296,-0.30280816555023193
8891,44329.0,1.0,-1.2105810642242432,-0.2241976410150528
8892,44330.0,1.0,-1.2899929285049438,-0.23612196743488312
8893,44334.0,1.0,-0.9100517630577087,-0.17907078564167023
8894,44338.0,1.0,-24.05054473876953,-3.653799057006836
8895,44349.0,1.0,-0.6812432408332825,-0.2290331870317459
8896,44367.0,1.0,-0.5370833277702332,-0.12306661903858185
8897,44372.0,1.0,-1.0560654401779175,-0.20099590718746185
8898,44380.0,0.0,0.054329536855220795,-0.034261297434568405
8899,44382.0,1.0,-23.08748435974121,-3.509187698364258
8900,44398.0,1.0,-1.271141529083252,-0.23329128324985504
8901,44405.0,1.0,-1.0410399436950684,-0.198739692568779
8902,44409.0,1.0,-28.29244613647461,-4.2907538414001465
8903,44419.0,1.0,-1.9887067079544067,-0.34103935956954956
8904,44423.0,0.0,0.29771852493286133,-0.2240842878818512
8905,44427.0,1.0,-2.1799814701080322,-0.36976078152656555
8906,44431.0,1.0,-0.3061324954032898,-0.08838752657175064
8907,44432.0,1.0,-0.5386481881141663,-0.12330159544944763
8908,44434.0,1.0,-2.578364133834839,-0.4295811057090759
8909,44441.0,1.0,-0.7709959149360657,-0.15819044411182404
8910,44450.0,1.0,-1.8154195547103882,-0.3150189220905304
8911,44451.0,1.0,-0.832958996295929,-0.17644569277763367
8912,44455.0,1.0,-0.6681931018829346,-0.14275379478931427
8913,44459.0,1.0,-0.9569113254547119,-0.18610712885856628
8914,44460.0,1.0,-1.870744228363037,-0.32332634925842285
8915,44464.0,0.0,0.00274556502699852,-0.04200704023241997
8916,44470.0,0.0,0.054329536855220795,-0.034261297434568405
8917,44473.0,1.0,-1.8325121402740479,-0.3175854980945587
8918,44480.0,0.0,1.2207977771759033,-0.9189290404319763
8919,44491.0,0.0,0.054329536855220795,-0.034261297434568405
8920,44494.0,1.0,-25.760597229003906,-3.910576820373535
8921,44497.0,1.0,-1.626253366470337,-0.2866141200065613
8922,44503.0,0.0,0.054329536855220795,-0.034261297434568405
8923,44506.0,1.0,-1.3056459426879883,-0.2384723722934723
8924,44510.0,1.0,-0.46768584847450256,-0.14926081895828247
8925,44528.0,1.0,-2.019204616546631,-0.34561887383461
8926,44537.0,0.0,0.054329536855220795,-0.034261297434568405
8927,44538.0,1.0,-1.495800495147705,-0.26702558994293213
8928,44539.0,1.0,-2.1036434173583984,-0.35829803347587585
8929,44542.0,1.0,-1.9155441522598267,-0.3300534188747406
8930,44552.0,1.0,-1.7079730033874512,-0.29888495802879333
8931,44560.0,1.0,-1.7911428213119507,-0.3113735616207123
8932,44563.0,1.0,-0.9660701751708984,-0.18748240172863007
8933,44565.0,1.0,-30.28639030456543,-4.590160369873047
8934,44566.0,0.0,0.054329536855220795,-0.034261297434568405
8935,44577.0,1.0,-1.6919556856155396,-0.29647982120513916
8936,44582.0,1.0,-0.8969982862472534,-0.1771107017993927
8937,44591.0,0.0,0.054329536855220795,-0.034261297434568405
8938,44595.0,1.0,-23.911575317382812,-3.6329314708709717
8939,44600.0,1.0,-1.2510027885437012,-0.23026727139949799
8940,44625.0,1.0,-2.0054633617401123,-0.3435555398464203
8941,44630.0,1.0,-2.063577651977539,-0.3522818386554718
8942,44634.0,0.0,0.9427022337913513,-0.7271174788475037
8943,44652.0,1.0,-0.23549789190292358,-0.07778118550777435
8944,44656.0,1.0,-1.5601449012756348,-0.2766874134540558
8945,44670.0,1.0,-1.575925588607788,-0.27905699610710144
8946,44675.0,1.0,-1.7494380474090576,-0.30511125922203064
8947,44678.0,1.0,-1.4699188470840454,-0.2631392478942871
8948,44685.0,1.0,-29.805761337280273,-4.5179901123046875
8949,44686.0,1.0,-1.7564343214035034,-0.3061618208885193
8950,44693.0,0.0,0.5170978903770447,-0.395181804895401
8951,44694.0,1.0,-1.5481648445129395,-0.2748885154724121
8952,44697.0,1.0,-1.4664185047149658,-0.2626136541366577
8953,44736.0,0.0,0.19384336471557617,-0.14307036995887756
8954,44738.0,0.0,0.054329536855220795,-0.034261297434568405
8955,44744.0,1.0,-3.51310396194458,-0.5699396729469299
8956,44747.0,0.0,0.029177211225032806,-0.1411833018064499
8957,44748.0,1.0,-1.942936897277832,-0.33416664600372314
8958,44749.0,0.0,0.054329536855220795,-0.034261297434568405
8959,44752.0,1.0,-1.568132758140564,-0.27788686752319336
8960,44756.0,1.0,-3.4681475162506104,-0.5631891489028931
8961,44763.0,1.0,-1.5739294290542603,-0.2787572741508484
8962,44779.0,1.0,-1.7686675786972046,-0.3079987168312073
8963,44787.0,1.0,-1.5093994140625,-0.26906758546829224
8964,44788.0,1.0,-1.190111756324768,-0.22112400829792023
8965,44791.0,1.0,-1.685212254524231,-0.2954672574996948
8966,44801.0,0.0,0.054329536855220795,-0.034261297434568405
8967,44802.0,1.0,-2.8134491443634033,-0.46488097310066223
8968,44809.0,1.0,-1.7427666187286377,-0.30410951375961304
8969,44827.0,1.0,-1.0341061353683472,-0.19769853353500366
8970,44845.0,0.0,0.007372591644525528,-0.04131225496530533
8971,44853.0,0.0,0.5928744673728943,-0.45428118109703064
8972,44860.0,1.0,-1.4354915618896484,-0.2579697072505951
8973,44861.0,1.0,-1.170448660850525,-0.21817143261432648
8974,44867.0,1.0,-1.0597071647644043,-0.20154273509979248
8975,44870.0,1.0,-0.5567368268966675,-0.1260177493095398
8976,44872.0,1.0,-1.2110631465911865,-0.2242700308561325
8977,44878.0,1.0,-0.8220174312591553,-0.16585174202919006
8978,44880.0,1.0,-0.5186847448348999,-0.1203039288520813
8979,44884.0,1.0,-28.234169006347656,-4.282003402709961
8980,44889.0,0.0,0.12493319809436798,-0.08932622522115707
8981,44899.0,1.0,-28.955127716064453,-4.390260696411133
8982,44901.0,1.0,-2.938546895980835,-0.483665406703949
8983,44906.0,1.0,-0.9263940453529358,-0.18152470886707306
8984,44912.0,1.0,-1.5737193822860718,-0.2787257134914398
8985,44922.0,0.0,1.4365078210830688,-1.1122444868087769
8986,44929.0,1.0,-2.204949140548706,-0.37350988388061523
8987,44931.0,1.0,-0.2231428027153015,-0.07592596113681793
8988,44934.0,1.0,-3.3628346920013428,-0.5473755598068237
8989,44935.0,1.0,-3.7190024852752686,-0.6008569598197937
8990,44939.0,1.0,-1.6165382862091064,-0.2851552963256836
8991,44940.0,1.0,-0.9449685215950012,-0.1843138188123703
8992,44942.0,0.0,0.054329536855220795,-0.034261297434568405
8993,44947.0,0.0,0.054329536855220795,-0.034261297434568405
8994,44953.0,1.0,-0.8072533011436462,-0.1636347770690918
8995,44954.0,0.0,0.06462717056274414,-0.07037952542304993
8996,44965.0,1.0,-1.0817903280258179,-0.2048586905002594
8997,44977.0,1.0,-0.6093750596046448,-0.1339218020439148
8998,44998.0,1.0,-0.14547789096832275,-0.0642639622092247
8999,45000.0,1.0,-1.2130295038223267,-0.2245652824640274
9000,45001.0,1.0,-1.409229040145874,-0.2540262043476105
9001,45002.0,1.0,-29.480379104614258,-4.4691314697265625
9002,45007.0,1.0,-1.4689048528671265,-0.2629869878292084
9003,45013.0,1.0,-0.1801435649394989,-0.06946928799152374
9004,45017.0,1.0,-1.1694152355194092,-0.21801626682281494
9005,45026.0,1.0,-1.1825172901153564,-0.21998363733291626
9006,45034.0,0.0,0.9581972360610962,-0.7392022609710693
9007,45043.0,1.0,-1.5975375175476074,-0.28230220079421997
9008,45045.0,1.0,-3.0433108806610107,-0.49939653277397156
9009,45046.0,0.0,0.28561773896217346,-0.21464668214321136
9010,45050.0,1.0,-0.3571421504020691,-0.15631160140037537
9011,45052.0,1.0,-1.5857446193695068,-0.2805314064025879
9012,45065.0,1.0,-0.7819488644599915,-0.15983512997627258
9013,45068.0,1.0,-1.0959361791610718,-0.2069828063249588
9014,45070.0,1.0,-1.0087732076644897,-0.19389459490776062
9015,45073.0,1.0,-1.3272784948349,-0.24172069132328033
9016,45086.0,1.0,-0.7195106148719788,-0.15045951306819916
9017,45088.0,0.0,0.23174962401390076,-0.1726340800523758
9018,45099.0,0.0,0.36485856771469116,-0.2764478623867035
9019,45100.0,1.0,-1.9305325746536255,-0.33230406045913696
9020,45101.0,1.0,-1.1639734506607056,-0.2171991467475891
9021,45104.0,1.0,-0.7303020358085632,-0.15207993984222412
9022,45105.0,1.0,-1.0302320718765259,-0.19711682200431824
9023,45108.0,1.0,-1.0576722621917725,-0.20123717188835144
9024,45120.0,1.0,-1.165839433670044,-0.26407748460769653
9025,45124.0,1.0,-1.4435549974441528,-0.2591805160045624
9026,45125.0,1.0,-0.831892192363739,-0.16733451187610626
9027,45130.0,1.0,-1.2347947359085083,-0.22783350944519043
9028,45135.0,1.0,-0.6269664168357849,-0.1365632712841034
9029,45137.0,1.0,-1.3816602230072021,-0.24988652765750885
9030,45147.0,1.0,-28.178373336791992,-4.273624897003174
9031,45149.0,1.0,-2.0674819946289062,-0.35286810994148254
9032,45150.0,1.0,-1.3500505685806274,-0.24514009058475494
9033,45161.0,1.0,-1.1470637321472168,-0.21466000378131866
9034,45165.0,0.0,0.5946781039237976,-0.45568785071372986
9035,45167.0,1.0,-2.0596258640289307,-0.3516884446144104
9036,45168.0,1.0,-0.18904796242713928,-0.15813027322292328
9037,45171.0,1.0,-1.595655918121338,-0.2820196747779846
9038,45172.0,1.0,-1.1580111980438232,-0.21630385518074036
9039,45176.0,1.0,-0.6741952896118164,-0.14365506172180176
9040,45190.0,1.0,-3.596578598022461,-0.5824740529060364
9041,45192.0,1.0,-1.3664982318878174,-0.24760983884334564
9042,45198.0,1.0,-1.158718466758728,-0.2164100706577301
9043,45205.0,0.0,0.054329536855220795,-0.034261297434568405
9044,45208.0,1.0,-0.863925576210022,-0.1721445769071579
9045,45221.0,0.0,0.054329536855220795,-0.034261297434568405
9046,45222.0,1.0,-0.50919508934021,-0.11887897551059723
9047,45223.0,0.0,0.4693754315376282,-0.3579622507095337
9048,45224.0,0.0,0.04467568174004555,-0.10611672699451447
9049,45225.0,1.0,-1.7428678274154663,-0.30412471294403076
9050,45228.0,1.0,-1.0907238721847534,-0.20620013773441315
9051,45230.0,0.0,0.054329536855220795,-0.034261297434568405
9052,45231.0,1.0,-1.066161036491394,-0.20251183211803436
9053,45234.0,1.0,-0.9208431839942932,-0.180691197514534
9054,45247.0,1.0,-0.18005159497261047,-0.06945548206567764
9055,45248.0,0.0,0.054329536855220795,-0.034261297434568405
9056,45254.0,0.0,-0.049024373292922974,-0.0497807040810585
9057,45256.0,1.0,-1.7729461193084717,-0.3086411952972412
9058,45257.0,1.0,-1.6397395133972168,-0.2886391580104828
9059,45260.0,1.0,-24.428373336791992,-3.7105326652526855
9060,45270.0,1.0,-3.0698981285095215,-0.5033888220787048
9061,45277.0,0.0,0.054329536855220795,-0.034261297434568405
9062,45278.0,1.0,-1.874890923500061,-0.32394900918006897
9063,45280.0,1.0,-0.12762269377708435,-0.061582863330841064
9064,45281.0,1.0,-1.1846140623092651,-0.22029849886894226
9065,45289.0,0.0,0.13581766188144684,-0.09781520068645477
9066,45290.0,1.0,-3.0248868465423584,-0.4966300129890442
9067,45295.0,1.0,-1.880275011062622,-0.32475745677948
9068,45297.0,1.0,-0.7033089399337769,-0.148026704788208
9069,45311.0,1.0,-0.5931310057640076,-0.13148261606693268
9070,45313.0,1.0,-1.4602632522583008,-0.2616893947124481
9071,45331.0,1.0,-2.704157590866089,-0.44846996665000916
9072,45334.0,0.0,0.054329536855220795,-0.034261297434568405
9073,45339.0,1.0,-2.417405128479004,-0.40541180968284607
9074,45350.0,1.0,-0.05897282809019089,-0.05127454549074173
9075,45353.0,1.0,-1.6464128494262695,-0.28964123129844666
9076,45355.0,1.0,-1.8347911834716797,-0.3179277181625366
9077,45356.0,1.0,-1.5387043952941895,-0.27346792817115784
9078,45361.0,1.0,-1.1879509687423706,-0.22079956531524658
9079,45362.0,0.0,1.1266672611236572,-0.8705946803092957
9080,45363.0,0.0,0.7146810293197632,-0.549280047416687
9081,45366.0,1.0,-1.4289220571517944,-0.2569832503795624
9082,45367.0,0.0,0.18297547101974487,-0.13459432125091553
9083,45382.0,1.0,-20.230255126953125,-3.0801522731781006
9084,45387.0,0.0,1.7293907403945923,-1.3406685590744019
9085,45389.0,1.0,-1.3413492441177368,-0.2438335120677948
9086,45391.0,1.0,-2.1254873275756836,-0.3615780770778656
9087,45393.0,1.0,-1.9126285314559937,-0.32961559295654297
9088,45418.0,1.0,-0.7825295925140381,-0.15992231667041779
9089,45420.0,1.0,-0.837749719619751,-0.16821406781673431
9090,45424.0,0.0,0.8693302273750305,-0.6698934435844421
9091,45445.0,0.0,-0.040129706263542175,-0.04844510182738304
9092,45454.0,0.0,0.054329536855220795,-0.034261297434568405
9093,45458.0,1.0,-1.6485952138900757,-0.28996890783309937
9094,45462.0,0.0,1.289014220237732,-0.997211754322052
9095,45463.0,0.0,0.5676136016845703,-0.4345798194408417
9096,45467.0,1.0,-1.2107555866241455,-0.22422383725643158
9097,45473.0,1.0,-1.4427447319030762,-0.2590588331222534
9098,45476.0,1.0,-1.7624013423919678,-0.30705779790878296
9099,45478.0,1.0,-1.0378212928771973,-0.19825638830661774
9100,45480.0,1.0,-27.00027084350586,-4.096723556518555
9101,45521.0,1.0,-0.20856332778930664,-0.08541197329759598
9102,45527.0,1.0,-1.0075794458389282,-0.19371534883975983
9103,45528.0,1.0,-0.09801777452230453,-0.05713745206594467
9104,45529.0,1.0,-1.5876034498214722,-0.28081053495407104
9105,45533.0,0.0,0.4094284474849701,-0.3112086355686188
9106,45534.0,1.0,-1.062302827835083,-0.20193248987197876
9107,45545.0,1.0,-1.9386310577392578,-0.3335200846195221
9108,45553.0,1.0,-0.6077662110328674,-0.13368020951747894
9109,45556.0,1.0,-0.40607601404190063,-0.10339483618736267
9110,45560.0,1.0,-1.4845197200775146,-0.2653316855430603
9111,45561.0,0.0,0.42993220686912537,-0.3271998465061188
9112,45564.0,1.0,-28.23174476623535,-4.281639099121094
9113,45568.0,0.0,1.0103693008422852,-0.779892086982727
9114,45569.0,1.0,-1.9153358936309814,-0.3300221562385559
9115,45573.0,1.0,-1.4369748830795288,-0.2581924498081207
9116,45585.0,0.0,0.054329536855220795,-0.034261297434568405
9117,45587.0,1.0,-0.6680871248245239,-0.14273786544799805
9118,45588.0,1.0,-2.0023183822631836,-0.3430832624435425
9119,45592.0,0.0,0.054329536855220795,-0.034261297434568405
9120,45593.0,1.0,-1.5624669790267944,-0.2770361006259918
9121,45596.0,1.0,-0.5235387086868286,-0.12103278934955597
9122,45598.0,1.0,-1.6441830396652222,-0.2893064022064209
9123,45601.0,1.0,-0.2984428107738495,-0.08723285794258118
9124,45605.0,1.0,-1.252405047416687,-0.23047783970832825
9125,45611.0,1.0,-1.5435292720794678,-0.2741924524307251
9126,45619.0,1.0,-0.07822126895189285,-0.05416484922170639
9127,45622.0,1.0,-0.6146695017814636,-0.2521088421344757
9128,45630.0,1.0,-0.7544695138931274,-0.15570887923240662
