,Index test,Prediction,Proba class 0,Proba class 1
0,8.0,1.0,0.4673199786545845,0.5326800213454156
1,11.0,0.0,0.5177579585136266,0.4822420414863734
2,13.0,0.0,0.5440500041213852,0.45594999587861473
3,15.0,0.0,0.6249785990891465,0.3750214009108534
4,21.0,0.0,0.5154056228041771,0.4845943771958228
5,26.0,1.0,0.4492258010617495,0.5507741989382505
6,30.0,0.0,0.5401819862698024,0.45981801373019743
7,33.0,1.0,0.4159707320302556,0.5840292679697443
8,35.0,1.0,0.46596092764435576,0.5340390723556443
9,46.0,1.0,0.4933893424611653,0.5066106575388346
10,49.0,1.0,0.34459750907553627,0.655402490924464
11,59.0,0.0,0.5256206024738277,0.4743793975261723
12,64.0,1.0,0.4906679316836663,0.5093320683163336
13,71.0,0.0,0.6426605860135203,0.3573394139864795
14,80.0,0.0,0.6481833398066488,0.3518166601933514
15,93.0,0.0,0.5250487388362383,0.4749512611637618
16,96.0,0.0,0.5056764934698641,0.4943235065301359
17,98.0,1.0,0.4993747367118961,0.500625263288104
18,99.0,0.0,0.5460217109499053,0.45397828905009463
19,102.0,1.0,0.4747682696312179,0.525231730368782
20,104.0,0.0,0.587668826686737,0.4123311733132631
21,106.0,1.0,0.058599090066367925,0.941400909933632
22,117.0,0.0,0.5082243465673387,0.4917756534326612
23,118.0,0.0,0.5801728531355509,0.41982714686444894
24,120.0,1.0,0.4006275545495097,0.5993724454504905
25,122.0,1.0,0.4282553929380724,0.5717446070619276
26,123.0,0.0,0.5685776893704204,0.43142231062957953
27,127.0,1.0,0.44860885865472383,0.5513911413452761
28,128.0,0.0,0.5231344825679376,0.4768655174320623
29,129.0,0.0,0.5774969626646437,0.4225030373353562
30,131.0,1.0,0.42430273154459003,0.57569726845541
31,133.0,1.0,0.3542016020884499,0.6457983979115502
32,135.0,1.0,0.48400792117878233,0.5159920788212178
33,136.0,0.0,0.5928786599621637,0.4071213400378362
34,137.0,1.0,0.43935511920840875,0.5606448807915914
35,139.0,0.0,0.5271600105993811,0.4728399894006187
36,140.0,1.0,0.39272492105958867,0.6072750789404114
37,144.0,1.0,0.42915344614491535,0.5708465538550849
38,148.0,1.0,0.41678752788462686,0.5832124721153727
39,154.0,1.0,0.3540437430308693,0.6459562569691311
40,163.0,1.0,0.37429362259901244,0.6257063774009878
41,166.0,0.0,0.6227134591442597,0.37728654085574037
42,167.0,0.0,0.6461820714839468,0.3538179285160531
43,172.0,1.0,0.3880038524605277,0.6119961475394724
44,178.0,0.0,0.5710712827874562,0.42892871721254394
45,194.0,1.0,0.425942457297703,0.574057542702297
46,207.0,0.0,0.69462072204493,0.30537927795506997
47,210.0,0.0,0.5527409501327021,0.4472590498672978
48,223.0,1.0,0.4779459532977036,0.5220540467022965
49,229.0,0.0,0.5378740663666595,0.46212593363334065
50,233.0,0.0,0.6026114375216377,0.39738856247836224
51,238.0,0.0,0.5178548645481155,0.4821451354518846
52,244.0,0.0,0.5922922136935429,0.407707786306457
53,250.0,1.0,0.4784352790337316,0.5215647209662685
54,252.0,0.0,0.5571127470412047,0.4428872529587954
55,255.0,1.0,0.4593519883744202,0.5406480116255798
56,256.0,1.0,0.43159879145026925,0.5684012085497308
57,259.0,0.0,0.561324872102288,0.43867512789771174
58,260.0,1.0,0.4083922725415563,0.5916077274584437
59,269.0,0.0,0.5425073551890192,0.4574926448109809
60,272.0,1.0,0.35541668513424435,0.644583314865756
61,274.0,1.0,0.41598996458812687,0.5840100354118732
62,276.0,1.0,0.4934142928499994,0.5065857071500006
63,277.0,1.0,0.49125710150549395,0.5087428984945059
64,280.0,0.0,0.5959928728111643,0.4040071271888357
65,297.0,1.0,0.4739438421040051,0.526056157895995
66,299.0,0.0,0.5495390178256376,0.4504609821743621
67,312.0,0.0,0.5405032076129082,0.45949679238709173
68,316.0,0.0,0.6556829932308034,0.3443170067691969
69,325.0,0.0,0.5713261019805326,0.4286738980194675
70,336.0,0.0,0.5650515748484257,0.4349484251515744
71,338.0,1.0,0.3609683366852551,0.6390316633147451
72,341.0,0.0,0.603174946676176,0.3968250533238239
73,342.0,1.0,0.40862998297658587,0.5913700170234142
74,346.0,1.0,0.39263997891801167,0.6073600210819885
75,351.0,0.0,0.5989017075751554,0.40109829242484457
76,368.0,1.0,0.4224192228311114,0.5775807771688889
77,369.0,0.0,0.5411469013029866,0.4588530986970133
78,375.0,0.0,0.5628637090384901,0.4371362909615098
79,378.0,1.0,0.448147322845953,0.551852677154047
80,379.0,1.0,0.3856486694993895,0.6143513305006107
81,381.0,0.0,0.6043281425337692,0.39567185746623074
82,386.0,0.0,0.5489816576812533,0.45101834231874677
83,390.0,1.0,0.49066725433816344,0.5093327456618365
84,399.0,1.0,0.3941562639611289,0.6058437360388711
85,401.0,1.0,0.46221977578056905,0.537780224219431
86,402.0,0.0,0.5950811306717843,0.40491886932821586
87,404.0,0.0,0.5010755990981626,0.49892440090183743
88,405.0,1.0,0.483706733607845,0.516293266392155
89,407.0,1.0,0.466799673316028,0.5332003266839721
90,408.0,1.0,0.4540493673431867,0.5459506326568133
91,419.0,0.0,0.5961655163831542,0.4038344836168457
92,420.0,0.0,0.5911078370451824,0.4088921629548176
93,427.0,1.0,0.46037149509225367,0.5396285049077464
94,434.0,0.0,0.5727950004702814,0.4272049995297184
95,438.0,0.0,0.5532526303903222,0.44674736960967765
96,446.0,1.0,0.47086021903535114,0.529139780964649
97,447.0,0.0,0.5120558959583945,0.4879441040416056
98,451.0,0.0,0.554459278430892,0.44554072156910784
99,453.0,0.0,0.5642350094922779,0.43576499050772194
100,456.0,0.0,0.5390321997290711,0.4609678002709287
101,457.0,1.0,0.48885092900182614,0.5111490709981739
102,473.0,1.0,0.4092517475281938,0.5907482524718064
103,474.0,1.0,0.4371643595442082,0.5628356404557918
104,476.0,1.0,0.3792984421596669,0.6207015578403332
105,477.0,1.0,0.037821331809903234,0.9621786681900967
106,478.0,1.0,0.4092288520996161,0.5907711479003839
107,479.0,0.0,0.5289641299174943,0.47103587008250547
108,480.0,1.0,0.36825669620188983,0.6317433037981105
109,482.0,0.0,0.523749281688971,0.476250718311029
110,487.0,1.0,0.40090061399639637,0.5990993860036037
111,488.0,1.0,0.43629868689277596,0.5637013131072242
112,489.0,0.0,0.5484864816166415,0.4515135183833587
113,491.0,1.0,0.40660932412746603,0.593390675872534
114,494.0,1.0,0.4671221971281281,0.5328778028718719
115,498.0,0.0,0.6279302440637264,0.3720697559362736
116,499.0,0.0,0.6436426046950969,0.3563573953049033
117,509.0,1.0,0.4982011982997035,0.5017988017002964
118,511.0,0.0,0.5254594850874784,0.47454051491252147
119,513.0,1.0,0.47546183103635997,0.52453816896364
120,515.0,0.0,0.5521248088000863,0.4478751911999136
121,517.0,1.0,0.356285917257011,0.6437140827429892
122,519.0,1.0,0.029783118669635397,0.9702168813303647
123,528.0,1.0,0.4448056128088433,0.5551943871911565
124,533.0,1.0,0.48363540630886115,0.5163645936911389
125,538.0,1.0,0.4215965331022481,0.5784034668977519
126,540.0,0.0,0.563519426332308,0.4364805736676921
127,542.0,0.0,0.5445126564238556,0.45548734357614423
128,548.0,0.0,0.5183786772471384,0.4816213227528616
129,557.0,1.0,0.4079034739155658,0.5920965260844341
130,566.0,1.0,0.48277557490870676,0.5172244250912932
131,567.0,1.0,0.4600302622843865,0.5399697377156135
132,569.0,0.0,0.6160352788757879,0.3839647211242119
133,572.0,1.0,0.3626426806109878,0.6373573193890124
134,581.0,1.0,0.42488054275931064,0.5751194572406896
135,584.0,1.0,0.47740523179355693,0.5225947682064431
136,586.0,0.0,0.619223433117282,0.38077656688271816
137,587.0,0.0,0.5604716133926958,0.43952838660730414
138,595.0,1.0,0.09655568170365822,0.9034443182963419
139,600.0,1.0,0.47845364077480307,0.521546359225197
140,616.0,0.0,0.5177405550801057,0.4822594449198943
141,619.0,1.0,0.44313185574027286,0.5568681442597271
142,628.0,0.0,0.5218419083696217,0.4781580916303782
143,631.0,0.0,0.5590156128905673,0.4409843871094326
144,641.0,1.0,0.4024709302484106,0.5975290697515896
145,656.0,1.0,0.3726883315372843,0.6273116684627157
146,658.0,1.0,0.39420069337120567,0.6057993066287948
147,666.0,0.0,0.5188699146823906,0.48113008531760953
148,669.0,1.0,0.40572785612805906,0.5942721438719409
149,674.0,0.0,0.5346177070622887,0.46538229293771116
150,683.0,1.0,0.408752273797939,0.591247726202061
151,698.0,1.0,0.4715962397400939,0.5284037602599061
152,703.0,1.0,0.48383037364180176,0.5161696263581983
153,709.0,0.0,0.5989652225701293,0.40103477742987065
154,710.0,1.0,0.36295831805438256,0.6370416819456177
155,715.0,1.0,0.40641312025770787,0.5935868797422921
156,724.0,0.0,0.5418139551415074,0.45818604485849257
157,728.0,1.0,0.4517220695132133,0.5482779304867865
158,729.0,0.0,0.6002651031134764,0.39973489688652364
159,730.0,1.0,0.4521307635743087,0.5478692364256914
160,734.0,1.0,0.3897855711144004,0.6102144288855996
161,742.0,0.0,0.5640509220393877,0.4359490779606123
162,758.0,1.0,0.47998008149828914,0.5200199185017109
163,760.0,0.0,0.5335891913815896,0.46641080861841033
164,764.0,0.0,0.5221251164591618,0.4778748835408383
165,773.0,1.0,0.4766667386203779,0.5233332613796221
166,776.0,0.0,0.5726190301268265,0.4273809698731735
167,783.0,0.0,0.6343675851655289,0.36563241483447123
168,788.0,1.0,0.03668666728852326,0.9633133327114767
169,789.0,1.0,0.3917868020720943,0.6082131979279058
170,800.0,0.0,0.5414111422395493,0.4585888577604508
171,817.0,0.0,0.6069944297823432,0.3930055702176567
172,827.0,1.0,0.36195083714303133,0.6380491628569689
173,828.0,0.0,0.5030122835507236,0.4969877164492763
174,829.0,1.0,0.3978319938834209,0.6021680061165793
175,830.0,1.0,0.4376994968147689,0.5623005031852311
176,831.0,1.0,0.44995334022200184,0.550046659777998
177,834.0,0.0,0.5561560732641334,0.44384392673586637
178,837.0,0.0,0.6339334912683302,0.3660665087316697
179,840.0,0.0,0.5324485242220529,0.46755147577794703
180,841.0,1.0,0.48495351950230825,0.5150464804976917
181,859.0,0.0,0.5802685352677663,0.4197314647322336
182,861.0,0.0,0.5183079998222092,0.4816920001777907
183,863.0,1.0,0.4124732664360443,0.5875267335639556
184,869.0,1.0,0.44685113343203037,0.5531488665679694
185,888.0,1.0,0.4811680529470213,0.5188319470529786
186,894.0,1.0,0.44843885059383487,0.5515611494061649
187,896.0,0.0,0.5431160646605601,0.4568839353394399
188,898.0,1.0,0.3974441904337819,0.6025558095662182
189,900.0,0.0,0.611410569302619,0.38858943069738106
190,901.0,1.0,0.4777879558610201,0.52221204413898
191,914.0,1.0,0.44858057072577245,0.5514194292742276
192,916.0,1.0,0.41056462784886805,0.589435372151132
193,920.0,1.0,0.3850242941404416,0.6149757058595585
194,926.0,1.0,0.40249368662078117,0.597506313379219
195,932.0,0.0,0.6318398490449383,0.3681601509550614
196,934.0,0.0,0.5425118595865528,0.45748814041344693
197,936.0,0.0,0.6476894474389193,0.3523105525610808
198,940.0,1.0,0.4374948945946707,0.5625051054053294
199,943.0,1.0,0.48131942328285826,0.5186805767171416
200,947.0,1.0,0.0879828583218582,0.9120171416781417
201,951.0,0.0,0.5004001013298205,0.4995998986701794
202,953.0,1.0,0.3575609577256021,0.6424390422743982
203,959.0,1.0,0.47016547610029363,0.5298345238997063
204,960.0,1.0,0.03989270492838899,0.960107295071611
205,961.0,0.0,0.6382639747129957,0.36173602528700466
206,965.0,0.0,0.602469297200633,0.3975307027993669
207,974.0,0.0,0.5958499002150063,0.4041500997849937
208,978.0,0.0,0.5104021840770967,0.48959781592290313
209,983.0,1.0,0.3838894165328351,0.616110583467165
210,985.0,1.0,0.38700909402736694,0.6129909059726331
211,998.0,0.0,0.5598252186475964,0.4401747813524037
212,1001.0,0.0,0.5046614186692138,0.4953385813307862
213,1007.0,1.0,0.44067381076772355,0.5593261892322764
214,1010.0,1.0,0.4915981125604653,0.5084018874395346
215,1020.0,1.0,0.47507213246897434,0.5249278675310256
216,1021.0,1.0,0.4893205273095716,0.5106794726904283
217,1025.0,1.0,0.4923025065329532,0.5076974934670467
218,1034.0,1.0,0.03612706100577487,0.963872938994225
219,1042.0,0.0,0.5116465096033394,0.48835349039666065
220,1046.0,0.0,0.6170254012931072,0.3829745987068928
221,1049.0,1.0,0.05933453164545791,0.940665468354542
222,1054.0,0.0,0.6380258169710549,0.36197418302894485
223,1062.0,0.0,0.6805830915322721,0.319416908467728
224,1070.0,1.0,0.38055591731256316,0.619444082687437
225,1074.0,1.0,0.4537208978228468,0.5462791021771533
226,1077.0,1.0,0.4735124937144176,0.5264875062855824
227,1086.0,1.0,0.3870200204679268,0.6129799795320733
228,1089.0,1.0,0.41213740773305574,0.5878625922669445
229,1094.0,0.0,0.505132022307687,0.4948679776923131
230,1096.0,0.0,0.5001104343889885,0.49988956561101155
231,1097.0,0.0,0.5839920192095822,0.41600798079041795
232,1098.0,1.0,0.41926442881505366,0.5807355711849462
233,1104.0,1.0,0.49299109551999665,0.5070089044800032
234,1117.0,0.0,0.5792412012555915,0.4207587987444085
235,1120.0,0.0,0.589711224177806,0.4102887758221941
236,1122.0,0.0,0.6690661801093278,0.3309338198906719
237,1124.0,1.0,0.0635635266345152,0.9364364733654851
238,1128.0,1.0,0.39810072440656696,0.601899275593433
239,1137.0,1.0,0.39023494346191867,0.6097650565380814
240,1142.0,0.0,0.5537930429923569,0.44620695700764323
241,1146.0,0.0,0.5493881020186382,0.45061189798136175
242,1149.0,1.0,0.3531741607751199,0.6468258392248804
243,1150.0,1.0,0.36855505935184174,0.6314449406481583
244,1159.0,1.0,0.3840254267655848,0.6159745732344151
245,1160.0,1.0,0.3833224216405276,0.6166775783594725
246,1163.0,1.0,0.38619399187259584,0.6138060081274043
247,1166.0,1.0,0.38587445913435886,0.6141255408656413
248,1168.0,1.0,0.03977954302101188,0.9602204569789882
249,1179.0,1.0,0.43675349580926975,0.5632465041907302
250,1184.0,1.0,0.4965630017638579,0.503436998236142
251,1187.0,1.0,0.39161242151537246,0.6083875784846278
252,1194.0,1.0,0.4838694047843334,0.5161305952156665
253,1196.0,0.0,0.5982014887798923,0.4017985112201078
254,1197.0,1.0,0.3506364527429511,0.6493635472570491
255,1201.0,0.0,0.5688205542341175,0.4311794457658825
256,1211.0,0.0,0.5511522166655908,0.448847783334409
257,1213.0,1.0,0.3922586833646756,0.6077413166353244
258,1215.0,1.0,0.47950209542785255,0.5204979045721475
259,1216.0,1.0,0.4704291687239109,0.5295708312760891
260,1217.0,1.0,0.41266206317935866,0.5873379368206413
261,1225.0,1.0,0.47228992154951177,0.5277100784504882
262,1228.0,0.0,0.5128253329662962,0.48717466703370377
263,1239.0,0.0,0.5051626361439958,0.4948373638560043
264,1244.0,0.0,0.6004189501749384,0.3995810498250616
265,1246.0,0.0,0.5814603403276127,0.41853965967238715
266,1250.0,1.0,0.43953251705211455,0.5604674829478854
267,1252.0,1.0,0.38298838860045953,0.6170116113995406
268,1255.0,0.0,0.5409013811841772,0.45909861881582276
269,1265.0,1.0,0.47867573522901063,0.5213242647709894
270,1281.0,0.0,0.6219017805143536,0.3780982194856461
271,1283.0,1.0,0.41597293253802514,0.5840270674619752
272,1286.0,0.0,0.528480870725215,0.47151912927478484
273,1290.0,1.0,0.046478214155819014,0.953521785844181
274,1291.0,0.0,0.5009282913890559,0.4990717086109441
275,1295.0,1.0,0.436202695368451,0.5637973046315491
276,1296.0,0.0,0.5488569141930683,0.45114308580693174
277,1302.0,1.0,0.4112311544216622,0.5887688455783379
278,1316.0,0.0,0.5158424339561943,0.48415756604380566
279,1320.0,1.0,0.35687590786882856,0.6431240921311718
280,1321.0,0.0,0.5265841658053653,0.4734158341946347
281,1322.0,1.0,0.45611039839245293,0.543889601607547
282,1327.0,0.0,0.5666301475113403,0.4333698524886595
283,1338.0,1.0,0.39767908241167144,0.6023209175883284
284,1352.0,1.0,0.37557258679935684,0.6244274132006432
285,1354.0,1.0,0.4643048154596903,0.5356951845403095
286,1358.0,0.0,0.6240522954923009,0.3759477045076994
287,1360.0,1.0,0.43523805011224576,0.5647619498877542
288,1367.0,0.0,0.5436781967920404,0.4563218032079595
289,1373.0,0.0,0.563215413352782,0.436784586647218
290,1381.0,1.0,0.39479081887978323,0.6052091811202166
291,1383.0,0.0,0.5792996287609145,0.4207003712390855
292,1400.0,0.0,0.5359206854825515,0.46407931451744866
293,1401.0,1.0,0.4162925400244128,0.583707459975587
294,1407.0,0.0,0.5814302604695385,0.41856973953046145
295,1409.0,0.0,0.5892122552861004,0.41078774471389956
296,1412.0,0.0,0.5188443149661413,0.48115568503385875
297,1418.0,1.0,0.4058143078468865,0.5941856921531136
298,1421.0,0.0,0.5283339713769896,0.4716660286230105
299,1423.0,0.0,0.5426658846709621,0.4573341153290377
300,1426.0,0.0,0.5076951671103984,0.49230483288960153
301,1432.0,1.0,0.44348815916952716,0.5565118408304729
302,1438.0,0.0,0.5031999152710097,0.49680008472899034
303,1443.0,0.0,0.6507408748261878,0.3492591251738119
304,1447.0,1.0,0.49522402115358505,0.504775978846415
305,1460.0,0.0,0.6856869950736018,0.31431300492639824
306,1464.0,1.0,0.4820323006824597,0.5179676993175403
307,1470.0,1.0,0.39712107728459295,0.6028789227154071
308,1474.0,1.0,0.49243337666723586,0.507566623332764
309,1486.0,1.0,0.43754342617451863,0.5624565738254815
310,1494.0,1.0,0.39361972194781847,0.6063802780521815
311,1496.0,1.0,0.43419102221409356,0.5658089777859064
312,1500.0,1.0,0.4920565550370651,0.5079434449629351
313,1508.0,1.0,0.3597151985425658,0.6402848014574342
314,1511.0,1.0,0.42742535933205467,0.5725746406679453
315,1512.0,0.0,0.6275337475202614,0.3724662524797385
316,1516.0,0.0,0.564491288629307,0.435508711370693
317,1520.0,0.0,0.5286143570605994,0.47138564293940044
318,1522.0,0.0,0.5983326519974917,0.40166734800250803
319,1523.0,1.0,0.4144575041057761,0.5855424958942238
320,1526.0,1.0,0.4108670205528652,0.5891329794471347
321,1533.0,1.0,0.47579018300610476,0.5242098169938954
322,1539.0,0.0,0.5016366852554335,0.4983633147445665
323,1545.0,0.0,0.5420482148298402,0.45795178517015955
324,1546.0,0.0,0.5169824620857608,0.4830175379142393
325,1558.0,0.0,0.5157218801385427,0.48427811986145725
326,1561.0,1.0,0.47948687203489615,0.5205131279651039
327,1569.0,0.0,0.5044516166102416,0.4955483833897583
328,1578.0,0.0,0.6377909843818476,0.3622090156181524
329,1581.0,1.0,0.3764374025876817,0.6235625974123185
330,1600.0,1.0,0.41203605009977,0.5879639499002299
331,1610.0,1.0,0.4096861132065288,0.5903138867934712
332,1611.0,1.0,0.47357735243498295,0.5264226475650171
333,1614.0,0.0,0.5004913240130462,0.4995086759869538
334,1616.0,0.0,0.6757381262769906,0.3242618737230098
335,1623.0,0.0,0.5986224258097838,0.40137757419021625
336,1633.0,1.0,0.48832393362140203,0.5116760663785979
337,1645.0,0.0,0.6018394000086663,0.3981605999913336
338,1647.0,1.0,0.4231769577898266,0.5768230422101734
339,1650.0,1.0,0.4942547258552905,0.5057452741447093
340,1652.0,1.0,0.47473755100524373,0.5252624489947562
341,1656.0,0.0,0.5826840470275336,0.4173159529724664
342,1668.0,1.0,0.4803495759860798,0.5196504240139201
343,1669.0,0.0,0.5811697448401842,0.4188302551598158
344,1672.0,0.0,0.5051059461345112,0.4948940538654888
345,1676.0,0.0,0.5535468989029675,0.4464531010970325
346,1678.0,0.0,0.641239402263696,0.35876059773630375
347,1685.0,1.0,0.41381780459303596,0.586182195406964
348,1693.0,1.0,0.46544667052004823,0.5345533294799517
349,1697.0,1.0,0.4026692256694265,0.5973307743305736
350,1698.0,1.0,0.48816451073778877,0.5118354892622113
351,1707.0,1.0,0.05420020865464939,0.9457997913453506
352,1709.0,1.0,0.4018604912612353,0.5981395087387646
353,1711.0,1.0,0.4272889222213559,0.572711077778644
354,1713.0,0.0,0.5672334303728074,0.4327665696271928
355,1714.0,0.0,0.5574540296806023,0.44254597031939796
356,1716.0,0.0,0.614901634069316,0.3850983659306839
357,1719.0,1.0,0.35989206987002365,0.6401079301299766
358,1720.0,0.0,0.5250701954837591,0.47492980451624073
359,1722.0,1.0,0.4767136006921081,0.5232863993078919
360,1726.0,0.0,0.5035191230777718,0.49648087692222803
361,1747.0,1.0,0.3988047522275635,0.6011952477724365
362,1748.0,1.0,0.4252776880245055,0.5747223119754947
363,1750.0,1.0,0.4027419191944422,0.597258080805558
364,1762.0,1.0,0.4160961972264871,0.5839038027735128
365,1764.0,0.0,0.7129821070197179,0.2870178929802824
366,1774.0,1.0,0.39186315602126354,0.6081368439787366
367,1780.0,1.0,0.4616167333953496,0.5383832666046504
368,1787.0,1.0,0.0305984399111247,0.9694015600888752
369,1789.0,0.0,0.54605062394681,0.4539493760531898
370,1802.0,1.0,0.4830764959011858,0.5169235040988143
371,1803.0,1.0,0.41040009495129326,0.5895999050487069
372,1805.0,1.0,0.08511344503043934,0.9148865549695607
373,1806.0,0.0,0.530047761735107,0.46995223826489296
374,1820.0,1.0,0.45920660286941933,0.5407933971305807
375,1833.0,0.0,0.5144851321504269,0.4855148678495731
376,1838.0,0.0,0.5205485412566059,0.479451458743394
377,1839.0,1.0,0.4084829132637642,0.5915170867362357
378,1840.0,1.0,0.4279602126536647,0.5720397873463353
379,1841.0,0.0,0.5318061855514253,0.46819381444857455
380,1852.0,1.0,0.42184278369560774,0.5781572163043923
381,1854.0,1.0,0.45729157949470056,0.5427084205052993
382,1862.0,1.0,0.4859367233816161,0.5140632766183839
383,1875.0,1.0,0.3470390790052968,0.6529609209947033
384,1884.0,0.0,0.5276100631429926,0.47238993685700725
385,1886.0,1.0,0.0629983221984391,0.937001677801561
386,1897.0,1.0,0.47055380575245936,0.5294461942475406
387,1903.0,1.0,0.40344308056983885,0.5965569194301612
388,1904.0,1.0,0.42455007381109694,0.5754499261889032
389,1905.0,1.0,0.4822989993456458,0.5177010006543542
390,1906.0,1.0,0.38291732364462133,0.6170826763553787
391,1909.0,1.0,0.46850177517612623,0.5314982248238738
392,1910.0,1.0,0.42436918865604717,0.5756308113439528
393,1911.0,0.0,0.5875128425445029,0.4124871574554973
394,1914.0,1.0,0.3690968117906629,0.6309031882093374
395,1934.0,1.0,0.46372722467767163,0.5362727753223286
396,1936.0,1.0,0.4900067337558229,0.5099932662441771
397,1950.0,1.0,0.4152214596659452,0.5847785403340546
398,1955.0,1.0,0.3892098264037848,0.6107901735962153
399,1961.0,1.0,0.05171879087312504,0.9482812091268749
400,1964.0,0.0,0.5979715812295341,0.40202841877046586
401,1967.0,0.0,0.5758412244698485,0.4241587755301514
402,1969.0,1.0,0.4627278404297296,0.5372721595702704
403,1975.0,1.0,0.46671967913401535,0.5332803208659845
404,1977.0,1.0,0.423648300358548,0.576351699641452
405,1978.0,1.0,0.432528128693665,0.5674718713063349
406,1980.0,1.0,0.43919974753047525,0.5608002524695249
407,1982.0,0.0,0.6524155176282934,0.3475844823717065
408,1983.0,1.0,0.47131036537305093,0.528689634626949
409,1985.0,1.0,0.4791727557847036,0.5208272442152964
410,1990.0,0.0,0.5498737668025359,0.45012623319746403
411,1993.0,1.0,0.4637341026483444,0.5362658973516556
412,2016.0,1.0,0.4442946758476836,0.5557053241523162
413,2026.0,0.0,0.5215838301432595,0.4784161698567405
414,2035.0,1.0,0.4601173888670661,0.5398826111329341
415,2037.0,0.0,0.5323335424043958,0.4676664575956042
416,2038.0,0.0,0.558841236832987,0.44115876316701297
417,2052.0,0.0,0.5664531749705813,0.4335468250294187
418,2063.0,0.0,0.5837731470955605,0.41622685290443934
419,2066.0,0.0,0.5459549498617249,0.45404505013827495
420,2067.0,0.0,0.5480210153021106,0.4519789846978892
421,2071.0,1.0,0.3517364546454677,0.6482635453545323
422,2074.0,0.0,0.6207545160139951,0.37924548398600477
423,2082.0,1.0,0.4977141681292302,0.5022858318707697
424,2093.0,1.0,0.3866224851553381,0.6133775148446621
425,2095.0,1.0,0.4456861413986538,0.5543138586013461
426,2103.0,1.0,0.4135806042425074,0.5864193957574928
427,2119.0,0.0,0.6557011763136168,0.3442988236863831
428,2134.0,1.0,0.4402156541776392,0.559784345822361
429,2150.0,1.0,0.4660059674272374,0.5339940325727626
430,2151.0,1.0,0.4355015487777728,0.5644984512222272
431,2153.0,0.0,0.6557514089551434,0.3442485910448569
432,2154.0,0.0,0.5711337302473627,0.42886626975263725
433,2156.0,0.0,0.5568811774252844,0.44311882257471547
434,2163.0,1.0,0.46413496182305963,0.5358650381769404
435,2174.0,0.0,0.504221824051443,0.495778175948557
436,2177.0,1.0,0.39669260255262545,0.6033073974473747
437,2183.0,0.0,0.567548741860927,0.432451258139073
438,2185.0,1.0,0.3941347194676102,0.6058652805323899
439,2189.0,0.0,0.5256836007548027,0.47431639924519736
440,2190.0,1.0,0.4835317715057299,0.5164682284942701
441,2198.0,1.0,0.4833690688392198,0.5166309311607802
442,2201.0,1.0,0.45490559112275236,0.5450944088772477
443,2204.0,1.0,0.40877308233104315,0.5912269176689569
444,2218.0,1.0,0.3638533408035594,0.6361466591964406
445,2219.0,1.0,0.43331368234604617,0.5666863176539537
446,2223.0,0.0,0.5362740782533453,0.4637259217466546
447,2224.0,1.0,0.38315820828499164,0.6168417917150084
448,2226.0,1.0,0.03599146533918688,0.964008534660813
449,2228.0,0.0,0.6188910811935749,0.38110891880642506
450,2233.0,1.0,0.49891820862448333,0.5010817913755166
451,2247.0,0.0,0.5476253069458302,0.45237469305416966
452,2253.0,0.0,0.6854553372896908,0.3145446627103094
453,2255.0,1.0,0.49858810980262275,0.5014118901973771
454,2261.0,0.0,0.5152713467664166,0.48472865323358344
455,2263.0,1.0,0.4773243979714044,0.5226756020285955
456,2272.0,1.0,0.49402542340510214,0.505974576594898
457,2278.0,1.0,0.39317349620594705,0.606826503794053
458,2284.0,1.0,0.04734347959751139,0.9526565204024887
459,2303.0,0.0,0.5170176187994393,0.4829823812005607
460,2305.0,0.0,0.5037034766809241,0.49629652331907587
461,2307.0,1.0,0.476558098064099,0.523441901935901
462,2308.0,1.0,0.42272459581101357,0.5772754041889863
463,2310.0,0.0,0.6658911859690813,0.3341088140309186
464,2324.0,1.0,0.432568575228659,0.5674314247713411
465,2333.0,1.0,0.39771339747460455,0.6022866025253955
466,2336.0,0.0,0.6462042605727568,0.353795739427243
467,2338.0,0.0,0.6484511323314761,0.35154886766852395
468,2343.0,1.0,0.43184881896253585,0.5681511810374643
469,2346.0,0.0,0.6935070118400491,0.30649298815995135
470,2353.0,1.0,0.4029160176097044,0.5970839823902956
471,2354.0,0.0,0.6325226275098388,0.36747737249016127
472,2370.0,1.0,0.40217577175189284,0.5978242282481072
473,2378.0,0.0,0.5549682281536975,0.44503177184630244
474,2381.0,1.0,0.3934551443695634,0.6065448556304367
475,2382.0,0.0,0.5110459456744312,0.4889540543255688
476,2383.0,1.0,0.3983048374901741,0.6016951625098259
477,2392.0,1.0,0.31232509442366563,0.6876749055763343
478,2394.0,0.0,0.5274162818230388,0.4725837181769611
479,2405.0,1.0,0.473848148278306,0.526151851721694
480,2416.0,0.0,0.6866304750615881,0.3133695249384122
481,2418.0,0.0,0.5959205370931128,0.4040794629068873
482,2428.0,1.0,0.47374458662425917,0.5262554133757408
483,2444.0,0.0,0.592026269005532,0.40797373099446793
484,2449.0,1.0,0.46918540454414703,0.5308145954558529
485,2458.0,0.0,0.5575592552989985,0.4424407447010013
486,2463.0,1.0,0.4587467780482003,0.5412532219517996
487,2471.0,0.0,0.5141843679567155,0.4858156320432844
488,2472.0,1.0,0.369038418371872,0.6309615816281281
489,2474.0,0.0,0.5761868616947361,0.42381313830526374
490,2476.0,1.0,0.38710597361557825,0.6128940263844218
491,2486.0,0.0,0.585090611355878,0.414909388644122
492,2489.0,1.0,0.4770671572193392,0.5229328427806608
493,2493.0,0.0,0.5320243609665487,0.46797563903345113
494,2500.0,0.0,0.5020494644926545,0.4979505355073455
495,2515.0,1.0,0.03829851964782274,0.9617014803521774
496,2518.0,0.0,0.6142595971589554,0.3857404028410447
497,2527.0,1.0,0.439986144198231,0.5600138558017691
498,2531.0,1.0,0.3637352013866559,0.6362647986133445
499,2541.0,0.0,0.5429214436652726,0.4570785563347275
500,2556.0,0.0,0.5579460797206629,0.44205392027933693
501,2564.0,1.0,0.4591527629836162,0.5408472370163839
502,2567.0,1.0,0.3313110228926373,0.668688977107363
503,2578.0,1.0,0.37333199973714154,0.6266680002628587
504,2589.0,0.0,0.6505567588470913,0.3494432411529086
505,2594.0,1.0,0.33765946692776505,0.6623405330722352
506,2596.0,1.0,0.4095453482861873,0.5904546517138127
507,2608.0,1.0,0.4057672219454316,0.5942327780545686
508,2613.0,1.0,0.3806655822501095,0.6193344177498907
509,2614.0,1.0,0.029783118669635397,0.9702168813303647
510,2618.0,1.0,0.40601597714219795,0.5939840228578022
511,2620.0,1.0,0.4224842973884014,0.5775157026115987
512,2621.0,1.0,0.39259955383788636,0.6074004461621139
513,2625.0,0.0,0.579242476568136,0.4207575234318639
514,2639.0,1.0,0.438315245483086,0.5616847545169144
515,2642.0,0.0,0.5426687989409613,0.4573312010590388
516,2650.0,1.0,0.4987335283492651,0.5012664716507349
517,2651.0,1.0,0.44564573947248803,0.5543542605275118
518,2657.0,0.0,0.6517911931192006,0.34820880688079947
519,2658.0,1.0,0.38225439208965734,0.6177456079103429
520,2663.0,1.0,0.3693157010621846,0.6306842989378155
521,2664.0,0.0,0.5173564945434098,0.4826435054565901
522,2665.0,1.0,0.38673979579115314,0.6132602042088472
523,2672.0,0.0,0.5188057513784662,0.4811942486215337
524,2674.0,1.0,0.056211560331128965,0.9437884396688712
525,2680.0,0.0,0.6399388973540202,0.36006110264597957
526,2684.0,0.0,0.5154404479478543,0.4845595520521456
527,2686.0,0.0,0.5547872158917244,0.4452127841082757
528,2690.0,1.0,0.41133021877384723,0.588669781226153
529,2692.0,0.0,0.5424768400692852,0.45752315993071485
530,2696.0,0.0,0.5414032225710796,0.4585967774289204
531,2699.0,1.0,0.38812136380968165,0.6118786361903186
532,2710.0,0.0,0.5737125763208814,0.42628742367911876
533,2712.0,1.0,0.441462783694044,0.5585372163059559
534,2718.0,1.0,0.034785664442134795,0.9652143355578651
535,2732.0,0.0,0.6032778671457119,0.3967221328542882
536,2736.0,1.0,0.4191909482324019,0.5808090517675982
537,2737.0,1.0,0.4933244047628218,0.5066755952371782
538,2739.0,1.0,0.4550600199651777,0.5449399800348225
539,2740.0,1.0,0.40732886240201965,0.5926711375979804
540,2746.0,1.0,0.4932066445500621,0.5067933554499379
541,2748.0,0.0,0.5454806912956242,0.45451930870437574
542,2749.0,0.0,0.5383284720433322,0.4616715279566678
543,2750.0,1.0,0.38249693396847434,0.617503066031526
544,2753.0,1.0,0.3863258960753284,0.6136741039246716
545,2769.0,1.0,0.4822426510753733,0.5177573489246268
546,2771.0,0.0,0.6033185330363604,0.39668146696363976
547,2778.0,0.0,0.5008148939628235,0.4991851060371764
548,2780.0,0.0,0.5600456263518568,0.4399543736481432
549,2781.0,0.0,0.6560548825343259,0.34394511746567397
550,2800.0,0.0,0.5858989104692774,0.4141010895307226
551,2805.0,0.0,0.580237765180934,0.4197622348190661
552,2810.0,1.0,0.39972573047976645,0.6002742695202337
553,2822.0,0.0,0.500579361303927,0.49942063869607295
554,2826.0,1.0,0.048406195614161845,0.9515938043858383
555,2831.0,1.0,0.4112494942030606,0.5887505057969394
556,2837.0,0.0,0.5739345652244657,0.42606543477553416
557,2841.0,0.0,0.5011727868212256,0.4988272131787744
558,2849.0,1.0,0.4109399100802677,0.5890600899197324
559,2854.0,0.0,0.5322025441559801,0.46779745584401994
560,2860.0,1.0,0.48460655045403944,0.5153934495459606
561,2861.0,1.0,0.497331100587245,0.502668899412755
562,2865.0,0.0,0.5212140865999653,0.4787859134000346
563,2871.0,1.0,0.043525981880710066,0.9564740181192899
564,2874.0,1.0,0.39129788277474836,0.6087021172252518
565,2876.0,1.0,0.4123381132742941,0.587661886725706
566,2885.0,1.0,0.49377983401478553,0.5062201659852145
567,2888.0,0.0,0.5381455359080664,0.46185446409193354
568,2891.0,0.0,0.6535278804776135,0.34647211952238655
569,2895.0,0.0,0.5930509998482603,0.4069490001517399
570,2899.0,0.0,0.6135114866812177,0.38648851331878226
571,2904.0,0.0,0.6400233016085403,0.3599766983914595
572,2912.0,1.0,0.04050756503131905,0.959492434968681
573,2917.0,1.0,0.33096458526891076,0.6690354147310894
574,2928.0,0.0,0.5817575799005692,0.4182424200994308
575,2929.0,1.0,0.42775839197748333,0.5722416080225168
576,2932.0,1.0,0.39797056046059687,0.6020294395394032
577,2948.0,1.0,0.44862229302892404,0.5513777069710758
578,2949.0,1.0,0.3795085492164151,0.6204914507835853
579,2950.0,0.0,0.5438978057126547,0.45610219428734533
580,2954.0,1.0,0.4040877825271286,0.5959122174728716
581,2959.0,1.0,0.3909793695631631,0.6090206304368371
582,2961.0,0.0,0.5360898625189381,0.4639101374810618
583,2963.0,1.0,0.40412960824102356,0.5958703917589766
584,2969.0,0.0,0.5444924077755641,0.4555075922244358
585,2972.0,1.0,0.4426794072582708,0.5573205927417293
586,2973.0,1.0,0.39454900252849073,0.6054509974715094
587,2977.0,1.0,0.028209131355228956,0.971790868644771
588,2983.0,1.0,0.38993098408900834,0.6100690159109918
589,2987.0,0.0,0.5757459480616953,0.4242540519383046
590,2991.0,1.0,0.4980450333077707,0.5019549666922294
591,3002.0,0.0,0.6519378304749255,0.3480621695250743
592,3005.0,0.0,0.5202102019019741,0.479789798098026
593,3007.0,1.0,0.4000063732588179,0.5999936267411821
594,3011.0,1.0,0.49433420484429275,0.5056657951557072
595,3012.0,1.0,0.4148245433871229,0.5851754566128772
596,3013.0,1.0,0.4675036784243044,0.5324963215756956
597,3015.0,1.0,0.48069850839836215,0.5193014916016377
598,3016.0,0.0,0.514785711595867,0.48521428840413305
599,3021.0,1.0,0.4702928476498194,0.5297071523501806
600,3027.0,0.0,0.5434928151543028,0.45650718484569697
601,3034.0,1.0,0.037028946167070816,0.9629710538329291
602,3037.0,0.0,0.6302839944159468,0.36971600558405304
603,3053.0,0.0,0.5797176563665142,0.42028234363348566
604,3060.0,1.0,0.40623095971129053,0.5937690402887096
605,3062.0,1.0,0.44280302342777866,0.5571969765722212
606,3082.0,0.0,0.5048011490179592,0.4951988509820408
607,3084.0,1.0,0.4799247771484461,0.5200752228515539
608,3093.0,1.0,0.48661057919129086,0.5133894208087091
609,3094.0,1.0,0.490950172853475,0.509049827146525
610,3098.0,1.0,0.4955854894921972,0.5044145105078028
611,3101.0,1.0,0.44418000997529355,0.5558199900247064
612,3105.0,1.0,0.4028825721277013,0.5971174278722989
613,3107.0,0.0,0.5426598672008631,0.45734013279913677
614,3113.0,1.0,0.04732584300509662,0.9526741569949034
615,3121.0,0.0,0.6529154203005241,0.34708457969947587
616,3151.0,0.0,0.5159595485239538,0.4840404514760462
617,3155.0,1.0,0.05702282715339179,0.9429771728466081
618,3166.0,0.0,0.5405629608448254,0.4594370391551746
619,3178.0,1.0,0.05286602860910625,0.9471339713908936
620,3179.0,0.0,0.5531955459269513,0.44680445407304875
621,3186.0,1.0,0.37915616749989245,0.6208438325001077
622,3193.0,1.0,0.40471914204081905,0.595280857959181
623,3200.0,1.0,0.4066560401174638,0.5933439598825361
624,3217.0,1.0,0.4045530455342999,0.5954469544657003
625,3219.0,1.0,0.4837333734772674,0.5162666265227327
626,3221.0,0.0,0.5528141043506898,0.4471858956493102
627,3229.0,1.0,0.4683768164618206,0.5316231835381795
628,3234.0,0.0,0.551036102309749,0.4489638976902508
629,3247.0,1.0,0.4786205813842329,0.5213794186157673
630,3248.0,0.0,0.5706777323288705,0.42932226767112946
631,3251.0,1.0,0.4109708873427004,0.5890291126572995
632,3253.0,1.0,0.37916677040375535,0.620833229596245
633,3263.0,1.0,0.49763046961642116,0.5023695303835788
634,3272.0,1.0,0.4282459558026671,0.5717540441973328
635,3273.0,1.0,0.4393987882613314,0.5606012117386686
636,3275.0,0.0,0.5819744543428677,0.41802554565713224
637,3278.0,0.0,0.584669345359843,0.41533065464015706
638,3283.0,1.0,0.39635379199455206,0.6036462080054481
639,3285.0,1.0,0.45707274758890576,0.5429272524110942
640,3289.0,0.0,0.6276906742158896,0.3723093257841103
641,3315.0,0.0,0.5347947023862571,0.4652052976137428
642,3319.0,0.0,0.6321900454811389,0.3678099545188608
643,3321.0,1.0,0.3842152896234809,0.6157847103765193
644,3325.0,1.0,0.3967299304320506,0.6032700695679494
645,3326.0,0.0,0.5741524622170295,0.4258475377829704
646,3341.0,0.0,0.5219680155018598,0.4780319844981402
647,3343.0,1.0,0.47930830491025384,0.5206916950897462
648,3344.0,0.0,0.5244963404110401,0.4755036595889599
649,3348.0,0.0,0.5426515339642236,0.4573484660357763
650,3350.0,1.0,0.0762833482046144,0.9237166517953859
651,3355.0,1.0,0.3894615462595155,0.6105384537404844
652,3359.0,0.0,0.5674775684723649,0.4325224315276354
653,3361.0,0.0,0.5500088543825365,0.4499911456174635
654,3379.0,1.0,0.39503793883866245,0.6049620611613375
655,3381.0,1.0,0.431556604540524,0.5684433954594758
656,3384.0,1.0,0.4011589751129968,0.5988410248870033
657,3386.0,0.0,0.552241001183817,0.4477589988161831
658,3392.0,0.0,0.5432110422341286,0.45678895776587164
659,3393.0,1.0,0.39002807366878933,0.6099719263312106
660,3395.0,1.0,0.49800488537674015,0.5019951146232599
661,3409.0,1.0,0.36950298593327674,0.6304970140667234
662,3416.0,1.0,0.02965942835705639,0.9703405716429436
663,3423.0,1.0,0.4049658007860353,0.5950341992139648
664,3429.0,1.0,0.4367711331796072,0.5632288668203929
665,3435.0,1.0,0.48792535851527136,0.5120746414847287
666,3442.0,0.0,0.5083658096632779,0.49163419033672207
667,3446.0,0.0,0.60281260470485,0.3971873952951501
668,3449.0,0.0,0.640431350237913,0.3595686497620872
669,3450.0,1.0,0.4180682903217035,0.5819317096782967
670,3462.0,1.0,0.3819349799475701,0.61806502005243
671,3465.0,1.0,0.35638268378420757,0.6436173162157925
672,3466.0,1.0,0.44097062545815296,0.5590293745418472
673,3469.0,1.0,0.45570077281650917,0.5442992271834908
674,3472.0,1.0,0.360067400366757,0.6399325996332434
675,3475.0,1.0,0.028673370632126483,0.9713266293678734
676,3476.0,0.0,0.5735347703303877,0.4264652296696123
677,3478.0,1.0,0.3914637394053992,0.6085362605946009
678,3482.0,1.0,0.39510275136104345,0.6048972486389568
679,3483.0,1.0,0.4373528371427265,0.5626471628572737
680,3490.0,1.0,0.4847107208514733,0.5152892791485268
681,3493.0,0.0,0.5126398593417035,0.4873601406582965
682,3512.0,0.0,0.5680910998693567,0.4319089001306433
683,3513.0,1.0,0.3971411277716173,0.6028588722283826
684,3522.0,1.0,0.4102584638421062,0.5897415361578939
685,3527.0,1.0,0.10965286912107625,0.8903471308789238
686,3530.0,0.0,0.5144777111696924,0.48552228883030757
687,3531.0,1.0,0.38836346705001,0.6116365329499902
688,3536.0,1.0,0.07404069953103808,0.9259593004689619
689,3538.0,1.0,0.4855639904730252,0.5144360095269749
690,3540.0,1.0,0.08240790887710808,0.917592091122892
691,3543.0,0.0,0.5366796691967639,0.4633203308032359
692,3548.0,0.0,0.5289677363919255,0.4710322636080743
693,3560.0,1.0,0.4270184996089841,0.5729815003910158
694,3561.0,1.0,0.4795841977991766,0.5204158022008234
695,3567.0,0.0,0.5422201865313763,0.45777981346862373
696,3568.0,1.0,0.4715125794290521,0.528487420570948
697,3572.0,1.0,0.4230281996335393,0.5769718003664608
698,3583.0,1.0,0.415407173657144,0.584592826342856
699,3585.0,1.0,0.44655416414316207,0.5534458358568378
700,3587.0,0.0,0.5011313140815998,0.4988686859184003
701,3588.0,1.0,0.42655224631524746,0.5734477536847525
702,3589.0,0.0,0.5335528124435543,0.4664471875564456
703,3602.0,1.0,0.4588327857355163,0.5411672142644838
704,3622.0,0.0,0.5488682687644997,0.4511317312355002
705,3634.0,1.0,0.035615194529891044,0.964384805470109
706,3635.0,1.0,0.4594119081157888,0.5405880918842114
707,3648.0,1.0,0.49669103720390007,0.5033089627961
708,3649.0,0.0,0.5518494440683275,0.44815055593167247
709,3653.0,0.0,0.7355855984147172,0.26441440158528257
710,3658.0,0.0,0.5853538115800158,0.41464618841998424
711,3659.0,1.0,0.4800136328054795,0.5199863671945205
712,3661.0,0.0,0.6555239644821828,0.3444760355178174
713,3663.0,0.0,0.5338523956533612,0.46614760434663877
714,3664.0,0.0,0.6924953362781561,0.30750466372184404
715,3669.0,1.0,0.4860359888987063,0.5139640111012936
716,3679.0,1.0,0.4881818048833743,0.5118181951166256
717,3684.0,1.0,0.43930979962130406,0.5606902003786962
718,3691.0,1.0,0.4352765405493341,0.5647234594506658
719,3695.0,0.0,0.5837539409018833,0.41624605909811685
720,3699.0,1.0,0.42741425155892115,0.572585748441079
721,3704.0,1.0,0.46469233499018775,0.5353076650098123
722,3709.0,0.0,0.539661048657393,0.4603389513426071
723,3716.0,0.0,0.6111796243155895,0.38882037568441047
724,3723.0,1.0,0.43200235439398854,0.5679976456060115
725,3727.0,1.0,0.4081134821813395,0.5918865178186605
726,3736.0,1.0,0.47945717519738656,0.5205428248026134
727,3747.0,0.0,0.5194165754394716,0.48058342456052844
728,3748.0,0.0,0.5547315849866818,0.4452684150133182
729,3755.0,1.0,0.43226016422585695,0.5677398357741431
730,3757.0,0.0,0.5202942322572368,0.4797057677427632
731,3761.0,0.0,0.5209173159047824,0.47908268409521754
732,3765.0,1.0,0.4345529851689763,0.5654470148310238
733,3767.0,1.0,0.4212441635376817,0.5787558364623183
734,3774.0,1.0,0.44459906705934904,0.5554009329406508
735,3782.0,0.0,0.6392076789067438,0.36079232109325643
736,3785.0,1.0,0.44601180637030874,0.5539881936296913
737,3789.0,0.0,0.5634907389866538,0.436509261013346
738,3792.0,1.0,0.028005764104377696,0.9719942358956224
739,3796.0,1.0,0.4197092338592615,0.5802907661407385
740,3801.0,0.0,0.5971778012075604,0.40282219879243963
741,3805.0,1.0,0.47596628354593684,0.5240337164540633
742,3809.0,1.0,0.4587770032955033,0.5412229967044966
743,3811.0,0.0,0.6311213749122934,0.36887862508770636
744,3814.0,0.0,0.5304109692363594,0.4695890307636405
745,3819.0,1.0,0.36990539251184434,0.6300946074881559
746,3825.0,1.0,0.4850625218288948,0.5149374781711051
747,3827.0,1.0,0.44775151284222453,0.5522484871577754
748,3839.0,1.0,0.40956627845001803,0.590433721549982
749,3873.0,1.0,0.4264549495124696,0.5735450504875305
750,3886.0,1.0,0.4701528289403944,0.5298471710596057
751,3894.0,1.0,0.4211020006232993,0.5788979993767007
752,3900.0,1.0,0.3929858342381935,0.6070141657618066
753,3905.0,1.0,0.4258572388516215,0.5741427611483784
754,3911.0,1.0,0.4361223024402653,0.5638776975597346
755,3918.0,0.0,0.5669363796833572,0.4330636203166429
756,3928.0,0.0,0.5198604968008322,0.48013950319916776
757,3935.0,1.0,0.04441499483038767,0.9555850051696123
758,3936.0,0.0,0.5625928389240928,0.43740716107590727
759,3939.0,1.0,0.46375064801224236,0.5362493519877577
760,3944.0,1.0,0.49356951214097383,0.5064304878590261
761,3945.0,1.0,0.02761118756807571,0.9723888124319242
762,3949.0,1.0,0.385901506723757,0.6140984932762433
763,3953.0,1.0,0.45313033077591847,0.5468696692240815
764,3957.0,0.0,0.5458442941949138,0.4541557058050864
765,3965.0,0.0,0.5395615509218855,0.4604384490781144
766,3968.0,0.0,0.524480225063287,0.47551977493671294
767,3970.0,1.0,0.3915690555657049,0.6084309444342952
768,3971.0,0.0,0.6683036270227367,0.3316963729772629
769,3973.0,0.0,0.5089454019593022,0.4910545980406979
770,3998.0,0.0,0.5592389357791064,0.4407610642208935
771,3999.0,1.0,0.3820106555309618,0.6179893444690383
772,4002.0,0.0,0.6805152204428566,0.3194847795571432
773,4003.0,1.0,0.40260850305456425,0.5973914969454358
774,4010.0,1.0,0.4284889151616802,0.57151108483832
775,4033.0,0.0,0.7194805879902708,0.2805194120097292
776,4040.0,1.0,0.4439297914053625,0.5560702085946376
777,4046.0,1.0,0.4527743055988971,0.5472256944011028
778,4066.0,1.0,0.40999642257330854,0.5900035774266914
779,4067.0,1.0,0.3824467979298815,0.6175532020701188
780,4070.0,1.0,0.46292393005763705,0.5370760699423629
781,4073.0,0.0,0.5576140137368704,0.44238598626312964
782,4074.0,0.0,0.5375384449223337,0.46246155507766623
783,4076.0,1.0,0.41441964659699093,0.585580353403009
784,4090.0,1.0,0.43789491021421767,0.5621050897857824
785,4103.0,1.0,0.37430112532487764,0.6256988746751224
786,4104.0,0.0,0.5264077546038557,0.47359224539614414
787,4109.0,1.0,0.4762441461662628,0.5237558538337372
788,4111.0,0.0,0.5734170095054656,0.4265829904945344
789,4123.0,1.0,0.48563800931272355,0.5143619906872764
790,4124.0,0.0,0.5076995203572482,0.4923004796427518
791,4130.0,1.0,0.4044633995778743,0.5955366004221258
792,4132.0,1.0,0.4394135984093785,0.5605864015906216
793,4140.0,0.0,0.5456726802542372,0.45432731974576285
794,4143.0,1.0,0.4583564355566106,0.5416435644433895
795,4146.0,1.0,0.4789847638721823,0.5210152361278176
796,4151.0,0.0,0.5171579855527901,0.4828420144472099
797,4153.0,1.0,0.4187903700069399,0.5812096299930603
798,4158.0,1.0,0.4530694655496537,0.5469305344503465
799,4165.0,0.0,0.5320196325776538,0.467980367422346
800,4167.0,0.0,0.566993162942243,0.4330068370577569
801,4169.0,0.0,0.5261679182276392,0.4738320817723608
802,4181.0,0.0,0.5570785589762953,0.4429214410237045
803,4185.0,0.0,0.5902275015917289,0.409772498408271
804,4187.0,1.0,0.43493029354381596,0.5650697064561842
805,4193.0,1.0,0.4392605261396714,0.5607394738603284
806,4195.0,0.0,0.5128510814466702,0.48714891855332987
807,4197.0,1.0,0.4298232770827158,0.5701767229172844
808,4198.0,1.0,0.4914503012583261,0.5085496987416739
809,4199.0,1.0,0.42013124516591044,0.5798687548340897
810,4202.0,1.0,0.4984393287560128,0.5015606712439871
811,4205.0,1.0,0.45509911086822535,0.5449008891317744
812,4213.0,1.0,0.38828462822612325,0.611715371773877
813,4215.0,1.0,0.4523621508840228,0.5476378491159771
814,4220.0,0.0,0.5497739120012831,0.4502260879987168
815,4228.0,1.0,0.4372240166664693,0.5627759833335307
816,4239.0,1.0,0.40132598946667086,0.5986740105333291
817,4242.0,1.0,0.04993277272648285,0.9500672272735171
818,4250.0,0.0,0.5392860845084558,0.46071391549154406
819,4261.0,0.0,0.5717837508701831,0.42821624912981693
820,4271.0,0.0,0.6258894538780574,0.37411054612194233
821,4279.0,1.0,0.39759669145257837,0.6024033085474215
822,4286.0,1.0,0.4906198081715382,0.5093801918284618
823,4289.0,1.0,0.37869117964162463,0.6213088203583755
824,4295.0,1.0,0.31316484263014815,0.6868351573698521
825,4296.0,0.0,0.5429415877055347,0.4570584122944652
826,4302.0,1.0,0.4822414758980775,0.5177585241019226
827,4311.0,1.0,0.4571990763068134,0.5428009236931868
828,4316.0,1.0,0.40792398159110277,0.5920760184088972
829,4317.0,0.0,0.5068106761676421,0.4931893238323579
830,4319.0,1.0,0.45200008991987317,0.5479999100801269
831,4324.0,0.0,0.526219898912805,0.473780101087195
832,4325.0,0.0,0.5235642645722802,0.4764357354277199
833,4327.0,0.0,0.6262141336526812,0.3737858663473188
834,4328.0,1.0,0.42612449338912645,0.5738755066108737
835,4333.0,0.0,0.6785845837348145,0.32141541626518566
836,4334.0,0.0,0.6126020193257077,0.38739798067429215
837,4336.0,0.0,0.5169816168425659,0.48301838315743395
838,4339.0,1.0,0.3865405943933645,0.6134594056066356
839,4349.0,0.0,0.5348494806185085,0.46515051938149143
840,4350.0,1.0,0.4156240674676113,0.5843759325323886
841,4351.0,0.0,0.5227724359941999,0.47722756400580013
842,4354.0,1.0,0.4917754635568834,0.5082245364431166
843,4370.0,1.0,0.37384555616646464,0.6261544438335352
844,4372.0,1.0,0.4152410473089482,0.5847589526910518
845,4375.0,1.0,0.45309267075408677,0.5469073292459133
846,4378.0,1.0,0.4793046347645548,0.5206953652354452
847,4387.0,1.0,0.3977047946118124,0.6022952053881877
848,4392.0,1.0,0.4765147510661656,0.5234852489338343
849,4402.0,1.0,0.06056084563398602,0.9394391543660139
850,4403.0,0.0,0.5631775801215506,0.4368224198784493
851,4405.0,0.0,0.661627539036825,0.338372460963175
852,4408.0,1.0,0.44762342148651685,0.5523765785134833
853,4409.0,1.0,0.46784482756688656,0.5321551724331136
854,4411.0,0.0,0.5064180093219091,0.49358199067809094
855,4419.0,1.0,0.3903493603416173,0.6096506396583827
856,4422.0,0.0,0.5448872534248355,0.45511274657516426
857,4428.0,0.0,0.5825413868757192,0.41745861312428095
858,4431.0,1.0,0.40640323690070107,0.5935967630992989
859,4432.0,0.0,0.5236858071733227,0.4763141928266772
860,4434.0,0.0,0.5283335989606389,0.47166640103936097
861,4440.0,0.0,0.6039231586298694,0.39607684137013044
862,4441.0,1.0,0.4929908574796532,0.5070091425203468
863,4450.0,0.0,0.6832560785479389,0.31674392145206093
864,4455.0,0.0,0.6611684664502442,0.33883153354975576
865,4457.0,1.0,0.3857197117772628,0.6142802882227374
866,4461.0,1.0,0.3786438333925706,0.6213561666074299
867,4468.0,0.0,0.5016548105305704,0.49834518946942974
868,4470.0,1.0,0.3586532085940957,0.6413467914059043
869,4472.0,0.0,0.539793790096471,0.46020620990352884
870,4485.0,1.0,0.35659981409515035,0.6434001859048497
871,4487.0,0.0,0.5727144335800594,0.4272855664199405
872,4489.0,1.0,0.4339542862789966,0.5660457137210034
873,4492.0,1.0,0.49208301308246793,0.507916986917532
874,4500.0,0.0,0.5569302277731882,0.4430697722268117
875,4502.0,1.0,0.4168742920563443,0.5831257079436556
876,4504.0,0.0,0.6714708761286553,0.3285291238713446
877,4510.0,0.0,0.5635315397566499,0.43646846024334995
878,4515.0,1.0,0.4770835110775346,0.5229164889224654
879,4520.0,1.0,0.4836029629337524,0.5163970370662475
880,4527.0,0.0,0.6586019257638227,0.34139807423617746
881,4528.0,1.0,0.02971277564009978,0.9702872243599
882,4530.0,0.0,0.5444130149451482,0.45558698505485185
883,4533.0,1.0,0.47792546018763477,0.5220745398123653
884,4535.0,0.0,0.6260494312084051,0.37395056879159505
885,4536.0,1.0,0.39107099224814623,0.6089290077518538
886,4540.0,1.0,0.4858044121915658,0.5141955878084343
887,4546.0,0.0,0.5509740435749466,0.4490259564250533
888,4548.0,1.0,0.4095513331517737,0.5904486668482262
889,4549.0,0.0,0.6205304809965233,0.3794695190034766
890,4552.0,1.0,0.4856743066703991,0.514325693329601
891,4553.0,0.0,0.6782201149827969,0.321779885017203
892,4566.0,1.0,0.024673821748731645,0.9753261782512682
893,4567.0,1.0,0.07263719497096242,0.9273628050290377
894,4578.0,0.0,0.5184201721079512,0.4815798278920489
895,4579.0,1.0,0.46408088634321737,0.5359191136567827
896,4580.0,1.0,0.45416475629904307,0.5458352437009567
897,4584.0,1.0,0.3979342638179685,0.6020657361820317
898,4585.0,1.0,0.4705607328903039,0.5294392671096962
899,4593.0,1.0,0.460423718968239,0.539576281031761
900,4602.0,1.0,0.43159927953097815,0.5684007204690217
901,4605.0,1.0,0.35616058179687343,0.6438394182031266
902,4610.0,0.0,0.6449297003612955,0.3550702996387043
903,4621.0,0.0,0.5754946841516424,0.4245053158483576
904,4629.0,1.0,0.39872863064238556,0.6012713693576145
905,4637.0,1.0,0.4632015359140367,0.5367984640859634
906,4660.0,0.0,0.5251326056062326,0.4748673943937674
907,4665.0,1.0,0.48800030966597885,0.5119996903340212
908,4668.0,1.0,0.4599580683391791,0.5400419316608209
909,4676.0,1.0,0.4928398568299155,0.5071601431700844
910,4684.0,1.0,0.4317531010565705,0.5682468989434296
911,4690.0,1.0,0.460428674838138,0.5395713251618621
912,4691.0,0.0,0.542733608435707,0.4572663915642929
913,4701.0,0.0,0.602070937921874,0.39792906207812623
914,4709.0,0.0,0.5237001820206695,0.47629981797933046
915,4710.0,0.0,0.5013139041295108,0.49868609587048923
916,4711.0,1.0,0.4102231201393279,0.5897768798606723
917,4713.0,1.0,0.4861709953562759,0.5138290046437242
918,4719.0,1.0,0.3439347983460631,0.656065201653937
919,4735.0,1.0,0.4492209563915861,0.5507790436084139
920,4742.0,1.0,0.40769647466670905,0.592303525333291
921,4747.0,1.0,0.4755246528072306,0.5244753471927693
922,4748.0,1.0,0.42355215613793207,0.5764478438620683
923,4750.0,1.0,0.49932254899784384,0.5006774510021562
924,4756.0,1.0,0.47089825778926453,0.5291017422107352
925,4757.0,0.0,0.5195893814093185,0.48041061859068157
926,4761.0,1.0,0.38966003476237193,0.6103399652376281
927,4764.0,0.0,0.5135802972281941,0.4864197027718059
928,4779.0,1.0,0.4819825159045503,0.5180174840954497
929,4781.0,0.0,0.6322184165328754,0.36778158346712453
930,4782.0,0.0,0.5192981904042516,0.48070180959574826
931,4783.0,0.0,0.5893835429128282,0.41061645708717187
932,4787.0,0.0,0.6941270930367732,0.3058729069632268
933,4793.0,0.0,0.6782274915883362,0.32177250841166405
934,4794.0,1.0,0.4282155473405038,0.5717844526594962
935,4797.0,1.0,0.43233053903484664,0.5676694609651534
936,4801.0,0.0,0.5034087368076394,0.4965912631923605
937,4804.0,0.0,0.635148206814225,0.3648517931857749
938,4805.0,0.0,0.5217759248563975,0.4782240751436026
939,4822.0,0.0,0.5338969385932149,0.46610306140678515
940,4825.0,1.0,0.4359015004774285,0.5640984995225717
941,4827.0,1.0,0.4903701737679876,0.5096298262320125
942,4829.0,1.0,0.40740929962601236,0.5925907003739878
943,4835.0,1.0,0.48081734610932275,0.5191826538906772
944,4836.0,0.0,0.5271172776547625,0.4728827223452374
945,4837.0,1.0,0.36900752283835986,0.6309924771616403
946,4843.0,1.0,0.3815109037549364,0.618489096245064
947,4846.0,0.0,0.6073386688565807,0.3926613311434196
948,4851.0,0.0,0.5768295800903697,0.4231704199096303
949,4867.0,1.0,0.4592450230759299,0.54075497692407
950,4871.0,1.0,0.41196184691828086,0.5880381530817191
951,4874.0,1.0,0.39502491896057434,0.6049750810394255
952,4880.0,1.0,0.43809874912420277,0.5619012508757972
953,4888.0,1.0,0.05639727602431202,0.9436027239756879
954,4889.0,1.0,0.40519105637225317,0.5948089436277467
955,4892.0,0.0,0.5438467201177977,0.45615327988220244
956,4893.0,0.0,0.5777625736460829,0.42223742635391703
957,4900.0,0.0,0.5440834072763685,0.4559165927236312
958,4903.0,0.0,0.5716037011732917,0.42839629882670843
959,4908.0,0.0,0.5235111501319523,0.47648884986804774
960,4918.0,1.0,0.48498081651212166,0.5150191834878782
961,4928.0,1.0,0.46045258882087997,0.5395474111791199
962,4929.0,1.0,0.4740815160380801,0.5259184839619201
963,4930.0,1.0,0.42942286188800144,0.5705771381119987
964,4937.0,0.0,0.5297506576692554,0.47024934233074456
965,4941.0,1.0,0.49932267497741484,0.5006773250225851
966,4946.0,0.0,0.6115553108447888,0.3884446891552112
967,4951.0,0.0,0.5282111051222337,0.4717888948777662
968,4957.0,1.0,0.030030152446374768,0.9699698475536254
969,4965.0,0.0,0.6449551146777439,0.3550448853222558
970,4969.0,1.0,0.408212435326575,0.5917875646734252
971,4970.0,1.0,0.41602588648392347,0.5839741135160765
972,4971.0,0.0,0.5136831451955872,0.4863168548044128
973,4972.0,1.0,0.4009615934398781,0.599038406560122
974,4973.0,1.0,0.3941257472907497,0.6058742527092507
975,4981.0,1.0,0.48452027341977766,0.5154797265802223
976,4986.0,1.0,0.35968176431292415,0.6403182356870762
977,4987.0,1.0,0.4202174569642124,0.5797825430357877
978,4989.0,1.0,0.4368682193034721,0.563131780696528
979,4991.0,0.0,0.5245166864016341,0.4754833135983659
980,5000.0,1.0,0.49848809641313524,0.5015119035868647
981,5003.0,1.0,0.4943364152225769,0.5056635847774231
982,5006.0,0.0,0.5378142093085053,0.4621857906914948
983,5011.0,1.0,0.437121220343191,0.5628787796568092
984,5017.0,1.0,0.40467471053465703,0.5953252894653429
985,5021.0,1.0,0.4002053156591078,0.5997946843408922
986,5036.0,0.0,0.631418595327874,0.3685814046721259
987,5037.0,0.0,0.5260978603722595,0.4739021396277404
988,5040.0,1.0,0.38622210137040974,0.6137778986295904
989,5043.0,0.0,0.5392746504875732,0.46072534951242666
990,5044.0,1.0,0.46597401960172213,0.5340259803982778
991,5048.0,0.0,0.5222814164264465,0.47771858357355335
992,5052.0,0.0,0.5894965874102354,0.4105034125897645
993,5070.0,1.0,0.4030195569515764,0.5969804430484239
994,5078.0,0.0,0.5607437986368189,0.439256201363181
995,5086.0,0.0,0.5172893957904846,0.48271060420951545
996,5087.0,0.0,0.5305309075487141,0.4694690924512859
997,5090.0,0.0,0.566023183999078,0.4339768160009221
998,5096.0,0.0,0.535364414395757,0.464635585604243
999,5103.0,1.0,0.4541710218065117,0.5458289781934885
1000,5114.0,1.0,0.48588337285897404,0.514116627141026
1001,5121.0,1.0,0.47880785438183593,0.5211921456181642
1002,5129.0,0.0,0.6775849124326889,0.32241508756731135
1003,5131.0,1.0,0.02213856714019962,0.9778614328598006
1004,5140.0,0.0,0.5619591595989051,0.4380408404010948
1005,5149.0,1.0,0.45935448779968135,0.5406455122003186
1006,5152.0,1.0,0.4798366236219661,0.520163376378034
1007,5158.0,0.0,0.5159328104446979,0.4840671895553021
1008,5161.0,1.0,0.37024830897666144,0.6297516910233386
1009,5170.0,1.0,0.4806138841334972,0.5193861158665029
1010,5176.0,1.0,0.0071455676889393945,0.9928544323110607
1011,5178.0,0.0,0.6064407502241594,0.3935592497758406
1012,5192.0,1.0,0.4625727495765606,0.5374272504234395
1013,5193.0,1.0,0.38622916282502984,0.6137708371749704
1014,5194.0,1.0,0.386227145346145,0.6137728546538552
1015,5195.0,1.0,0.03516637009375157,0.9648336299062484
1016,5196.0,0.0,0.5187730162731625,0.4812269837268375
1017,5198.0,1.0,0.4461635586100182,0.5538364413899819
1018,5207.0,0.0,0.557427393600432,0.4425726063995679
1019,5214.0,1.0,0.35756004403021435,0.642439955969786
1020,5232.0,0.0,0.5708777822247911,0.42912221777520904
1021,5245.0,0.0,0.5774163500234012,0.4225836499765988
1022,5248.0,0.0,0.5344060439926427,0.46559395600735726
1023,5253.0,0.0,0.5169391103029415,0.48306088969705846
1024,5255.0,1.0,0.05587989426114108,0.944120105738859
1025,5277.0,1.0,0.4148888851287895,0.5851111148712105
1026,5280.0,0.0,0.5726110420932832,0.4273889579067166
1027,5286.0,1.0,0.4797195413711765,0.5202804586288234
1028,5298.0,0.0,0.5700697725921602,0.42993022740783987
1029,5300.0,1.0,0.40694372529651074,0.5930562747034893
1030,5304.0,0.0,0.5554867546252302,0.4445132453747697
1031,5315.0,0.0,0.5305115296661208,0.46948847033387914
1032,5319.0,0.0,0.5294561011769631,0.4705438988230368
1033,5325.0,0.0,0.6245202012728235,0.37547979872717624
1034,5326.0,1.0,0.4601878825145858,0.5398121174854144
1035,5328.0,1.0,0.34820713907063383,0.6517928609293662
1036,5331.0,0.0,0.5500806816631075,0.4499193183368923
1037,5334.0,1.0,0.48110995294376,0.51889004705624
1038,5337.0,1.0,0.4555877122394299,0.54441228776057
1039,5350.0,1.0,0.4988914276086211,0.501108572391379
1040,5353.0,1.0,0.43329281546347626,0.5667071845365237
1041,5356.0,0.0,0.540366817368211,0.4596331826317888
1042,5360.0,1.0,0.4775666481593378,0.5224333518406622
1043,5366.0,1.0,0.4584460843502113,0.5415539156497889
1044,5369.0,0.0,0.6460472500230041,0.35395274997699583
1045,5370.0,1.0,0.4058336882405191,0.5941663117594811
1046,5372.0,1.0,0.43554785533688467,0.5644521446631152
1047,5373.0,0.0,0.6333942671197114,0.3666057328802888
1048,5375.0,1.0,0.38258313504846486,0.6174168649515355
1049,5392.0,0.0,0.5892143534175914,0.4107856465824083
1050,5398.0,0.0,0.6757361710130957,0.32426382898690437
1051,5401.0,1.0,0.06930665541911857,0.9306933445808815
1052,5404.0,1.0,0.10080079538466577,0.8991992046153342
1053,5416.0,1.0,0.4913814756809847,0.5086185243190153
1054,5419.0,1.0,0.41060764804087135,0.589392351959129
1055,5420.0,1.0,0.49830996251821236,0.5016900374817876
1056,5427.0,0.0,0.5485954353491936,0.4514045646508063
1057,5430.0,1.0,0.3883061369133351,0.6116938630866648
1058,5433.0,1.0,0.42737030564897,0.5726296943510301
1059,5434.0,0.0,0.5221355106439508,0.4778644893560493
1060,5435.0,0.0,0.5089015664896474,0.49109843351035265
1061,5438.0,1.0,0.40602381930900977,0.5939761806909902
1062,5440.0,1.0,0.3904409583246223,0.6095590416753778
1063,5444.0,0.0,0.5137632160843162,0.4862367839156838
1064,5453.0,0.0,0.5405352017479513,0.45946479825204867
1065,5459.0,0.0,0.6724332128973229,0.3275667871026768
1066,5465.0,1.0,0.37764196282143664,0.6223580371785636
1067,5477.0,1.0,0.4825740110638309,0.5174259889361691
1068,5479.0,1.0,0.4708292450764053,0.5291707549235948
1069,5482.0,1.0,0.4062410797576309,0.5937589202423692
1070,5488.0,1.0,0.4241350092232723,0.5758649907767278
1071,5490.0,0.0,0.5453911855695326,0.45460881443046736
1072,5491.0,1.0,0.4223839222560226,0.5776160777439775
1073,5493.0,1.0,0.4363591083514627,0.5636408916485373
1074,5497.0,1.0,0.49514776196854254,0.5048522380314574
1075,5500.0,1.0,0.4968279443754539,0.5031720556245459
1076,5501.0,1.0,0.4517275059474244,0.5482724940525757
1077,5504.0,0.0,0.6038051231483285,0.3961948768516715
1078,5508.0,1.0,0.4489341007694923,0.5510658992305077
1079,5511.0,0.0,0.5309507219554511,0.46904927804454877
1080,5512.0,1.0,0.3921991511629943,0.6078008488370059
1081,5515.0,1.0,0.3960010212292937,0.6039989787707064
1082,5516.0,0.0,0.517107498601466,0.48289250139853396
1083,5517.0,0.0,0.6638233804116499,0.3361766195883501
1084,5522.0,1.0,0.3790338185267422,0.6209661814732579
1085,5528.0,0.0,0.5410482352179609,0.4589517647820391
1086,5529.0,0.0,0.5477691417786827,0.4522308582213173
1087,5538.0,1.0,0.3674470003758522,0.6325529996241478
1088,5541.0,0.0,0.5369291615793899,0.4630708384206102
1089,5543.0,0.0,0.5112414565198292,0.4887585434801707
1090,5545.0,1.0,0.43490614270351685,0.5650938572964832
1091,5550.0,1.0,0.4610960467615574,0.5389039532384426
1092,5555.0,1.0,0.48873324708809746,0.5112667529119026
1093,5556.0,1.0,0.39473903455669407,0.6052609654433061
1094,5558.0,0.0,0.527984972531864,0.4720150274681359
1095,5571.0,1.0,0.4538691532723372,0.5461308467276629
1096,5574.0,0.0,0.6556624719169598,0.34433752808304013
1097,5577.0,0.0,0.5022991370101879,0.497700862989812
1098,5599.0,1.0,0.3317900672990829,0.668209932700917
1099,5601.0,1.0,0.39277498376005177,0.6072250162399482
1100,5607.0,1.0,0.38575778235426406,0.6142422176457359
1101,5608.0,0.0,0.561875055566558,0.438124944433442
1102,5617.0,1.0,0.47063090338661334,0.5293690966133867
1103,5618.0,0.0,0.5634622640123921,0.43653773598760764
1104,5621.0,1.0,0.33144750349309116,0.6685524965069086
1105,5628.0,1.0,0.03227013312623281,0.9677298668737672
1106,5639.0,1.0,0.47444960247919643,0.5255503975208036
1107,5642.0,1.0,0.4554910988702509,0.5445089011297489
1108,5644.0,0.0,0.5260413258376194,0.4739586741623805
1109,5654.0,1.0,0.3976231726387423,0.6023768273612577
1110,5656.0,0.0,0.580223002880036,0.4197769971199641
1111,5658.0,1.0,0.4357951020210297,0.5642048979789704
1112,5660.0,1.0,0.32932780820510515,0.6706721917948948
1113,5664.0,1.0,0.3761676891481418,0.6238323108518583
1114,5666.0,1.0,0.020675865248323114,0.9793241347516769
1115,5672.0,0.0,0.5794981133082174,0.4205018866917824
1116,5673.0,0.0,0.668460892090517,0.3315391079094833
1117,5675.0,1.0,0.03757710721888703,0.9624228927811128
1118,5676.0,1.0,0.4211958874703114,0.5788041125296888
1119,5681.0,1.0,0.033600298537277695,0.9663997014627224
1120,5687.0,1.0,0.4174074315417228,0.5825925684582774
1121,5692.0,1.0,0.3906830884331818,0.6093169115668184
1122,5701.0,1.0,0.4910982768624506,0.5089017231375493
1123,5704.0,0.0,0.532512051433647,0.46748794856635295
1124,5708.0,1.0,0.04422758419838596,0.955772415801614
1125,5710.0,1.0,0.4071619081904362,0.5928380918095638
1126,5714.0,0.0,0.5536894000867367,0.44631059991326316
1127,5720.0,1.0,0.4156815942934575,0.5843184057065425
1128,5722.0,1.0,0.3878423009516478,0.612157699048352
1129,5731.0,0.0,0.6654945119791457,0.33450548802085445
1130,5732.0,1.0,0.4710136781022808,0.5289863218977192
1131,5738.0,1.0,0.048496696787022675,0.9515033032129773
1132,5740.0,1.0,0.39163517192451136,0.6083648280754888
1133,5741.0,0.0,0.6598419194656694,0.34015808053433055
1134,5742.0,1.0,0.4548181907034726,0.5451818092965274
1135,5746.0,0.0,0.5325083729122322,0.46749162708776787
1136,5749.0,1.0,0.4368598935742529,0.5631401064257472
1137,5756.0,0.0,0.6365874448262687,0.3634125551737311
1138,5758.0,0.0,0.5287564262146817,0.4712435737853183
1139,5761.0,1.0,0.39868759111694557,0.6013124088830546
1140,5763.0,1.0,0.4852152471559061,0.5147847528440939
1141,5765.0,1.0,0.10735863735288424,0.8926413626471158
1142,5768.0,0.0,0.6246239819881828,0.37537601801181714
1143,5770.0,1.0,0.12318328864256577,0.8768167113574341
1144,5784.0,1.0,0.03170116424776423,0.9682988357522357
1145,5786.0,1.0,0.454533963863392,0.5454660361366079
1146,5797.0,0.0,0.519571436681096,0.480428563318904
1147,5799.0,1.0,0.4704377168198628,0.5295622831801372
1148,5801.0,1.0,0.04073866682551976,0.9592613331744804
1149,5807.0,1.0,0.4091193392327086,0.5908806607672915
1150,5808.0,0.0,0.549035049933076,0.450964950066924
1151,5811.0,1.0,0.40924096733896287,0.5907590326610374
1152,5824.0,0.0,0.5250653469838834,0.4749346530161166
1153,5828.0,0.0,0.5173431770085692,0.48265682299143076
1154,5830.0,1.0,0.3544970962735193,0.6455029037264809
1155,5833.0,1.0,0.40796999567785686,0.5920300043221434
1156,5834.0,1.0,0.4662877032887567,0.5337122967112434
1157,5838.0,0.0,0.5849196091385049,0.41508039086149495
1158,5839.0,0.0,0.5781887414227789,0.42181125857722124
1159,5844.0,0.0,0.6503902825184034,0.3496097174815963
1160,5853.0,1.0,0.4010778379935517,0.5989221620064482
1161,5855.0,0.0,0.5395507872584812,0.4604492127415187
1162,5860.0,1.0,0.395935174651328,0.6040648253486721
1163,5867.0,1.0,0.3810468958524349,0.6189531041475653
1164,5868.0,1.0,0.37289975452510515,0.6271002454748948
1165,5870.0,1.0,0.4003609370164279,0.5996390629835723
1166,5890.0,1.0,0.4408342562012114,0.5591657437987886
1167,5893.0,0.0,0.5104863021175146,0.48951369788248544
1168,5895.0,0.0,0.5496291270270216,0.45037087297297845
1169,5896.0,1.0,0.36400381440536544,0.6359961855946348
1170,5900.0,1.0,0.46008095795223247,0.5399190420477676
1171,5902.0,0.0,0.5478011933324387,0.4521988066675614
1172,5904.0,1.0,0.4522184908021377,0.5477815091978622
1173,5916.0,0.0,0.6942532975213561,0.30574670247864416
1174,5924.0,1.0,0.39252174025696485,0.6074782597430352
1175,5928.0,1.0,0.3841281778634147,0.6158718221365855
1176,5931.0,1.0,0.0781519672476605,0.9218480327523395
1177,5932.0,0.0,0.5237668097770409,0.47623319022295896
1178,5935.0,1.0,0.4793650269007582,0.5206349730992419
1179,5938.0,0.0,0.6252836740170448,0.3747163259829553
1180,5943.0,1.0,0.44717191990093835,0.5528280800990616
1181,5944.0,1.0,0.06473779476412775,0.9352622052358722
1182,5957.0,1.0,0.42508659551494743,0.5749134044850527
1183,5964.0,1.0,0.39034162290745494,0.609658377092545
1184,5967.0,0.0,0.5113131754459106,0.48868682455408946
1185,5975.0,1.0,0.4099775252264253,0.5900224747735747
1186,5985.0,1.0,0.4087869523663646,0.5912130476336356
1187,5986.0,0.0,0.5384196675343862,0.4615803324656138
1188,5991.0,1.0,0.48290866881114314,0.5170913311888569
1189,5992.0,1.0,0.435194306810613,0.564805693189387
1190,5999.0,1.0,0.4509914217226552,0.5490085782773447
1191,6000.0,1.0,0.3817943079580827,0.6182056920419176
1192,6008.0,0.0,0.7120967478728799,0.28790325212712004
1193,6012.0,1.0,0.4007375684288856,0.5992624315711147
1194,6017.0,1.0,0.4925525766927717,0.5074474233072283
1195,6020.0,1.0,0.4861442065188703,0.5138557934811298
1196,6027.0,0.0,0.6360211567107105,0.36397884328928953
1197,6031.0,1.0,0.4454916107080457,0.5545083892919545
1198,6033.0,1.0,0.4247187463108873,0.5752812536891126
1199,6040.0,1.0,0.052456076990521926,0.947543923009478
1200,6045.0,1.0,0.4841645079569762,0.5158354920430237
1201,6046.0,1.0,0.40204154856585483,0.5979584514341453
1202,6048.0,1.0,0.448896498751418,0.5511035012485821
1203,6051.0,0.0,0.6617419395968352,0.3382580604031648
1204,6052.0,1.0,0.03820347641007911,0.961796523589921
1205,6064.0,0.0,0.5099570838645616,0.4900429161354383
1206,6069.0,0.0,0.5599600875822405,0.4400399124177597
1207,6076.0,0.0,0.5651626034237491,0.43483739657625087
1208,6080.0,1.0,0.4998153170878119,0.500184682912188
1209,6084.0,0.0,0.5323584839762835,0.4676415160237164
1210,6089.0,1.0,0.38035927346188914,0.619640726538111
1211,6090.0,1.0,0.08556425322559395,0.9144357467744062
1212,6109.0,0.0,0.5475050441634489,0.4524949558365509
1213,6123.0,0.0,0.597653940622389,0.4023460593776111
1214,6130.0,1.0,0.03682646052060535,0.9631735394793947
1215,6136.0,1.0,0.04100447127388876,0.9589955287261112
1216,6137.0,1.0,0.39433899074286916,0.6056610092571311
1217,6139.0,0.0,0.5621824326234313,0.4378175673765687
1218,6148.0,1.0,0.09754568145800305,0.902454318541997
1219,6149.0,1.0,0.017708339735491192,0.9822916602645089
1220,6155.0,1.0,0.03482211943850316,0.9651778805614968
1221,6157.0,0.0,0.562115578192157,0.4378844218078429
1222,6159.0,1.0,0.43016756472251116,0.569832435277489
1223,6168.0,0.0,0.525984192366971,0.47401580763302903
1224,6170.0,1.0,0.033229514437862394,0.9667704855621377
1225,6174.0,1.0,0.40716991289536325,0.5928300871046367
1226,6175.0,0.0,0.5238190029713113,0.4761809970286886
1227,6176.0,0.0,0.5131933463363437,0.4868066536636562
1228,6177.0,1.0,0.4274819480314524,0.5725180519685477
1229,6178.0,0.0,0.571958789158222,0.4280412108417781
1230,6185.0,0.0,0.5646019431677634,0.4353980568322367
1231,6186.0,0.0,0.5010812951058227,0.4989187048941773
1232,6200.0,0.0,0.511942741784359,0.48805725821564105
1233,6201.0,1.0,0.42385397321280033,0.5761460267872
1234,6208.0,0.0,0.5600822869483486,0.4399177130516513
1235,6211.0,1.0,0.3702689985339631,0.6297310014660371
1236,6220.0,0.0,0.6275677290173287,0.37243227098267134
1237,6230.0,0.0,0.5716090701929786,0.4283909298070215
1238,6231.0,1.0,0.3947896954460722,0.6052103045539278
1239,6234.0,0.0,0.587239729204971,0.4127602707950288
1240,6237.0,1.0,0.42456776391603435,0.5754322360839655
1241,6239.0,0.0,0.5649346471411171,0.43506535285888304
1242,6250.0,0.0,0.5157212005306453,0.4842787994693548
1243,6251.0,1.0,0.45054697949190275,0.5494530205080973
1244,6256.0,1.0,0.4117617710191639,0.5882382289808363
1245,6258.0,1.0,0.4888909657881183,0.5111090342118817
1246,6259.0,1.0,0.353379703142385,0.6466202968576151
1247,6261.0,1.0,0.4429854115401413,0.5570145884598589
1248,6281.0,1.0,0.38386569435699225,0.6161343056430078
1249,6283.0,1.0,0.47365629075591476,0.5263437092440852
1250,6284.0,1.0,0.46987028535300335,0.5301297146469967
1251,6289.0,0.0,0.5025069177853676,0.4974930822146324
1252,6294.0,1.0,0.4472328742504357,0.5527671257495643
1253,6297.0,1.0,0.40722960725780594,0.592770392742194
1254,6298.0,0.0,0.5440009873271775,0.4559990126728223
1255,6301.0,1.0,0.4677976494791686,0.5322023505208314
1256,6308.0,1.0,0.4794338930673816,0.5205661069326183
1257,6310.0,1.0,0.443941561879806,0.5560584381201942
1258,6316.0,1.0,0.4349785917574673,0.5650214082425329
1259,6320.0,1.0,0.48096287055072506,0.5190371294492749
1260,6321.0,0.0,0.5810296208861747,0.4189703791138254
1261,6327.0,0.0,0.5532243270679358,0.44677567293206427
1262,6328.0,1.0,0.39657882727742455,0.6034211727225753
1263,6334.0,1.0,0.40920429257212804,0.5907957074278719
1264,6337.0,1.0,0.4164655153199799,0.5835344846800202
1265,6338.0,1.0,0.44597638671769857,0.5540236132823014
1266,6339.0,1.0,0.486126958684324,0.513873041315676
1267,6342.0,1.0,0.40302010519075104,0.5969798948092491
1268,6347.0,1.0,0.3741428007929723,0.6258571992070278
1269,6357.0,1.0,0.43118777762622007,0.5688122223737799
1270,6359.0,0.0,0.5618536724509545,0.4381463275490454
1271,6362.0,0.0,0.6256233600205138,0.3743766399794863
1272,6363.0,1.0,0.4103889090743253,0.589611090925675
1273,6366.0,1.0,0.4169520871235411,0.5830479128764591
1274,6370.0,1.0,0.48627259947047496,0.5137274005295249
1275,6374.0,1.0,0.3944364659343321,0.6055635340656678
1276,6376.0,1.0,0.05405202169177743,0.9459479783082226
1277,6379.0,1.0,0.4071487463275989,0.5928512536724011
1278,6384.0,1.0,0.44747511109393057,0.5525248889060695
1279,6393.0,1.0,0.39462976519374615,0.605370234806254
1280,6394.0,1.0,0.443664344120825,0.556335655879175
1281,6397.0,1.0,0.023777471177632705,0.9762225288223673
1282,6398.0,1.0,0.46237008754247116,0.5376299124575289
1283,6399.0,0.0,0.5514079920639527,0.44859200793604714
1284,6403.0,1.0,0.4786533379771692,0.5213466620228308
1285,6409.0,1.0,0.457133474394373,0.5428665256056271
1286,6415.0,1.0,0.40477055397727213,0.5952294460227278
1287,6423.0,0.0,0.6127767020879018,0.38722329791209814
1288,6429.0,0.0,0.5969175620203412,0.4030824379796591
1289,6432.0,1.0,0.010811332215293144,0.9891886677847068
1290,6435.0,1.0,0.4367367357573338,0.5632632642426664
1291,6441.0,0.0,0.568594157610752,0.43140584238924795
1292,6442.0,0.0,0.5937981318384044,0.4062018681615956
1293,6454.0,0.0,0.5050221208500816,0.4949778791499184
1294,6460.0,1.0,0.4072979643985603,0.5927020356014397
1295,6467.0,0.0,0.5076848526222087,0.49231514737779114
1296,6480.0,0.0,0.5653944567571524,0.43460554324284734
1297,6484.0,0.0,0.5603684202207821,0.4396315797792179
1298,6491.0,0.0,0.5103679708538494,0.4896320291461506
1299,6497.0,1.0,0.338282940159404,0.6617170598405961
1300,6499.0,1.0,0.43327691441725813,0.566723085582742
1301,6508.0,0.0,0.6097826970714687,0.3902173029285311
1302,6518.0,0.0,0.5746510582595075,0.42534894174049254
1303,6521.0,1.0,0.48188945491608265,0.5181105450839173
1304,6528.0,1.0,0.46663568425999463,0.5333643157400051
1305,6538.0,1.0,0.3910233116016052,0.6089766883983948
1306,6544.0,0.0,0.6691234823828935,0.33087651761710646
1307,6550.0,0.0,0.5819602794887139,0.4180397205112863
1308,6554.0,1.0,0.4407713494606476,0.5592286505393524
1309,6555.0,1.0,0.3291201056159337,0.6708798943840661
1310,6557.0,1.0,0.4620018151406471,0.537998184859353
1311,6567.0,1.0,0.45890621940237175,0.5410937805976281
1312,6572.0,1.0,0.026207980583917552,0.9737920194160824
1313,6583.0,1.0,0.42803390975872174,0.5719660902412782
1314,6587.0,1.0,0.4647607546643886,0.5352392453356114
1315,6589.0,1.0,0.43152200832549914,0.5684779916745009
1316,6593.0,1.0,0.47925521373372926,0.5207447862662709
1317,6597.0,1.0,0.44936789567609686,0.5506321043239032
1318,6618.0,0.0,0.612593267858463,0.38740673214153704
1319,6634.0,0.0,0.5563232662301377,0.44367673376986205
1320,6638.0,1.0,0.41830678011643757,0.5816932198835627
1321,6640.0,1.0,0.39986491547569997,0.6001350845243
1322,6644.0,0.0,0.5219358635429241,0.47806413645707585
1323,6646.0,1.0,0.37011872114033184,0.6298812788596685
1324,6647.0,0.0,0.5807165732193855,0.41928342678061453
1325,6652.0,0.0,0.5087741585097247,0.4912258414902753
1326,6657.0,0.0,0.5576713052175859,0.44232869478241404
1327,6667.0,1.0,0.4569348216131663,0.5430651783868337
1328,6668.0,0.0,0.5820132813643548,0.41798671863564507
1329,6670.0,0.0,0.5581773477234567,0.4418226522765435
1330,6691.0,1.0,0.3713055944099563,0.6286944055900439
1331,6696.0,1.0,0.36980838836009317,0.6301916116399071
1332,6701.0,1.0,0.36469065633009023,0.6353093436699097
1333,6702.0,1.0,0.43437312009154005,0.5656268799084598
1334,6708.0,0.0,0.5837502627368011,0.4162497372631991
1335,6718.0,0.0,0.6140407602089462,0.38595923979105423
1336,6721.0,0.0,0.5032380576111308,0.4967619423888692
1337,6725.0,1.0,0.47924402235563934,0.5207559776443608
1338,6728.0,1.0,0.4087825387518451,0.5912174612481551
1339,6732.0,0.0,0.5645090813163367,0.43549091868366363
1340,6733.0,1.0,0.3916169938033409,0.6083830061966593
1341,6735.0,1.0,0.4633477860161163,0.5366522139838836
1342,6736.0,1.0,0.0156906237571716,0.9843093762428284
1343,6740.0,1.0,0.48138098742913327,0.5186190125708667
1344,6747.0,1.0,0.4411162394572458,0.5588837605427543
1345,6756.0,1.0,0.38499431035286497,0.6150056896471351
1346,6762.0,1.0,0.44994371411664097,0.550056285883359
1347,6765.0,0.0,0.50068227197611,0.4993177280238901
1348,6767.0,0.0,0.6080498793711208,0.39195012062887924
1349,6777.0,1.0,0.033527843570682274,0.9664721564293177
1350,6781.0,1.0,0.47486331280211724,0.5251366871978828
1351,6785.0,1.0,0.4849889074195463,0.5150110925804536
1352,6788.0,0.0,0.5262351371597201,0.47376486284027974
1353,6791.0,1.0,0.4301439348288902,0.5698560651711098
1354,6793.0,1.0,0.0393596508948618,0.9606403491051383
1355,6797.0,0.0,0.5672356347428209,0.4327643652571791
1356,6799.0,1.0,0.48327902814617324,0.5167209718538269
1357,6805.0,0.0,0.5486288208444292,0.4513711791555709
1358,6813.0,1.0,0.37850082322308565,0.6214991767769148
1359,6814.0,0.0,0.5288061809509257,0.47119381904907415
1360,6816.0,0.0,0.6407792184158941,0.3592207815841057
1361,6826.0,0.0,0.5776980860241924,0.42230191397580774
1362,6831.0,1.0,0.47467366871857336,0.5253263312814266
1363,6832.0,0.0,0.5195613839113347,0.4804386160886653
1364,6836.0,1.0,0.425627978257196,0.5743720217428041
1365,6840.0,0.0,0.5021815620752196,0.49781843792478037
1366,6846.0,0.0,0.5104102613332232,0.48958973866677674
1367,6847.0,1.0,0.3955750091946977,0.6044249908053027
1368,6855.0,0.0,0.5480154324105527,0.4519845675894471
1369,6858.0,0.0,0.5242801892996506,0.47571981070034935
1370,6865.0,1.0,0.04046990525235712,0.9595300947476431
1371,6867.0,0.0,0.5480533282634478,0.4519466717365523
1372,6873.0,1.0,0.40650966606965555,0.5934903339303446
1373,6876.0,1.0,0.457411575057757,0.5425884249422429
1374,6888.0,1.0,0.04021260488083398,0.9597873951191659
1375,6898.0,0.0,0.512906397306761,0.48709360269323887
1376,6914.0,0.0,0.5676357238825636,0.4323642761174363
1377,6917.0,0.0,0.5518988084997436,0.4481011915002564
1378,6918.0,0.0,0.5054794256000666,0.4945205743999333
1379,6923.0,1.0,0.024499526010918364,0.9755004739890816
1380,6925.0,0.0,0.5157991693649204,0.48420083063507957
1381,6931.0,0.0,0.5073399287092062,0.4926600712907939
1382,6943.0,0.0,0.5346035741747793,0.4653964258252206
1383,6945.0,0.0,0.587703222173944,0.4122967778260558
1384,6951.0,1.0,0.01814927333462251,0.9818507266653775
1385,6952.0,1.0,0.03362448790519487,0.9663755120948052
1386,6953.0,0.0,0.6306572835478045,0.36934271645219563
1387,6958.0,1.0,0.3676925409564732,0.6323074590435268
1388,6968.0,0.0,0.5195002928221764,0.48049970717782364
1389,6986.0,0.0,0.5945924724024906,0.4054075275975096
1390,6998.0,0.0,0.5175392799922625,0.48246072000773743
1391,6999.0,0.0,0.637896613851882,0.362103386148118
1392,7001.0,1.0,0.437235587385757,0.562764412614243
1393,7005.0,1.0,0.4935980279741946,0.5064019720258055
1394,7007.0,0.0,0.6340700225344336,0.36592997746556644
1395,7016.0,0.0,0.5845952481368135,0.41540475186318654
1396,7018.0,1.0,0.49097934357774115,0.5090206564222588
1397,7022.0,0.0,0.571524815422545,0.4284751845774551
1398,7023.0,0.0,0.5515033630124324,0.4484966369875676
1399,7030.0,0.0,0.5040758027692828,0.49592419723071723
1400,7032.0,1.0,0.49976513347960755,0.5002348665203924
1401,7033.0,1.0,0.4220081534652729,0.5779918465347272
1402,7035.0,0.0,0.6529797089712202,0.34702029102878
1403,7048.0,0.0,0.5623475352764311,0.43765246472356883
1404,7049.0,0.0,0.5729112057212038,0.42708879427879604
1405,7055.0,1.0,0.4960449707258903,0.5039550292741095
1406,7075.0,0.0,0.5166407963713125,0.4833592036286875
1407,7086.0,0.0,0.5209018069228561,0.4790981930771438
1408,7094.0,1.0,0.03661540820414581,0.963384591795854
1409,7100.0,0.0,0.6734847449321495,0.3265152550678505
1410,7117.0,0.0,0.5750067261995395,0.4249932738004604
1411,7120.0,0.0,0.529105167806183,0.470894832193817
1412,7122.0,0.0,0.5509727899502849,0.4490272100497152
1413,7131.0,0.0,0.5819525868201623,0.4180474131798377
1414,7139.0,0.0,0.5567681205839305,0.4432318794160696
1415,7140.0,1.0,0.428189626544998,0.5718103734550021
1416,7144.0,1.0,0.48960927622306477,0.5103907237769353
1417,7146.0,1.0,0.45878322449169295,0.5412167755083069
1418,7150.0,0.0,0.5683626316344372,0.431637368365563
1419,7155.0,0.0,0.5000068232681338,0.4999931767318662
1420,7156.0,0.0,0.5191781795052832,0.4808218204947168
1421,7161.0,1.0,0.05706202569163235,0.9429379743083675
1422,7162.0,1.0,0.4908214324896981,0.5091785675103018
1423,7167.0,1.0,0.47536129581127523,0.5246387041887247
1424,7170.0,1.0,0.4005006932985767,0.5994993067014233
1425,7187.0,1.0,0.481457311965482,0.5185426880345176
1426,7189.0,1.0,0.4079522039856613,0.5920477960143389
1427,7198.0,0.0,0.5365000639511781,0.4634999360488217
1428,7200.0,0.0,0.5844817364045943,0.4155182635954055
1429,7201.0,1.0,0.4786274284289343,0.5213725715710658
1430,7202.0,0.0,0.5559424263135768,0.4440575736864233
1431,7208.0,1.0,0.02956075779028639,0.9704392422097137
1432,7211.0,1.0,0.44288612230113045,0.5571138776988697
1433,7216.0,1.0,0.4954871022654785,0.5045128977345213
1434,7222.0,1.0,0.46529591448511637,0.5347040855148836
1435,7229.0,1.0,0.4771065088668907,0.5228934911331092
1436,7233.0,1.0,0.4362188222044904,0.5637811777955097
1437,7238.0,1.0,0.3802650560802121,0.6197349439197881
1438,7255.0,0.0,0.6376805074454389,0.36231949255456114
1439,7264.0,0.0,0.6369699131858235,0.3630300868141763
1440,7266.0,1.0,0.3945239266627525,0.6054760733372477
1441,7268.0,1.0,0.4251087553445464,0.5748912446554536
1442,7270.0,1.0,0.3729485800554604,0.6270514199445396
1443,7274.0,0.0,0.6725847004359311,0.3274152995640688
1444,7276.0,1.0,0.4649004869669131,0.535099513033087
1445,7277.0,0.0,0.5443524213951236,0.45564757860487637
1446,7281.0,1.0,0.47819957358355114,0.5218004264164489
1447,7282.0,1.0,0.40381162077639315,0.5961883792236068
1448,7283.0,0.0,0.6419787451856296,0.35802125481437047
1449,7290.0,1.0,0.4618605568931487,0.5381394431068515
1450,7315.0,1.0,0.48952150326334865,0.5104784967366512
1451,7320.0,1.0,0.44317523690653343,0.5568247630934665
1452,7322.0,1.0,0.05960661782045551,0.9403933821795445
1453,7335.0,1.0,0.48752187765000427,0.5124781223499957
1454,7338.0,1.0,0.0511896353470008,0.9488103646529992
1455,7340.0,1.0,0.4434566388830876,0.5565433611169125
1456,7342.0,1.0,0.4932890927925782,0.506710907207422
1457,7347.0,1.0,0.4318828966960301,0.56811710330397
1458,7349.0,1.0,0.4548783233449797,0.5451216766550204
1459,7351.0,1.0,0.441304369823477,0.5586956301765229
1460,7362.0,0.0,0.590852920152294,0.40914707984770615
1461,7364.0,1.0,0.398983004135275,0.601016995864725
1462,7367.0,0.0,0.5776679217090256,0.42233207829097436
1463,7369.0,1.0,0.03306755424809257,0.9669324457519075
1464,7374.0,0.0,0.5369528392571299,0.46304716074287
1465,7380.0,1.0,0.07527468631966357,0.9247253136803364
1466,7382.0,1.0,0.45535889528922346,0.5446411047107768
1467,7395.0,0.0,0.6476884267038338,0.3523115732961663
1468,7396.0,1.0,0.4775389530836668,0.5224610469163333
1469,7403.0,0.0,0.5720046866351337,0.42799531336486607
1470,7409.0,0.0,0.6745434928558167,0.32545650714418345
1471,7417.0,0.0,0.509788385205194,0.490211614794806
1472,7418.0,1.0,0.43310549699471956,0.5668945030052804
1473,7419.0,1.0,0.3941408342719089,0.6058591657280912
1474,7424.0,0.0,0.5292780958167544,0.4707219041832454
1475,7429.0,1.0,0.38258355350367623,0.617416446496324
1476,7432.0,0.0,0.5869069650220431,0.4130930349779568
1477,7445.0,1.0,0.420383847789363,0.5796161522106371
1478,7446.0,0.0,0.5029588264999997,0.49704117350000027
1479,7450.0,0.0,0.5189748504395347,0.4810251495604653
1480,7452.0,1.0,0.3949352508749371,0.605064749125063
1481,7464.0,1.0,0.38725199584885295,0.6127480041511474
1482,7472.0,0.0,0.5062093486931626,0.49379065130683747
1483,7474.0,0.0,0.634934687304562,0.365065312695438
1484,7477.0,0.0,0.5547833838938662,0.4452166161061338
1485,7480.0,0.0,0.540522885053188,0.4594771149468121
1486,7487.0,1.0,0.38583544994562713,0.6141645500543733
1487,7489.0,1.0,0.3609645350006316,0.6390354649993687
1488,7495.0,0.0,0.5470574193045779,0.4529425806954221
1489,7496.0,1.0,0.38697161958873666,0.6130283804112634
1490,7499.0,0.0,0.6101112535569994,0.3898887464430006
1491,7508.0,0.0,0.5983583984887203,0.40164160151127953
1492,7510.0,1.0,0.4098132995458854,0.5901867004541146
1493,7516.0,0.0,0.5751998889846758,0.4248001110153243
1494,7525.0,0.0,0.5122712690741601,0.48772873092583985
1495,7527.0,1.0,0.021554621220192628,0.9784453787798074
1496,7534.0,0.0,0.5615973232195399,0.43840267678046
1497,7542.0,1.0,0.463923404763744,0.536076595236256
1498,7549.0,1.0,0.39472535014607574,0.6052746498539244
1499,7553.0,1.0,0.4091484457941849,0.590851554205815
1500,7565.0,1.0,0.4030291793864317,0.5969708206135683
1501,7587.0,0.0,0.5410373425188575,0.4589626574811424
1502,7596.0,1.0,0.3885285160558574,0.6114714839441429
1503,7606.0,1.0,0.4443916440166536,0.5556083559833462
1504,7612.0,0.0,0.5898010496597873,0.41019895034021275
1505,7615.0,0.0,0.5719068024376547,0.4280931975623453
1506,7617.0,1.0,0.44555922181027297,0.5544407781897269
1507,7620.0,1.0,0.40527173656813015,0.5947282634318699
1508,7625.0,0.0,0.5119861658740468,0.4880138341259533
1509,7626.0,1.0,0.48977555895486513,0.510224441045135
1510,7632.0,1.0,0.49527614795511554,0.5047238520448842
1511,7633.0,0.0,0.537346155702608,0.46265384429739187
1512,7635.0,1.0,0.39644314392362345,0.6035568560763767
1513,7637.0,0.0,0.5062884154273504,0.49371158457264974
1514,7639.0,0.0,0.5227825420916176,0.47721745790838227
1515,7641.0,1.0,0.38686182198619107,0.6131381780138093
1516,7644.0,0.0,0.564450192135351,0.43554980786464903
1517,7645.0,0.0,0.570870975072403,0.42912902492759714
1518,7649.0,0.0,0.6305256879735054,0.3694743120264945
1519,7653.0,1.0,0.49532139333706676,0.5046786066629333
1520,7654.0,0.0,0.5731091267779811,0.4268908732220189
1521,7656.0,0.0,0.5239203397078238,0.47607966029217613
1522,7659.0,0.0,0.5586822279069126,0.4413177720930872
1523,7664.0,0.0,0.5930049649524495,0.4069950350475506
1524,7669.0,0.0,0.5869088251156702,0.41309117488432984
1525,7671.0,1.0,0.3878543606731307,0.6121456393268693
1526,7674.0,1.0,0.40620569042855803,0.593794309571442
1527,7678.0,0.0,0.5217304617324249,0.47826953826757523
1528,7687.0,1.0,0.4921356181142803,0.5078643818857198
1529,7688.0,0.0,0.6138703136303572,0.38612968636964273
1530,7690.0,1.0,0.47008703766877963,0.5299129623312204
1531,7702.0,0.0,0.5298149741241792,0.47018502587582056
1532,7703.0,1.0,0.494974733482064,0.5050252665179361
1533,7709.0,1.0,0.04080509907830754,0.9591949009216926
1534,7713.0,1.0,0.40809873918662853,0.5919012608133718
1535,7714.0,1.0,0.4976756116348223,0.5023243883651777
1536,7717.0,1.0,0.4246966870920618,0.5753033129079383
1537,7718.0,1.0,0.4421319097855642,0.557868090214436
1538,7734.0,0.0,0.5067111198099749,0.4932888801900252
1539,7738.0,0.0,0.5251833216503111,0.47481667834968877
1540,7741.0,0.0,0.55829642334538,0.44170357665462007
1541,7743.0,0.0,0.6450812321150498,0.35491876788494997
1542,7750.0,1.0,0.40216883031619605,0.597831169683804
1543,7761.0,1.0,0.3836650100722918,0.6163349899277083
1544,7765.0,1.0,0.49274466398244515,0.5072553360175548
1545,7766.0,0.0,0.6888657725028118,0.3111342274971882
1546,7773.0,0.0,0.6514898708688734,0.3485101291311266
1547,7774.0,0.0,0.516094163751906,0.48390583624809397
1548,7776.0,0.0,0.6582928083728146,0.3417071916271855
1549,7779.0,1.0,0.44806965647898767,0.5519303435210123
1550,7784.0,1.0,0.4009371980003183,0.5990628019996818
1551,7785.0,1.0,0.42546193272472804,0.574538067275272
1552,7788.0,1.0,0.044851825215399294,0.9551481747846006
1553,7790.0,1.0,0.4446237092553203,0.5553762907446798
1554,7797.0,0.0,0.6017809513642715,0.3982190486357284
1555,7801.0,0.0,0.5841756675932599,0.41582433240673994
1556,7804.0,0.0,0.6044144511350209,0.3955855488649789
1557,7812.0,1.0,0.44108812012892157,0.5589118798710784
1558,7813.0,1.0,0.04537796857446077,0.9546220314255391
1559,7817.0,1.0,0.47089333546527645,0.5291066645347235
1560,7822.0,0.0,0.5704310211206072,0.4295689788793928
1561,7823.0,0.0,0.5396320603785854,0.4603679396214144
1562,7825.0,0.0,0.5572009447520607,0.44279905524793917
1563,7827.0,1.0,0.36807983636761676,0.6319201636323833
1564,7832.0,0.0,0.5008910986991355,0.49910890130086444
1565,7834.0,0.0,0.5117262577621424,0.48827374223785747
1566,7836.0,1.0,0.4023402361039704,0.5976597638960297
1567,7841.0,1.0,0.381532452707641,0.6184675472923594
1568,7850.0,1.0,0.38785647895513375,0.6121435210448665
1569,7851.0,0.0,0.5898216425690864,0.41017835743091363
1570,7869.0,1.0,0.3891617914471918,0.6108382085528083
1571,7870.0,1.0,0.338431247387557,0.6615687526124432
1572,7873.0,1.0,0.4839743527899878,0.5160256472100122
1573,7877.0,0.0,0.6045291786625819,0.3954708213374181
1574,7893.0,0.0,0.5244229793396277,0.4755770206603722
1575,7902.0,0.0,0.530928466234842,0.46907153376515803
1576,7905.0,0.0,0.54263984752225,0.4573601524777499
1577,7923.0,0.0,0.5636772515342834,0.43632274846571667
1578,7926.0,1.0,0.4698681647971613,0.5301318352028388
1579,7929.0,0.0,0.5241730747668939,0.47582692523310605
1580,7930.0,1.0,0.4400584359601181,0.559941564039882
1581,7941.0,0.0,0.5176114916846454,0.4823885083153545
1582,7945.0,1.0,0.3801696772216351,0.619830322778365
1583,7947.0,1.0,0.434362867299374,0.5656371327006258
1584,7950.0,1.0,0.36648098303138793,0.6335190169686119
1585,7952.0,1.0,0.027987193848198224,0.9720128061518016
1586,7954.0,0.0,0.5867512395320129,0.4132487604679871
1587,7957.0,1.0,0.3760507934550079,0.6239492065449925
1588,7963.0,0.0,0.6520382131581003,0.3479617868418998
1589,7965.0,0.0,0.6469516224637658,0.353048377536234
1590,7966.0,1.0,0.04804192760368351,0.9519580723963165
1591,7972.0,0.0,0.566823327497405,0.4331766725025947
1592,7980.0,0.0,0.5957770569105354,0.4042229430894647
1593,7984.0,1.0,0.48872579839700486,0.5112742016029952
1594,7985.0,1.0,0.46063075671631276,0.5393692432836873
1595,7986.0,1.0,0.03535058064734671,0.9646494193526531
1596,7996.0,1.0,0.07436764501022491,0.9256323549897751
1597,7999.0,0.0,0.5305496125476752,0.4694503874523248
1598,8001.0,0.0,0.5265089023152445,0.47349109768475556
1599,8004.0,0.0,0.518707943110694,0.4812920568893059
1600,8025.0,1.0,0.48179386538144686,0.5182061346185534
1601,8027.0,1.0,0.47370689626906837,0.5262931037309315
1602,8030.0,1.0,0.4960890124118878,0.5039109875881121
1603,8035.0,0.0,0.5018432938568569,0.4981567061431433
1604,8041.0,1.0,0.4698425730703147,0.5301574269296853
1605,8043.0,1.0,0.4938162860986214,0.5061837139013786
1606,8044.0,0.0,0.5514641751079127,0.4485358248920872
1607,8052.0,1.0,0.3792960170984036,0.6207039829015967
1608,8056.0,1.0,0.40034941299048216,0.5996505870095181
1609,8057.0,1.0,0.4564759042524493,0.5435240957475505
1610,8059.0,0.0,0.609872183443035,0.39012781655696516
1611,8062.0,1.0,0.43575609457698855,0.5642439054230115
1612,8066.0,1.0,0.055574951940123095,0.9444250480598769
1613,8068.0,1.0,0.45586924975817306,0.5441307502418272
1614,8070.0,0.0,0.5690253255401051,0.4309746744598948
1615,8071.0,1.0,0.45139306706224985,0.5486069329377501
1616,8074.0,0.0,0.5724744978018314,0.42752550219816854
1617,8083.0,1.0,0.4577516295816214,0.5422483704183787
1618,8085.0,1.0,0.48217460768091996,0.51782539231908
1619,8089.0,1.0,0.4164791220667275,0.5835208779332726
1620,8092.0,1.0,0.40072160378662275,0.5992783962133773
1621,8095.0,1.0,0.035560658331153946,0.964439341668846
1622,8101.0,1.0,0.4639986192664582,0.5360013807335418
1623,8102.0,1.0,0.43534819063331376,0.5646518093666861
1624,8107.0,0.0,0.5255271688386979,0.47447283116130196
1625,8110.0,1.0,0.039775839259528836,0.960224160740471
1626,8114.0,1.0,0.46961471091643886,0.5303852890835611
1627,8116.0,0.0,0.6380902767140093,0.3619097232859905
1628,8123.0,1.0,0.45035347082135835,0.5496465291786418
1629,8125.0,1.0,0.48584474631837815,0.5141552536816218
1630,8127.0,1.0,0.3880105300913547,0.6119894699086452
1631,8131.0,1.0,0.38959400364313107,0.6104059963568691
1632,8132.0,0.0,0.5212340976833074,0.47876590231669264
1633,8133.0,1.0,0.028688910367806436,0.9713110896321936
1634,8138.0,1.0,0.4116122581224422,0.5883877418775578
1635,8139.0,1.0,0.4713177242978342,0.5286822757021661
1636,8140.0,1.0,0.37425897362319915,0.6257410263768012
1637,8143.0,1.0,0.06821757383157404,0.931782426168426
1638,8152.0,1.0,0.4789172089115499,0.52108279108845
1639,8169.0,0.0,0.5421367589331255,0.4578632410668746
1640,8174.0,0.0,0.5710527504121748,0.42894724958782526
1641,8175.0,1.0,0.3821512224750218,0.6178487775249785
1642,8180.0,1.0,0.40729754717454847,0.5927024528254515
1643,8184.0,1.0,0.45026670435661775,0.5497332956433822
1644,8185.0,0.0,0.5018426957423011,0.49815730425769883
1645,8186.0,1.0,0.40283158049024803,0.5971684195097519
1646,8188.0,0.0,0.5699640856859226,0.43003591431407734
1647,8191.0,0.0,0.5028118943697053,0.4971881056302946
1648,8192.0,0.0,0.5231015088934179,0.4768984911065821
1649,8193.0,0.0,0.5943082700072196,0.4056917299927803
1650,8196.0,1.0,0.4115187050937316,0.5884812949062687
1651,8199.0,1.0,0.4858642269673165,0.5141357730326835
1652,8201.0,0.0,0.5751421407120374,0.4248578592879626
1653,8204.0,1.0,0.03720564766682016,0.96279435233318
1654,8207.0,0.0,0.6205604884370305,0.37943951156296934
1655,8208.0,1.0,0.39925457763799765,0.6007454223620025
1656,8212.0,1.0,0.3837039980598908,0.6162960019401094
1657,8213.0,1.0,0.3946354737295317,0.6053645262704684
1658,8228.0,0.0,0.5447413237492669,0.45525867625073313
1659,8229.0,1.0,0.42530297871424944,0.5746970212857506
1660,8256.0,1.0,0.430341012587512,0.5696589874124881
1661,8266.0,1.0,0.4042640523930699,0.5957359476069304
1662,8269.0,1.0,0.4499531628022894,0.5500468371977106
1663,8276.0,0.0,0.5210273046407499,0.47897269535925013
1664,8279.0,0.0,0.5122077669440861,0.48779223305591385
1665,8283.0,0.0,0.5450765278715014,0.45492347212849865
1666,8284.0,0.0,0.6276059365301196,0.3723940634698801
1667,8285.0,1.0,0.3816801378674106,0.6183198621325895
1668,8286.0,1.0,0.378194259722244,0.6218057402777561
1669,8289.0,0.0,0.6376284043410334,0.3623715956589663
1670,8291.0,0.0,0.68582711336636,0.3141728866336398
1671,8292.0,0.0,0.5513272604924055,0.44867273950759434
1672,8293.0,0.0,0.6284189862097894,0.3715810137902107
1673,8300.0,0.0,0.5233862900180317,0.4766137099819682
1674,8301.0,0.0,0.5509592248029272,0.4490407751970726
1675,8302.0,1.0,0.3997829476522108,0.6002170523477892
1676,8308.0,0.0,0.599931755523522,0.40006824447647815
1677,8312.0,0.0,0.504534853722067,0.495465146277933
1678,8314.0,1.0,0.33525660486732733,0.6647433951326727
1679,8318.0,0.0,0.6829749043823253,0.31702509561767445
1680,8319.0,0.0,0.5720863847200569,0.4279136152799432
1681,8340.0,1.0,0.39250868569273173,0.6074913143072683
1682,8346.0,0.0,0.5798474671329652,0.42015253286703474
1683,8353.0,1.0,0.4420879935738403,0.5579120064261596
1684,8360.0,1.0,0.05859271664123408,0.941407283358766
1685,8362.0,1.0,0.3893154198763619,0.6106845801236382
1686,8365.0,1.0,0.45101087262851186,0.5489891273714881
1687,8374.0,0.0,0.6751192729362896,0.3248807270637104
1688,8387.0,1.0,0.42244545941424455,0.5775545405857554
1689,8390.0,0.0,0.6013251715237463,0.3986748284762538
1690,8393.0,1.0,0.46007988633043007,0.53992011366957
1691,8396.0,1.0,0.4180234530661894,0.5819765469338106
1692,8399.0,0.0,0.5722376549755984,0.4277623450244013
1693,8404.0,1.0,0.4486116672286595,0.5513883327713404
1694,8406.0,0.0,0.5433056412142874,0.4566943587857126
1695,8432.0,1.0,0.07946576404675582,0.9205342359532439
1696,8441.0,1.0,0.40802506949889017,0.5919749305011098
1697,8447.0,1.0,0.40251105060784914,0.5974889493921508
1698,8453.0,0.0,0.6244031468006093,0.37559685319939085
1699,8454.0,1.0,0.49801142594256,0.50198857405744
1700,8458.0,0.0,0.58084282671825,0.41915717328175
1701,8468.0,0.0,0.6312687059643428,0.3687312940356571
1702,8485.0,0.0,0.5704638291121527,0.4295361708878475
1703,8494.0,0.0,0.5022638423312038,0.49773615766879614
1704,8505.0,0.0,0.6389681190349775,0.3610318809650224
1705,8506.0,0.0,0.5282830011848815,0.4717169988151186
1706,8507.0,0.0,0.6687093256376935,0.33129067436230636
1707,8526.0,0.0,0.6054367193748381,0.394563280625162
1708,8527.0,1.0,0.4121636306605264,0.5878363693394737
1709,8528.0,0.0,0.548637903670868,0.4513620963291319
1710,8540.0,1.0,0.45968859124686573,0.5403114087531343
1711,8555.0,0.0,0.6653620912816475,0.3346379087183524
1712,8560.0,1.0,0.03891277831496065,0.9610872216850395
1713,8561.0,0.0,0.5375030483309771,0.46249695166902277
1714,8563.0,0.0,0.5311140153399126,0.4688859846600873
1715,8586.0,1.0,0.38277900183003843,0.6172209981699617
1716,8588.0,1.0,0.02564048801551856,0.9743595119844812
1717,8595.0,1.0,0.48655833683465793,0.513441663165342
1718,8599.0,1.0,0.3737369254918061,0.6262630745081942
1719,8623.0,1.0,0.40521197424990857,0.5947880257500914
1720,8626.0,0.0,0.5699026173450319,0.4300973826549682
1721,8629.0,1.0,0.44844710837692175,0.5515528916230779
1722,8634.0,0.0,0.5757619986042406,0.42423800139575946
1723,8636.0,1.0,0.45404609636421744,0.5459539036357823
1724,8637.0,1.0,0.038450619143604224,0.9615493808563957
1725,8647.0,1.0,0.4517295307496169,0.5482704692503831
1726,8649.0,0.0,0.5274780282474906,0.47252197175250926
1727,8650.0,0.0,0.6703563234853271,0.32964367651467313
1728,8666.0,0.0,0.5626251249445972,0.43737487505540285
1729,8669.0,1.0,0.48315200822002824,0.5168479917799719
1730,8678.0,1.0,0.4726151884263311,0.5273848115736689
1731,8684.0,1.0,0.47481482762352756,0.5251851723764724
1732,8688.0,1.0,0.43188805833588434,0.5681119416641157
1733,8691.0,1.0,0.4843104432833502,0.5156895567166498
1734,8696.0,0.0,0.6723837150368095,0.32761628496319034
1735,8700.0,1.0,0.47716957961126794,0.5228304203887323
1736,8703.0,1.0,0.3353255286951765,0.6646744713048236
1737,8709.0,0.0,0.6874780686322279,0.31252193136777257
1738,8717.0,1.0,0.43295838741883125,0.5670416125811686
1739,8725.0,1.0,0.4810592987539113,0.5189407012460887
1740,8726.0,1.0,0.4989123385328309,0.501087661467169
1741,8733.0,1.0,0.4345887368506917,0.5654112631493082
1742,8739.0,1.0,0.4968113957364578,0.5031886042635422
1743,8742.0,1.0,0.424230927280114,0.5757690727198862
1744,8750.0,1.0,0.4659822371602827,0.5340177628397174
1745,8753.0,0.0,0.5909441499357515,0.40905585006424855
1746,8760.0,0.0,0.5022658709922607,0.4977341290077394
1747,8778.0,1.0,0.41420936457019253,0.5857906354298075
1748,8782.0,1.0,0.41993675577958756,0.5800632442204123
1749,8783.0,0.0,0.5232316450951445,0.47676835490485536
1750,8788.0,1.0,0.47008102936389184,0.529918970636108
1751,8789.0,1.0,0.3686255831471369,0.6313744168528636
1752,8790.0,0.0,0.5678132590652336,0.4321867409347663
1753,8797.0,1.0,0.40890430635129826,0.5910956936487017
1754,8802.0,1.0,0.48239911530263846,0.5176008846973615
1755,8809.0,1.0,0.3883011056811523,0.6116988943188479
1756,8815.0,0.0,0.5298222666451994,0.47017773335480045
1757,8818.0,0.0,0.5366221182988928,0.4633778817011072
1758,8823.0,1.0,0.39611693920926444,0.6038830607907356
1759,8842.0,1.0,0.4911790680670509,0.5088209319329491
1760,8843.0,0.0,0.5419454207760633,0.45805457922393655
1761,8851.0,1.0,0.48589570779780467,0.5141042922021953
1762,8855.0,0.0,0.5583680997635743,0.4416319002364255
1763,8858.0,1.0,0.4447200131498268,0.555279986850173
1764,8862.0,1.0,0.4039463264569585,0.5960536735430416
1765,8867.0,0.0,0.6557986518412995,0.3442013481587008
1766,8873.0,0.0,0.5009566018076261,0.49904339819237387
1767,8892.0,1.0,0.4508294745376603,0.5491705254623399
1768,8895.0,1.0,0.3510932867457732,0.6489067132542269
1769,8897.0,0.0,0.7069824808570307,0.29301751914296975
1770,8899.0,1.0,0.4033019333569106,0.5966980666430893
1771,8901.0,0.0,0.5826946960752172,0.4173053039247827
1772,8904.0,0.0,0.6298104788384637,0.37018952116153636
1773,8905.0,0.0,0.5267490359397982,0.4732509640602018
1774,8907.0,0.0,0.6492343947933189,0.35076560520668165
1775,8908.0,0.0,0.6950582490861978,0.3049417509138024
1776,8911.0,1.0,0.4568267447743166,0.5431732552256834
1777,8912.0,0.0,0.5231188432196875,0.4768811567803124
1778,8915.0,0.0,0.6190007712000027,0.38099922879999715
1779,8924.0,1.0,0.39170095983871506,0.6082990401612851
1780,8930.0,1.0,0.06938885914842213,0.9306111408515778
1781,8932.0,0.0,0.5087920372955206,0.4912079627044794
1782,8933.0,1.0,0.43919319384249333,0.5608068061575068
1783,8936.0,1.0,0.4002442296470866,0.5997557703529134
1784,8940.0,1.0,0.4628620833811005,0.5371379166188995
1785,8943.0,0.0,0.5007283748363981,0.4992716251636019
1786,8945.0,1.0,0.4910571394930095,0.5089428605069906
1787,8946.0,1.0,0.4371759068428336,0.5628240931571665
1788,8952.0,0.0,0.6079503581631264,0.3920496418368738
1789,8954.0,0.0,0.552513056234347,0.447486943765653
1790,8962.0,1.0,0.4847309095762567,0.5152690904237434
1791,8963.0,1.0,0.0358248180317507,0.9641751819682495
1792,8967.0,0.0,0.5896321722796943,0.4103678277203057
1793,8968.0,1.0,0.4957418881418464,0.5042581118581535
1794,8971.0,1.0,0.39487550525197657,0.6051244947480235
1795,8972.0,1.0,0.36252936869151187,0.6374706313084885
1796,8978.0,1.0,0.4163866794449329,0.5836133205550672
1797,8985.0,0.0,0.6437280140264101,0.3562719859735901
1798,8995.0,0.0,0.5187195759980442,0.48128042400195575
1799,8997.0,1.0,0.48791292204440984,0.5120870779555902
1800,9009.0,1.0,0.41211517866992897,0.587884821330071
1801,9016.0,0.0,0.6541710231012589,0.34582897689874104
1802,9019.0,0.0,0.6508737789419318,0.3491262210580682
1803,9022.0,1.0,0.46441434620966776,0.5355856537903323
1804,9026.0,1.0,0.44690487624621605,0.5530951237537839
1805,9038.0,0.0,0.5763063823534559,0.42369361764654423
1806,9046.0,1.0,0.05227685656629308,0.9477231434337068
1807,9062.0,0.0,0.5081918988312002,0.4918081011687996
1808,9074.0,1.0,0.449953213306556,0.550046786693444
1809,9079.0,1.0,0.4108294727621395,0.5891705272378607
1810,9083.0,1.0,0.4363036940504512,0.5636963059495489
1811,9096.0,0.0,0.5561109209833691,0.4438890790166308
1812,9100.0,1.0,0.48425794642850667,0.5157420535714933
1813,9101.0,0.0,0.5268589769653803,0.47314102303461963
1814,9120.0,0.0,0.5118711321104084,0.48812886788959164
1815,9131.0,0.0,0.5658520449802003,0.4341479550197997
1816,9132.0,0.0,0.5524958087668022,0.44750419123319773
1817,9133.0,1.0,0.3755146896811528,0.6244853103188475
1818,9136.0,0.0,0.5422864448149424,0.45771355518505763
1819,9137.0,0.0,0.5733138735087178,0.4266861264912821
1820,9142.0,1.0,0.3352582626846216,0.6647417373153786
1821,9153.0,1.0,0.36675797113681263,0.6332420288631875
1822,9154.0,1.0,0.4746959824604335,0.5253040175395663
1823,9157.0,0.0,0.5873690131535981,0.4126309868464018
1824,9160.0,1.0,0.4987684911706787,0.5012315088293214
1825,9161.0,1.0,0.4133982374535563,0.5866017625464438
1826,9162.0,0.0,0.5337039315642546,0.46629606843574556
1827,9166.0,1.0,0.48935627940654713,0.510643720593453
1828,9169.0,1.0,0.38259975344685787,0.6174002465531422
1829,9173.0,0.0,0.563226832769745,0.43677316723025483
1830,9174.0,0.0,0.5303562286410244,0.4696437713589756
1831,9175.0,1.0,0.3984275144192917,0.6015724855807084
1832,9176.0,1.0,0.43118727386022987,0.5688127261397703
1833,9178.0,0.0,0.6612001759164192,0.3387998240835811
1834,9181.0,1.0,0.4456554238611388,0.5543445761388611
1835,9182.0,1.0,0.3909682944672226,0.6090317055327779
1836,9186.0,0.0,0.5217409696219556,0.47825903037804435
1837,9189.0,1.0,0.43118750756605506,0.5688124924339452
1838,9197.0,1.0,0.06643444829201077,0.9335655517079893
1839,9200.0,0.0,0.5918316185385684,0.408168381461432
1840,9207.0,1.0,0.40215334331688396,0.5978466566831161
1841,9208.0,0.0,0.6282979590150485,0.37170204098495147
1842,9217.0,1.0,0.47066433793067625,0.5293356620693238
1843,9219.0,0.0,0.6130285739404588,0.3869714260595412
1844,9223.0,0.0,0.6314785434660514,0.36852145653394863
1845,9229.0,1.0,0.397308333753926,0.602691666246074
1846,9244.0,1.0,0.019350805759372647,0.9806491942406274
1847,9251.0,0.0,0.6342224519710329,0.36577754802896706
1848,9252.0,1.0,0.39995146416612165,0.6000485358338784
1849,9253.0,1.0,0.07613504322655147,0.9238649567734484
1850,9262.0,0.0,0.5167203042727117,0.4832796957272884
1851,9266.0,1.0,0.4164577556417682,0.5835422443582319
1852,9282.0,1.0,0.3385270566916443,0.6614729433083555
1853,9287.0,1.0,0.35709044632157677,0.6429095536784233
1854,9289.0,1.0,0.033816727652568296,0.9661832723474316
1855,9291.0,0.0,0.5780044695827321,0.421995530417268
1856,9296.0,1.0,0.4520692484953735,0.5479307515046262
1857,9297.0,1.0,0.4111843728713733,0.5888156271286266
1858,9300.0,1.0,0.44784166586048824,0.5521583341395118
1859,9314.0,1.0,0.3949800705807174,0.6050199294192828
1860,9317.0,1.0,0.4323835366632897,0.5676164633367103
1861,9324.0,1.0,0.42503131758368007,0.5749686824163199
1862,9327.0,1.0,0.41091344304447125,0.5890865569555287
1863,9337.0,1.0,0.03066596489067904,0.9693340351093209
1864,9342.0,1.0,0.40537568014874753,0.5946243198512523
1865,9343.0,1.0,0.49221612692607475,0.5077838730739253
1866,9351.0,1.0,0.48869326784127254,0.5113067321587275
1867,9372.0,1.0,0.42530687313052057,0.5746931268694795
1868,9383.0,0.0,0.6125691601612627,0.3874308398387372
1869,9385.0,0.0,0.5726966387821836,0.4273033612178163
1870,9388.0,1.0,0.476649372834756,0.5233506271652438
1871,9395.0,1.0,0.3927661769458568,0.6072338230541434
1872,9399.0,1.0,0.4284161600680873,0.5715838399319128
1873,9403.0,1.0,0.46017326462680136,0.5398267353731988
1874,9405.0,0.0,0.50862890703566,0.4913710929643401
1875,9409.0,1.0,0.43897752132779666,0.5610224786722032
1876,9412.0,1.0,0.4280369428585303,0.5719630571414697
1877,9414.0,0.0,0.5226259036061038,0.47737409639389605
1878,9415.0,0.0,0.5566696760759308,0.4433303239240691
1879,9416.0,1.0,0.4040807537508271,0.595919246249173
1880,9419.0,1.0,0.4790545959105762,0.5209454040894238
1881,9422.0,1.0,0.4919230287954938,0.5080769712045061
1882,9423.0,1.0,0.45947252171775715,0.540527478282243
1883,9433.0,0.0,0.5310820802463457,0.46891791975365416
1884,9435.0,0.0,0.5729002893341055,0.42709971066589447
1885,9439.0,1.0,0.06463623187634761,0.9353637681236526
1886,9441.0,1.0,0.36688397976073206,0.6331160202392678
1887,9451.0,1.0,0.44552768978598245,0.5544723102140177
1888,9452.0,1.0,0.38551835706483856,0.6144816429351615
1889,9454.0,1.0,0.46763916850994974,0.5323608314900503
1890,9462.0,1.0,0.4193798283936671,0.5806201716063328
1891,9475.0,1.0,0.41202774645578816,0.5879722535442119
1892,9478.0,0.0,0.5421407098492828,0.4578592901507173
1893,9483.0,1.0,0.4466945601584389,0.5533054398415609
1894,9502.0,1.0,0.023088318933463123,0.9769116810665369
1895,9504.0,0.0,0.52633587737799,0.47366412262200996
1896,9506.0,0.0,0.5495449325741291,0.45045506742587094
1897,9510.0,1.0,0.09989659571472939,0.9001034042852705
1898,9530.0,0.0,0.5809677111571466,0.41903228884285343
1899,9534.0,1.0,0.38045833094290865,0.6195416690570916
1900,9545.0,0.0,0.5227466990079909,0.477253300992009
1901,9546.0,1.0,0.44830620325037324,0.5516937967496266
1902,9550.0,0.0,0.5782609674777391,0.42173903252226075
1903,9551.0,0.0,0.5314380973946838,0.4685619026053162
1904,9552.0,0.0,0.5401077022434108,0.45989229775658913
1905,9558.0,0.0,0.55519710826417,0.44480289173583004
1906,9562.0,0.0,0.5122345429424314,0.4877654570575686
1907,9570.0,0.0,0.6042749565052321,0.3957250434947678
1908,9580.0,0.0,0.6470994406729347,0.3529005593270652
1909,9582.0,1.0,0.49048961684432496,0.5095103831556749
1910,9586.0,1.0,0.4471254539604631,0.5528745460395368
1911,9589.0,1.0,0.403695329390088,0.5963046706099121
1912,9591.0,1.0,0.4766743541073871,0.5233256458926129
1913,9608.0,0.0,0.646744951640023,0.3532550483599768
1914,9609.0,1.0,0.08355651580094746,0.9164434841990524
1915,9619.0,1.0,0.45158763086203485,0.5484123691379651
1916,9621.0,0.0,0.5845698014593897,0.4154301985406101
1917,9629.0,1.0,0.46798829986051294,0.5320117001394871
1918,9630.0,1.0,0.4320746619750038,0.5679253380249962
1919,9637.0,0.0,0.6413777622242978,0.35862223777570196
1920,9641.0,1.0,0.3990101343243298,0.6009898656756704
1921,9646.0,0.0,0.5540716722039645,0.4459283277960353
1922,9647.0,0.0,0.5144958742147988,0.48550412578520097
1923,9649.0,1.0,0.47988924239242137,0.5201107576075787
1924,9652.0,1.0,0.494561326751216,0.505438673248784
1925,9662.0,1.0,0.3999081577718984,0.6000918422281016
1926,9663.0,1.0,0.44393034050624974,0.5560696594937502
1927,9664.0,0.0,0.5025411876816663,0.49745881231833367
1928,9669.0,0.0,0.5233416849464146,0.4766583150535854
1929,9676.0,1.0,0.4095918230736197,0.5904081769263805
1930,9677.0,1.0,0.4512344169504874,0.5487655830495126
1931,9679.0,1.0,0.060312117047253866,0.939687882952746
1932,9687.0,0.0,0.549775598594866,0.4502244014051341
1933,9691.0,0.0,0.5661846055516889,0.43381539444831113
1934,9697.0,0.0,0.543965145428316,0.456034854571684
1935,9702.0,1.0,0.019594414629943574,0.9804055853700565
1936,9704.0,0.0,0.5503682349656805,0.44963176503431923
1937,9713.0,1.0,0.40159508289752316,0.5984049171024771
1938,9715.0,1.0,0.40215623066963474,0.5978437693303653
1939,9719.0,1.0,0.4922826880486393,0.5077173119513607
1940,9720.0,1.0,0.4644796378829739,0.5355203621170261
1941,9722.0,0.0,0.5446665109681262,0.45533348903187365
1942,9728.0,1.0,0.4775126523553757,0.5224873476446241
1943,9731.0,0.0,0.6237555638949898,0.3762444361050102
1944,9733.0,1.0,0.49152373376363895,0.508476266236361
1945,9740.0,1.0,0.018764337491651902,0.9812356625083481
1946,9744.0,1.0,0.45284920160468134,0.5471507983953188
1947,9746.0,1.0,0.42385791770714454,0.5761420822928555
1948,9750.0,1.0,0.47464868120044634,0.5253513187995538
1949,9752.0,0.0,0.5167096776206268,0.4832903223793732
1950,9757.0,1.0,0.39172514092866884,0.6082748590713313
1951,9759.0,0.0,0.5563357413262799,0.4436642586737199
1952,9760.0,0.0,0.5056692430227226,0.4943307569772773
1953,9762.0,0.0,0.5024025410319614,0.4975974589680386
1954,9770.0,0.0,0.5547259195994203,0.4452740804005797
1955,9777.0,0.0,0.5993013730658348,0.40069862693416525
1956,9784.0,0.0,0.527667894072519,0.4723321059274811
1957,9786.0,1.0,0.41942048390088343,0.5805795160991167
1958,9788.0,0.0,0.5939134057728352,0.40608659422716464
1959,9804.0,1.0,0.02311062834319726,0.9768893716568027
1960,9806.0,1.0,0.36849364967105314,0.6315063503289471
1961,9811.0,1.0,0.487639889992438,0.512360110007562
1962,9813.0,0.0,0.5661607426640087,0.4338392573359912
1963,9814.0,0.0,0.5499824203615521,0.4500175796384479
1964,9821.0,1.0,0.4257497306123976,0.5742502693876025
1965,9831.0,1.0,0.34142981119770643,0.6585701888022935
1966,9835.0,0.0,0.5192826527321854,0.48071734726781457
1967,9836.0,0.0,0.5483891162764907,0.45161088372350927
1968,9838.0,1.0,0.408720621225674,0.5912793787743261
1969,9841.0,0.0,0.5011435542197968,0.49885644578020316
1970,9842.0,1.0,0.407266098357391,0.592733901642609
1971,9854.0,0.0,0.5944278298161465,0.4055721701838535
1972,9860.0,0.0,0.528249763658601,0.4717502363413991
1973,9862.0,1.0,0.39724613030892253,0.6027538696910777
1974,9866.0,0.0,0.5768807988606409,0.423119201139359
1975,9870.0,1.0,0.48421539641828176,0.5157846035817183
1976,9872.0,0.0,0.502178536726787,0.4978214632732129
1977,9874.0,1.0,0.3699150362558579,0.6300849637441425
1978,9879.0,1.0,0.4911112805160217,0.5088887194839784
1979,9888.0,1.0,0.4060375060175175,0.5939624939824825
1980,9894.0,0.0,0.519767138861496,0.48023286113850405
1981,9898.0,1.0,0.050492482366264586,0.9495075176337354
1982,9904.0,1.0,0.4648535799069463,0.5351464200930537
1983,9912.0,0.0,0.5975291614095891,0.402470838590411
1984,9919.0,0.0,0.6572261870279011,0.3427738129720986
1985,9920.0,0.0,0.5616765308916525,0.43832346910834746
1986,9922.0,0.0,0.5496642994396206,0.45033570056037925
1987,9924.0,1.0,0.3646033201466869,0.6353966798533133
1988,9928.0,1.0,0.46888682011680266,0.5311131798831973
1989,9931.0,0.0,0.5857037735438133,0.4142962264561867
1990,9936.0,1.0,0.42714114621205973,0.5728588537879403
1991,9942.0,0.0,0.6421390012369385,0.3578609987630616
1992,9947.0,1.0,0.4120904652738704,0.5879095347261295
1993,9957.0,1.0,0.3767882189371399,0.6232117810628603
1994,9963.0,1.0,0.4059757954843379,0.5940242045156622
1995,9971.0,1.0,0.3757939340043636,0.6242060659956367
1996,9982.0,1.0,0.40438545267141196,0.5956145473285881
1997,9985.0,1.0,0.4573301327670877,0.5426698672329122
1998,9987.0,1.0,0.47809138579385146,0.5219086142061485
1999,9988.0,1.0,0.08194019126613859,0.9180598087338615
2000,9992.0,1.0,0.3814998804933355,0.6185001195066646
2001,10004.0,0.0,0.5167868902917071,0.4832131097082929
2002,10007.0,1.0,0.49109793162080584,0.508902068379194
2003,10012.0,0.0,0.6682388852225306,0.331761114777469
2004,10016.0,1.0,0.3914984373761563,0.6085015626238438
2005,10019.0,1.0,0.41190948637771746,0.5880905136222825
2006,10024.0,1.0,0.41873695950663015,0.5812630404933699
2007,10028.0,0.0,0.5842846133618298,0.41571538663817015
2008,10030.0,0.0,0.5409311534555096,0.4590688465444904
2009,10042.0,0.0,0.6204071354356158,0.3795928645643842
2010,10046.0,1.0,0.41642922351958545,0.5835707764804147
2011,10058.0,1.0,0.38487455252135844,0.615125447478642
2012,10059.0,0.0,0.5325659360790777,0.4674340639209224
2013,10068.0,0.0,0.5284034730577356,0.4715965269422642
2014,10078.0,0.0,0.6328367044837555,0.36716329551624477
2015,10084.0,1.0,0.4556924459481262,0.5443075540518738
2016,10085.0,1.0,0.3817690260816196,0.6182309739183804
2017,10089.0,1.0,0.4962647875282459,0.5037352124717541
2018,10092.0,1.0,0.49718433368090537,0.5028156663190946
2019,10096.0,1.0,0.348668186177647,0.6513318138223532
2020,10099.0,0.0,0.5133340238599949,0.48666597614000495
2021,10101.0,1.0,0.3968983525412018,0.6031016474587984
2022,10108.0,1.0,0.029678794894897678,0.9703212051051024
2023,10110.0,1.0,0.0227751976280656,0.9772248023719345
2024,10112.0,1.0,0.48274402669309685,0.5172559733069031
2025,10118.0,0.0,0.5326940477621439,0.46730595223785615
2026,10129.0,0.0,0.5806583933081086,0.4193416066918914
2027,10139.0,0.0,0.5579179833851367,0.4420820166148633
2028,10141.0,0.0,0.5418794246581609,0.458120575341839
2029,10145.0,1.0,0.38813221167772705,0.6118677883222732
2030,10151.0,0.0,0.6031685753246492,0.39683142467535093
2031,10155.0,0.0,0.5659934863778604,0.4340065136221397
2032,10174.0,1.0,0.359447463548096,0.6405525364519042
2033,10179.0,0.0,0.5572160878204443,0.44278391217955565
2034,10182.0,0.0,0.5822003665625327,0.4177996334374673
2035,10184.0,0.0,0.6520469412744415,0.3479530587255582
2036,10189.0,0.0,0.5003228928008436,0.49967710719915637
2037,10192.0,1.0,0.48600083288805385,0.5139991671119462
2038,10194.0,1.0,0.02090343240503708,0.9790965675949629
2039,10195.0,0.0,0.5004950665772739,0.49950493342272617
2040,10202.0,1.0,0.4701980219934016,0.5298019780065983
2041,10205.0,0.0,0.5315505834398166,0.4684494165601834
2042,10207.0,1.0,0.3512316187973712,0.6487683812026287
2043,10211.0,0.0,0.5672179233097591,0.4327820766902411
2044,10223.0,1.0,0.3927794070388183,0.6072205929611819
2045,10228.0,0.0,0.5718782531474722,0.42812174685252785
2046,10229.0,1.0,0.4472519198040972,0.5527480801959027
2047,10234.0,0.0,0.642991245095844,0.3570087549041558
2048,10236.0,1.0,0.4760644357858186,0.5239355642141814
2049,10237.0,1.0,0.4018179230522047,0.5981820769477956
2050,10245.0,0.0,0.5745648438279818,0.4254351561720182
2051,10253.0,0.0,0.5958103727329985,0.4041896272670014
2052,10260.0,1.0,0.3760490508645193,0.623950949135481
2053,10264.0,0.0,0.5288757734850026,0.4711242265149974
2054,10266.0,0.0,0.5551732460090166,0.4448267539909835
2055,10268.0,1.0,0.42050035071157876,0.5794996492884212
2056,10275.0,0.0,0.5148406627593317,0.4851593372406684
2057,10290.0,1.0,0.4786144784726302,0.5213855215273697
2058,10293.0,1.0,0.4318836836231016,0.5681163163768985
2059,10294.0,0.0,0.5561231052854434,0.4438768947145566
2060,10306.0,1.0,0.4275141057772815,0.5724858942227183
2061,10310.0,1.0,0.4323552683106762,0.5676447316893238
2062,10325.0,1.0,0.48993496499270783,0.5100650350072921
2063,10332.0,0.0,0.5230997546412001,0.4769002453588
2064,10333.0,0.0,0.5182903259047013,0.48170967409529863
2065,10341.0,1.0,0.48565762436488696,0.514342375635113
2066,10343.0,0.0,0.6225954840593197,0.37740451594068025
2067,10350.0,1.0,0.4094945691530162,0.5905054308469837
2068,10357.0,1.0,0.47827493683940714,0.5217250631605931
2069,10360.0,1.0,0.4191030556452593,0.5808969443547406
2070,10362.0,1.0,0.43925642358967387,0.5607435764103262
2071,10371.0,1.0,0.48454149253927126,0.5154585074607287
2072,10373.0,0.0,0.6314374413446145,0.36856255865538534
2073,10374.0,1.0,0.39242740111299346,0.6075725988870067
2074,10386.0,1.0,0.49865864808695975,0.5013413519130403
2075,10398.0,1.0,0.4323358748946701,0.5676641251053298
2076,10412.0,1.0,0.4119596340350683,0.5880403659649318
2077,10426.0,1.0,0.3986644819836683,0.6013355180163319
2078,10427.0,0.0,0.6078956549853958,0.3921043450146043
2079,10437.0,1.0,0.4226492442312654,0.5773507557687347
2080,10441.0,0.0,0.6264282314264716,0.37357176857352814
2081,10447.0,0.0,0.5565703013708493,0.44342969862915077
2082,10449.0,0.0,0.644709376767739,0.355290623232261
2083,10454.0,0.0,0.5202297946209914,0.47977020537900855
2084,10456.0,1.0,0.4619441349569143,0.5380558650430859
2085,10460.0,1.0,0.49131871153024215,0.5086812884697579
2086,10461.0,0.0,0.5941333213878053,0.4058666786121949
2087,10465.0,1.0,0.36879549184400345,0.6312045081559967
2088,10471.0,1.0,0.40852344898405873,0.5914765510159414
2089,10475.0,1.0,0.3790618924251965,0.6209381075748038
2090,10489.0,0.0,0.5160589009333827,0.4839410990666173
2091,10494.0,1.0,0.04540975304568498,0.954590246954315
2092,10496.0,1.0,0.4137210540516009,0.5862789459483991
2093,10508.0,1.0,0.49987730065231895,0.5001226993476812
2094,10510.0,1.0,0.4640154586880353,0.5359845413119646
2095,10514.0,1.0,0.3905778153087082,0.609422184691292
2096,10520.0,0.0,0.6672503648247234,0.33274963517527617
2097,10525.0,0.0,0.5407220415447012,0.4592779584552986
2098,10526.0,1.0,0.4585626166179844,0.5414373833820156
2099,10529.0,1.0,0.4552948872131796,0.5447051127868204
2100,10534.0,1.0,0.3845308108883958,0.6154691891116044
2101,10543.0,1.0,0.4971502949310597,0.5028497050689403
2102,10544.0,1.0,0.4443996204895457,0.5556003795104543
2103,10545.0,0.0,0.563268568618274,0.436731431381726
2104,10550.0,1.0,0.4089128630106282,0.591087136989372
2105,10552.0,1.0,0.3941778488016188,0.6058221511983812
2106,10561.0,1.0,0.419524576485841,0.5804754235141592
2107,10565.0,1.0,0.42517192906507295,0.574828070934927
2108,10567.0,1.0,0.4415292808853287,0.5584707191146715
2109,10572.0,0.0,0.5484257099179398,0.45157429008206007
2110,10573.0,1.0,0.38918008993738723,0.6108199100626128
2111,10590.0,0.0,0.6706365294889453,0.3293634705110547
2112,10593.0,0.0,0.506272046461418,0.493727953538582
2113,10598.0,1.0,0.39012371765914317,0.6098762823408569
2114,10599.0,0.0,0.5855744318960131,0.414425568103987
2115,10602.0,0.0,0.6519006220267193,0.3480993779732806
2116,10613.0,1.0,0.03207110372658658,0.9679288962734134
2117,10614.0,1.0,0.38231710635594746,0.6176828936440528
2118,10624.0,1.0,0.36606481369908633,0.6339351863009139
2119,10627.0,1.0,0.4807662955378697,0.5192337044621305
2120,10630.0,0.0,0.5031095546128748,0.4968904453871252
2121,10632.0,1.0,0.4548661747274303,0.5451338252725698
2122,10634.0,0.0,0.5096969469036167,0.4903030530963833
2123,10645.0,0.0,0.5650028923626131,0.4349971076373869
2124,10650.0,1.0,0.41309206541227217,0.5869079345877277
2125,10665.0,1.0,0.48092843703178645,0.5190715629682138
2126,10670.0,0.0,0.572998846432894,0.42700115356710605
2127,10671.0,1.0,0.4480453088402884,0.5519546911597115
2128,10679.0,1.0,0.031112220660415506,0.9688877793395844
2129,10683.0,1.0,0.0410143034477158,0.9589856965522842
2130,10684.0,0.0,0.5940848794606935,0.40591512053930656
2131,10688.0,1.0,0.467685124590281,0.5323148754097191
2132,10689.0,1.0,0.42903095647532397,0.5709690435246761
2133,10692.0,1.0,0.48460137100924155,0.5153986289907584
2134,10693.0,0.0,0.5042356918490398,0.49576430815096023
2135,10694.0,0.0,0.5190971732543741,0.48090282674562596
2136,10696.0,1.0,0.3957828776764426,0.6042171223235573
2137,10719.0,1.0,0.4677774713628839,0.532222528637116
2138,10721.0,0.0,0.6109703385391373,0.3890296614608625
2139,10722.0,1.0,0.48982560483656074,0.5101743951634393
2140,10731.0,1.0,0.4477170768061399,0.5522829231938602
2141,10733.0,1.0,0.3855062065846379,0.6144937934153626
2142,10743.0,1.0,0.49801749063518885,0.5019825093648111
2143,10745.0,1.0,0.49061340984375,0.50938659015625
2144,10747.0,1.0,0.4518887042217427,0.5481112957782573
2145,10748.0,1.0,0.43141802113893113,0.5685819788610688
2146,10755.0,1.0,0.4873244668047994,0.5126755331952007
2147,10756.0,1.0,0.4135986205632374,0.5864013794367628
2148,10759.0,1.0,0.4610962161330134,0.5389037838669867
2149,10766.0,0.0,0.5049762132009697,0.49502378679903025
2150,10771.0,1.0,0.471280027524457,0.5287199724755429
2151,10772.0,1.0,0.4446835278916145,0.5553164721083853
2152,10779.0,0.0,0.6077533557654727,0.39224664423452715
2153,10787.0,0.0,0.6081436333581002,0.39185636664189977
2154,10788.0,1.0,0.36398409866015063,0.6360159013398498
2155,10790.0,1.0,0.408692408526595,0.591307591473405
2156,10794.0,0.0,0.598468011819699,0.4015319881803009
2157,10798.0,1.0,0.4156211593786173,0.5843788406213827
2158,10799.0,0.0,0.6214505689823511,0.3785494310176491
2159,10800.0,0.0,0.5661857983579747,0.43381420164202544
2160,10803.0,0.0,0.6116550231079999,0.3883449768920002
2161,10813.0,1.0,0.4836353346825865,0.5163646653174134
2162,10823.0,0.0,0.6002053623041297,0.39979463769587
2163,10825.0,1.0,0.4481866941314127,0.5518133058685872
2164,10831.0,0.0,0.5236042064731392,0.4763957935268607
2165,10833.0,0.0,0.5005637845814096,0.4994362154185904
2166,10858.0,1.0,0.4235051683968381,0.576494831603162
2167,10860.0,1.0,0.49679385099368545,0.5032061490063144
2168,10872.0,1.0,0.47934894509372794,0.520651054906272
2169,10874.0,1.0,0.3666999198990708,0.6333000801009292
2170,10881.0,1.0,0.419735195250773,0.580264804749227
2171,10884.0,0.0,0.5446661076832917,0.45533389231670823
2172,10886.0,1.0,0.38974164951775786,0.6102583504822423
2173,10897.0,1.0,0.057270609534024325,0.9427293904659756
2174,10898.0,1.0,0.07671558293651498,0.9232844170634852
2175,10904.0,1.0,0.39852567022520546,0.6014743297747949
2176,10908.0,0.0,0.544010737515912,0.45598926248408794
2177,10909.0,0.0,0.59527848226216,0.40472151773783993
2178,10920.0,1.0,0.40242796056063485,0.5975720394393652
2179,10931.0,1.0,0.3738739546164463,0.6261260453835538
2180,10939.0,0.0,0.5394718699520231,0.46052813004797694
2181,10942.0,0.0,0.5573210784164385,0.44267892158356154
2182,10946.0,0.0,0.5354548022696125,0.4645451977303875
2183,10955.0,1.0,0.38713999067828775,0.6128600093217125
2184,10956.0,1.0,0.4015521179139238,0.5984478820860762
2185,10959.0,1.0,0.06093866305677005,0.9390613369432301
2186,10962.0,0.0,0.6022792033341166,0.3977207966658834
2187,10966.0,0.0,0.6290956759617294,0.37090432403827056
2188,10968.0,0.0,0.5119005733947352,0.4880994266052648
2189,10969.0,0.0,0.5903272624572368,0.4096727375427632
2190,10971.0,0.0,0.6362586116459602,0.36374138835403963
2191,10972.0,1.0,0.41496713774311117,0.585032862256889
2192,10974.0,1.0,0.4046448911445642,0.5953551088554359
2193,10975.0,1.0,0.38337920346944543,0.6166207965305549
2194,10976.0,0.0,0.5058080016105407,0.49419199838945926
2195,10984.0,0.0,0.5301797667218218,0.4698202332781783
2196,11001.0,1.0,0.4999985171100215,0.5000014828899784
2197,11003.0,0.0,0.6009842146625526,0.3990157853374474
2198,11007.0,0.0,0.6033959172381675,0.3966040827618324
2199,11011.0,0.0,0.5515229031500657,0.4484770968499344
2200,11015.0,1.0,0.437135751889706,0.5628642481102939
2201,11022.0,1.0,0.47595376750707424,0.5240462324929258
2202,11027.0,1.0,0.4906007908512953,0.5093992091487046
2203,11033.0,0.0,0.6164692481424124,0.3835307518575873
2204,11034.0,1.0,0.4520974403979829,0.5479025596020173
2205,11038.0,1.0,0.4436868156595956,0.5563131843404041
2206,11043.0,0.0,0.555422735677765,0.44457726432223516
2207,11046.0,1.0,0.020901953079521248,0.9790980469204789
2208,11047.0,1.0,0.4971827145063148,0.5028172854936852
2209,11056.0,0.0,0.5109871086992892,0.48901289130071085
2210,11059.0,1.0,0.45660709527711724,0.5433929047228829
2211,11065.0,0.0,0.525549535283397,0.4744504647166031
2212,11066.0,1.0,0.4214632065218311,0.5785367934781688
2213,11070.0,0.0,0.588156734498718,0.41184326550128203
2214,11071.0,0.0,0.5598984576606922,0.4401015423393077
2215,11074.0,0.0,0.5513890965816054,0.4486109034183947
2216,11090.0,0.0,0.5198652635431951,0.4801347364568048
2217,11094.0,1.0,0.47639522579780114,0.5236047742021988
2218,11099.0,1.0,0.39009773184345164,0.6099022681565487
2219,11100.0,1.0,0.4059792463023797,0.5940207536976203
2220,11119.0,1.0,0.4028047575766502,0.59719524242335
2221,11120.0,0.0,0.6190050315334387,0.3809949684665614
2222,11127.0,0.0,0.5626911031728665,0.43730889682713353
2223,11130.0,0.0,0.5420471613761567,0.4579528386238432
2224,11135.0,1.0,0.3890121711654718,0.6109878288345284
2225,11140.0,1.0,0.46079573355785114,0.5392042664421487
2226,11142.0,1.0,0.40671136747606235,0.5932886325239378
2227,11146.0,0.0,0.5152183674150852,0.4847816325849148
2228,11148.0,0.0,0.5720665933664392,0.42793340663356083
2229,11150.0,1.0,0.4376075863382756,0.5623924136617245
2230,11160.0,0.0,0.5797639490858167,0.4202360509141833
2231,11162.0,0.0,0.5848100416611927,0.4151899583388074
2232,11163.0,0.0,0.5280890827113679,0.47191091728863205
2233,11164.0,0.0,0.5587834775763131,0.4412165224236871
2234,11167.0,0.0,0.5891200954424579,0.41087990455754203
2235,11172.0,0.0,0.5283246387448008,0.47167536125519915
2236,11174.0,0.0,0.6969501666282014,0.3030498333717991
2237,11176.0,1.0,0.46791205401258473,0.5320879459874153
2238,11177.0,0.0,0.53928344006692,0.46071655993307986
2239,11187.0,1.0,0.4642314597978134,0.5357685402021866
2240,11189.0,0.0,0.59385086847518,0.40614913152481974
2241,11190.0,1.0,0.490545765383823,0.509454234616177
2242,11191.0,1.0,0.42747880617009804,0.572521193829902
2243,11192.0,1.0,0.47085985203773684,0.5291401479622633
2244,11193.0,1.0,0.02288904765332167,0.9771109523466782
2245,11198.0,0.0,0.559566146092283,0.4404338539077168
2246,11200.0,1.0,0.3930921626716008,0.6069078373283993
2247,11219.0,0.0,0.5443206229092664,0.45567937709073336
2248,11224.0,1.0,0.49410720288411314,0.505892797115887
2249,11230.0,1.0,0.4645978121295879,0.5354021878704122
2250,11231.0,0.0,0.543451398758729,0.45654860124127067
2251,11239.0,1.0,0.4526678286538177,0.5473321713461822
2252,11242.0,1.0,0.41818400196842703,0.581815998031573
2253,11251.0,0.0,0.5237639910367399,0.4762360089632601
2254,11267.0,1.0,0.3796512277511433,0.6203487722488568
2255,11273.0,1.0,0.3737292700240738,0.6262707299759266
2256,11277.0,1.0,0.47112888165530487,0.5288711183446952
2257,11279.0,0.0,0.5933212834625049,0.4066787165374952
2258,11289.0,0.0,0.5244179643419887,0.47558203565801127
2259,11291.0,1.0,0.48126290409574163,0.5187370959042584
2260,11293.0,0.0,0.6440820820898715,0.35591791791012845
2261,11304.0,1.0,0.40689384483184826,0.593106155168152
2262,11307.0,0.0,0.546301439121402,0.4536985608785979
2263,11313.0,1.0,0.3575989798998925,0.6424010201001079
2264,11316.0,1.0,0.3890339323384482,0.6109660676615519
2265,11320.0,1.0,0.4814558574349544,0.5185441425650457
2266,11322.0,0.0,0.5275495189935552,0.47245048100644477
2267,11326.0,0.0,0.5840736581562572,0.4159263418437426
2268,11328.0,1.0,0.4393598677490176,0.5606401322509824
2269,11337.0,1.0,0.4636479509899029,0.5363520490100971
2270,11342.0,0.0,0.56377972665365,0.4362202733463498
2271,11345.0,0.0,0.5737362979844772,0.4262637020155228
2272,11349.0,0.0,0.520294363401285,0.47970563659871507
2273,11355.0,0.0,0.5732379023177859,0.42676209768221424
2274,11359.0,1.0,0.42477388054752185,0.5752261194524783
2275,11362.0,1.0,0.04425917546000138,0.9557408245399985
2276,11368.0,0.0,0.5385920808428324,0.46140791915716745
2277,11371.0,0.0,0.5153738006438637,0.48462619935613616
2278,11372.0,1.0,0.4747150429437965,0.5252849570562036
2279,11382.0,1.0,0.3945962671494618,0.6054037328505384
2280,11387.0,1.0,0.3988128030729664,0.6011871969270337
2281,11393.0,1.0,0.40680796712649836,0.5931920328735019
2282,11399.0,1.0,0.37397787685119643,0.6260221231488037
2283,11401.0,0.0,0.5227921909900066,0.4772078090099932
2284,11405.0,0.0,0.5222207997160789,0.4777792002839212
2285,11406.0,1.0,0.4823523501030013,0.5176476498969987
2286,11415.0,0.0,0.5651018638190546,0.43489813618094536
2287,11419.0,1.0,0.4003569702012196,0.5996430297987804
2288,11420.0,0.0,0.5776686611840706,0.4223313388159292
2289,11425.0,0.0,0.5233806991894268,0.4766193008105732
2290,11428.0,1.0,0.4149586998089982,0.5850413001910018
2291,11430.0,0.0,0.5678916528170769,0.4321083471829231
2292,11431.0,0.0,0.5133159263779509,0.4866840736220491
2293,11438.0,1.0,0.02815427388592816,0.971845726114072
2294,11439.0,0.0,0.6337543605336495,0.3662456394663502
2295,11444.0,0.0,0.51756991386822,0.48243008613178
2296,11448.0,0.0,0.7025972629135236,0.2974027370864768
2297,11461.0,1.0,0.3671756240211089,0.6328243759788912
2298,11464.0,0.0,0.5218401447944591,0.4781598552055408
2299,11471.0,0.0,0.5628498858552422,0.43715011414475774
2300,11476.0,0.0,0.5665878451336414,0.4334121548663587
2301,11482.0,1.0,0.424060561334221,0.5759394386657788
2302,11498.0,1.0,0.4961693202045452,0.5038306797954547
2303,11500.0,1.0,0.459610550264224,0.5403894497357762
2304,11504.0,0.0,0.6418078972617614,0.35819210273823876
2305,11509.0,1.0,0.43950240986178124,0.560497590138219
2306,11510.0,0.0,0.5659020423169256,0.4340979576830744
2307,11512.0,1.0,0.485586365684634,0.5144136343153659
2308,11515.0,1.0,0.3920962191257031,0.607903780874297
2309,11518.0,0.0,0.5442734997648793,0.4557265002351206
2310,11521.0,0.0,0.5276682176740289,0.4723317823259709
2311,11527.0,0.0,0.6064714200277378,0.39352857997226226
2312,11532.0,0.0,0.5246784378955981,0.4753215621044019
2313,11541.0,0.0,0.525237966607726,0.474762033392274
2314,11543.0,1.0,0.42844749377787783,0.5715525062221224
2315,11549.0,0.0,0.5910098530606769,0.40899014693932306
2316,11560.0,0.0,0.6131375324425906,0.3868624675574093
2317,11565.0,0.0,0.5889587058392932,0.4110412941607069
2318,11567.0,1.0,0.4595622683296603,0.5404377316703397
2319,11569.0,1.0,0.3710665391589671,0.628933460841033
2320,11574.0,0.0,0.5050494584133153,0.4949505415866847
2321,11582.0,1.0,0.46275976645996614,0.5372402335400338
2322,11583.0,0.0,0.6768403946719692,0.3231596053280307
2323,11588.0,1.0,0.35069326476337126,0.6493067352366287
2324,11589.0,1.0,0.4837692891016174,0.5162307108983827
2325,11602.0,1.0,0.4096634746936661,0.590336525306334
2326,11605.0,1.0,0.3994279777043407,0.6005720222956593
2327,11608.0,0.0,0.5643394538333917,0.4356605461666084
2328,11611.0,1.0,0.496822369972802,0.5031776300271981
2329,11615.0,1.0,0.4043628933603171,0.5956371066396831
2330,11616.0,0.0,0.5867212938383057,0.4132787061616943
2331,11627.0,0.0,0.5645465572753632,0.43545344272463665
2332,11632.0,1.0,0.45148718967050605,0.5485128103294941
2333,11639.0,0.0,0.6140820791580068,0.38591792084199306
2334,11640.0,1.0,0.4753332580561442,0.524666741943856
2335,11642.0,1.0,0.4954765377410425,0.5045234622589575
2336,11643.0,1.0,0.47831553866294224,0.5216844613370576
2337,11644.0,1.0,0.46676627255845715,0.5332337274415431
2338,11646.0,0.0,0.6391511170317464,0.36084888296825357
2339,11649.0,1.0,0.4614366374777857,0.5385633625222144
2340,11650.0,1.0,0.022261314791875857,0.977738685208124
2341,11655.0,1.0,0.3961128577754802,0.60388714222452
2342,11657.0,1.0,0.41877542884304775,0.5812245711569523
2343,11660.0,1.0,0.4946922125851081,0.5053077874148919
2344,11665.0,0.0,0.6284885710585992,0.37151142894140077
2345,11668.0,0.0,0.5561496687447545,0.44385033125524553
2346,11681.0,1.0,0.4514050498469841,0.548594950153016
2347,11685.0,1.0,0.03563192080424521,0.9643680791957547
2348,11690.0,0.0,0.6675317905866274,0.33246820941337235
2349,11695.0,1.0,0.36630236844928055,0.6336976315507197
2350,11699.0,1.0,0.44262952862543176,0.5573704713745683
2351,11706.0,1.0,0.4820769268585823,0.5179230731414178
2352,11707.0,1.0,0.37392688158312987,0.6260731184168705
2353,11709.0,0.0,0.6670828692675517,0.3329171307324483
2354,11721.0,0.0,0.5239808231103513,0.4760191768896486
2355,11731.0,1.0,0.44805999661883456,0.5519400033811652
2356,11736.0,1.0,0.47528649639230314,0.5247135036076968
2357,11738.0,0.0,0.5208665761148704,0.47913342388512953
2358,11747.0,1.0,0.45021223631635915,0.5497877636836408
2359,11749.0,1.0,0.45963404070852654,0.5403659592914735
2360,11755.0,1.0,0.41985151483656585,0.5801484851634341
2361,11758.0,1.0,0.49803190206584724,0.5019680979341528
2362,11761.0,0.0,0.5372054811820728,0.4627945188179272
2363,11786.0,1.0,0.050692560423096104,0.9493074395769038
2364,11788.0,1.0,0.4335039505523309,0.5664960494476692
2365,11790.0,1.0,0.4015992245138253,0.5984007754861748
2366,11793.0,1.0,0.44997246519786926,0.5500275348021307
2367,11802.0,0.0,0.5172227643602034,0.48277723563979663
2368,11803.0,0.0,0.5182024994060834,0.48179750059391657
2369,11818.0,1.0,0.38300503381553275,0.6169949661844673
2370,11820.0,1.0,0.05497649131167782,0.9450235086883224
2371,11822.0,0.0,0.508312895370451,0.4916871046295489
2372,11831.0,0.0,0.5138171067750548,0.4861828932249452
2373,11832.0,1.0,0.4565339676455375,0.5434660323544623
2374,11839.0,1.0,0.36665403445825745,0.6333459655417426
2375,11841.0,0.0,0.6242657774605,0.37573422253949984
2376,11854.0,1.0,0.41774429825723586,0.5822557017427643
2377,11857.0,1.0,0.43265653983288926,0.5673434601671107
2378,11858.0,1.0,0.4565465470148709,0.5434534529851291
2379,11871.0,0.0,0.7040443492481245,0.29595565075187547
2380,11878.0,0.0,0.561931594514962,0.43806840548503784
2381,11881.0,1.0,0.41210835189398687,0.587891648106013
2382,11886.0,0.0,0.5024647659875644,0.49753523401243555
2383,11894.0,1.0,0.367707953886187,0.6322920461138133
2384,11897.0,1.0,0.027061875610369338,0.9729381243896307
2385,11898.0,1.0,0.012318567714685051,0.987681432285315
2386,11903.0,1.0,0.42935660944549836,0.5706433905545016
2387,11905.0,0.0,0.5600830490486839,0.4399169509513161
2388,11907.0,0.0,0.5875638056960777,0.4124361943039224
2389,11915.0,0.0,0.6655027587973489,0.3344972412026512
2390,11916.0,0.0,0.5465750078231261,0.45342499217687404
2391,11925.0,0.0,0.5287637658813992,0.4712362341186009
2392,11926.0,0.0,0.5054067512760863,0.4945932487239137
2393,11927.0,1.0,0.3820262701271864,0.6179737298728141
2394,11931.0,0.0,0.5409934340277257,0.4590065659722741
2395,11937.0,0.0,0.5381817597987557,0.46181824020124407
2396,11944.0,1.0,0.48877770808335536,0.5112222919166447
2397,11947.0,1.0,0.4105739716258946,0.5894260283741055
2398,11953.0,0.0,0.6320089407467517,0.36799105925324815
2399,11962.0,1.0,0.43968679942796834,0.5603132005720315
2400,11965.0,1.0,0.4643352093677542,0.5356647906322458
2401,11967.0,0.0,0.5023456530192919,0.49765434698070804
2402,11982.0,1.0,0.4319948615711147,0.5680051384288852
2403,11983.0,1.0,0.39411641813663145,0.6058835818633687
2404,11990.0,1.0,0.4844128374810608,0.5155871625189392
2405,11993.0,1.0,0.492141058764825,0.507858941235175
2406,12000.0,0.0,0.5426071906215174,0.4573928093784825
2407,12001.0,1.0,0.3887998478098909,0.6112001521901094
2408,12014.0,1.0,0.38486347159473633,0.6151365284052638
2409,12018.0,1.0,0.4755807044792047,0.5244192955207952
2410,12026.0,1.0,0.36051832040768206,0.639481679592318
2411,12027.0,1.0,0.38595191464050704,0.6140480853594933
2412,12028.0,1.0,0.4924380051639781,0.5075619948360219
2413,12037.0,1.0,0.4415628173372583,0.5584371826627419
2414,12039.0,1.0,0.4377380119548554,0.5622619880451447
2415,12044.0,0.0,0.5369786475144477,0.4630213524855521
2416,12056.0,1.0,0.4939526484709729,0.5060473515290271
2417,12058.0,1.0,0.4964320759723112,0.5035679240276888
2418,12066.0,0.0,0.5695811314581813,0.43041886854181854
2419,12075.0,0.0,0.5177062889990214,0.48229371100097856
2420,12076.0,1.0,0.06877732207962903,0.931222677920371
2421,12079.0,0.0,0.5178601727840616,0.48213982721593834
2422,12081.0,1.0,0.4685766262705606,0.5314233737294394
2423,12083.0,0.0,0.6262102917443471,0.37378970825565305
2424,12093.0,1.0,0.4913848857620123,0.5086151142379878
2425,12094.0,0.0,0.5399439355967561,0.4600560644032437
2426,12095.0,0.0,0.5276631809341114,0.47233681906588865
2427,12100.0,1.0,0.43461019789733923,0.5653898021026607
2428,12111.0,1.0,0.44341605859469474,0.5565839414053052
2429,12118.0,1.0,0.45650972618170327,0.5434902738182967
2430,12120.0,1.0,0.3769148167887947,0.6230851832112055
2431,12121.0,1.0,0.47660752241466264,0.5233924775853375
2432,12125.0,1.0,0.37532495538605637,0.6246750446139437
2433,12128.0,0.0,0.504728351150772,0.49527164884922814
2434,12130.0,0.0,0.5079275057576245,0.4920724942423756
2435,12136.0,0.0,0.5491669573308161,0.4508330426691839
2436,12138.0,0.0,0.505124247578641,0.4948757524213589
2437,12141.0,1.0,0.4167326341564282,0.5832673658435718
2438,12143.0,1.0,0.39095966038089,0.6090403396191103
2439,12144.0,1.0,0.40411619864468945,0.5958838013553107
2440,12146.0,1.0,0.04237286432278596,0.9576271356772139
2441,12155.0,0.0,0.6266711860545295,0.3733288139454702
2442,12156.0,0.0,0.5627887378784303,0.4372112621215695
2443,12157.0,1.0,0.06953146643973475,0.9304685335602652
2444,12167.0,1.0,0.4723321477109821,0.5276678522890179
2445,12169.0,0.0,0.5787264039273728,0.42127359607262704
2446,12170.0,1.0,0.40913352146532034,0.5908664785346796
2447,12185.0,1.0,0.3810558771610133,0.6189441228389869
2448,12191.0,0.0,0.501551049810253,0.49844895018974705
2449,12192.0,1.0,0.485066875593069,0.5149331244069311
2450,12193.0,0.0,0.5359285729469896,0.46407142705301024
2451,12197.0,1.0,0.49994086180323444,0.5000591381967655
2452,12203.0,0.0,0.5830738210561436,0.41692617894385636
2453,12211.0,1.0,0.39734289526430183,0.6026571047356982
2454,12212.0,0.0,0.591552991461042,0.408447008538958
2455,12213.0,0.0,0.5585016870942006,0.44149831290579944
2456,12224.0,1.0,0.034468456191773925,0.965531543808226
2457,12231.0,0.0,0.5368208803725872,0.4631791196274127
2458,12232.0,1.0,0.41713597900890526,0.5828640209910949
2459,12235.0,1.0,0.3920781514856469,0.607921848514353
2460,12239.0,1.0,0.3805100220214627,0.6194899779785374
2461,12244.0,0.0,0.5058430708963243,0.4941569291036757
2462,12245.0,0.0,0.5038941339422407,0.49610586605775936
2463,12247.0,0.0,0.5385713771796476,0.4614286228203524
2464,12252.0,1.0,0.42709594684235197,0.572904053157648
2465,12255.0,0.0,0.6395682554525299,0.3604317445474699
2466,12256.0,0.0,0.6038187003768145,0.39618129962318527
2467,12259.0,1.0,0.029357879402977242,0.9706421205970227
2468,12263.0,1.0,0.45145836861600813,0.5485416313839919
2469,12275.0,1.0,0.45996194398341284,0.5400380560165872
2470,12277.0,0.0,0.5080718223218043,0.49192817767819574
2471,12283.0,0.0,0.6887239031103124,0.3112760968896878
2472,12284.0,1.0,0.49125372886100505,0.5087462711389951
2473,12295.0,1.0,0.08788566403614212,0.9121143359638579
2474,12296.0,1.0,0.4066942675483798,0.5933057324516202
2475,12298.0,0.0,0.5033574001755637,0.4966425998244363
2476,12302.0,0.0,0.6716155695818853,0.3283844304181149
2477,12307.0,1.0,0.42865696822005467,0.5713430317799454
2478,12314.0,1.0,0.4434423882128232,0.5565576117871769
2479,12319.0,0.0,0.5303225702285554,0.46967742977144444
2480,12322.0,0.0,0.5531271394906208,0.4468728605093793
2481,12327.0,0.0,0.5084815703399006,0.4915184296600993
2482,12331.0,1.0,0.44950929715625426,0.5504907028437458
2483,12335.0,1.0,0.024900646032465588,0.9750993539675347
2484,12340.0,0.0,0.5654699532719825,0.43453004672801754
2485,12356.0,1.0,0.4745431733509278,0.5254568266490721
2486,12365.0,0.0,0.5137057968897547,0.4862942031102453
2487,12370.0,1.0,0.4794691805753821,0.5205308194246179
2488,12372.0,1.0,0.04147312322892477,0.9585268767710753
2489,12378.0,1.0,0.4118013843717443,0.5881986156282559
2490,12380.0,1.0,0.3797342791570263,0.620265720842974
2491,12385.0,0.0,0.6073144363323754,0.3926855636676247
2492,12387.0,0.0,0.5035866223925289,0.49641337760747106
2493,12393.0,1.0,0.015332761228830878,0.984667238771169
2494,12397.0,1.0,0.42559114682557975,0.5744088531744203
2495,12402.0,1.0,0.4057830816542043,0.5942169183457956
2496,12407.0,1.0,0.4373802870217451,0.562619712978255
2497,12418.0,1.0,0.41503139120603083,0.584968608793969
2498,12427.0,1.0,0.3854287199092262,0.6145712800907739
2499,12428.0,0.0,0.5148262954490904,0.48517370455090947
2500,12430.0,1.0,0.35845803168368207,0.6415419683163183
2501,12431.0,1.0,0.3672536441002569,0.6327463558997433
2502,12432.0,0.0,0.5089580769798077,0.49104192302019234
2503,12433.0,1.0,0.39913822946612987,0.6008617705338704
2504,12438.0,1.0,0.3813180156127612,0.618681984387239
2505,12449.0,0.0,0.5132619369962071,0.48673806300379285
2506,12453.0,0.0,0.5242762410788326,0.47572375892116725
2507,12454.0,0.0,0.661256303147011,0.3387436968529889
2508,12477.0,0.0,0.5108142629185474,0.4891857370814528
2509,12482.0,1.0,0.49706666333303046,0.5029333366669696
2510,12483.0,0.0,0.5562171715290735,0.4437828284709265
2511,12484.0,1.0,0.4397801639587842,0.5602198360412157
2512,12487.0,1.0,0.42471836648322,0.5752816335167803
2513,12489.0,0.0,0.5105440387916371,0.48945596120836293
2514,12492.0,1.0,0.4643037821910724,0.5356962178089276
2515,12501.0,1.0,0.4763321384956718,0.5236678615043282
2516,12505.0,0.0,0.5665021467399738,0.43349785326002616
2517,12510.0,1.0,0.43407308586511184,0.5659269141348882
2518,12512.0,1.0,0.45952107412284243,0.5404789258771575
2519,12513.0,1.0,0.04893509228596133,0.9510649077140387
2520,12520.0,0.0,0.5885716660068404,0.41142833399315953
2521,12522.0,0.0,0.6079071819993385,0.39209281800066154
2522,12527.0,0.0,0.5198033636088276,0.4801966363911723
2523,12534.0,1.0,0.45964858250534235,0.5403514174946576
2524,12537.0,1.0,0.43966998200273055,0.5603300179972694
2525,12539.0,0.0,0.6345298459341321,0.3654701540658681
2526,12544.0,1.0,0.46256687277493763,0.5374331272250622
2527,12548.0,1.0,0.4906733349329053,0.5093266650670946
2528,12551.0,0.0,0.6889953025340803,0.31100469746591974
2529,12557.0,1.0,0.40937256520508164,0.5906274347949184
2530,12568.0,1.0,0.05172913348776495,0.9482708665122351
2531,12570.0,0.0,0.5088988004133935,0.4911011995866064
2532,12575.0,1.0,0.4765377856884443,0.5234622143115557
2533,12589.0,0.0,0.5639862375719322,0.43601376242806755
2534,12592.0,0.0,0.5575792248527889,0.4424207751472112
2535,12598.0,1.0,0.42602626992260584,0.5739737300773943
2536,12601.0,1.0,0.40292398266802126,0.5970760173319788
2537,12610.0,1.0,0.04524715419236316,0.9547528458076369
2538,12611.0,0.0,0.5244603169623975,0.4755396830376024
2539,12613.0,0.0,0.66425782844596,0.33574217155404007
2540,12624.0,1.0,0.4862053815780966,0.5137946184219035
2541,12642.0,0.0,0.5218730610903051,0.47812693890969493
2542,12650.0,1.0,0.4355588781611536,0.5644411218388466
2543,12652.0,1.0,0.4954690933771901,0.50453090662281
2544,12653.0,0.0,0.6128261706452395,0.3871738293547607
2545,12654.0,1.0,0.3836761543318158,0.6163238456681844
2546,12663.0,1.0,0.47186156365546694,0.5281384363445332
2547,12664.0,1.0,0.4912232968615103,0.5087767031384895
2548,12667.0,1.0,0.49013704573510597,0.509862954264894
2549,12671.0,1.0,0.029816476438449174,0.970183523561551
2550,12672.0,1.0,0.42110226990119703,0.5788977300988027
2551,12682.0,1.0,0.487170592545861,0.5128294074541391
2552,12688.0,1.0,0.39949230958076454,0.6005076904192355
2553,12689.0,0.0,0.5008540943216714,0.4991459056783285
2554,12690.0,0.0,0.6007379828143171,0.3992620171856829
2555,12691.0,0.0,0.5950631866178887,0.4049368133821112
2556,12692.0,1.0,0.4463352089244221,0.5536647910755778
2557,12705.0,0.0,0.5402813738707445,0.45971862612925535
2558,12711.0,0.0,0.5112471273164558,0.4887528726835441
2559,12720.0,1.0,0.4582354461977349,0.5417645538022652
2560,12730.0,0.0,0.5786411493996514,0.4213588506003486
2561,12735.0,1.0,0.4698446181966524,0.5301553818033475
2562,12741.0,0.0,0.6304618249121261,0.3695381750878739
2563,12749.0,1.0,0.3883438667988649,0.6116561332011353
2564,12751.0,0.0,0.50551658581252,0.49448341418748
2565,12755.0,0.0,0.5320167399946074,0.46798326000539275
2566,12756.0,0.0,0.5133271404880356,0.48667285951196443
2567,12765.0,1.0,0.46891635265276327,0.5310836473472368
2568,12767.0,0.0,0.6708875110085765,0.32911248899142337
2569,12772.0,0.0,0.5005103910739769,0.499489608926023
2570,12775.0,1.0,0.4254588228735187,0.5745411771264811
2571,12788.0,0.0,0.5286313804497668,0.4713686195502333
2572,12789.0,0.0,0.559846750928318,0.440153249071682
2573,12801.0,1.0,0.3749379830710369,0.6250620169289632
2574,12808.0,1.0,0.4449581573840687,0.5550418426159313
2575,12811.0,0.0,0.5317054599911609,0.46829454000883886
2576,12818.0,1.0,0.38477336199783807,0.615226638002162
2577,12820.0,1.0,0.4827531791703864,0.5172468208296136
2578,12823.0,1.0,0.0664070977546564,0.9335929022453435
2579,12824.0,0.0,0.6234394294890937,0.37656057051090613
2580,12830.0,1.0,0.41561529084189125,0.5843847091581089
2581,12833.0,1.0,0.4487664534459446,0.5512335465540552
2582,12834.0,0.0,0.5695864325458618,0.4304135674541382
2583,12843.0,0.0,0.5910051491090733,0.4089948508909268
2584,12847.0,1.0,0.46139640253256836,0.5386035974674316
2585,12848.0,1.0,0.026920357378726497,0.9730796426212736
2586,12850.0,0.0,0.5803698248144236,0.4196301751855765
2587,12861.0,1.0,0.3768761536848171,0.623123846315183
2588,12863.0,1.0,0.42746389349219627,0.5725361065078038
2589,12866.0,1.0,0.46638512031192664,0.5336148796880734
2590,12871.0,0.0,0.5497617685565724,0.4502382314434275
2591,12872.0,1.0,0.499686524306577,0.500313475693423
2592,12880.0,0.0,0.5269261421938553,0.4730738578061446
2593,12881.0,0.0,0.6276289536408259,0.3723710463591739
2594,12887.0,1.0,0.4128357385041067,0.5871642614958933
2595,12888.0,1.0,0.48164665307692595,0.5183533469230741
2596,12891.0,1.0,0.4544307037761751,0.545569296223825
2597,12896.0,0.0,0.5055209306985539,0.49447906930144614
2598,12898.0,0.0,0.5776205875003027,0.422379412499697
2599,12899.0,0.0,0.5638583059771722,0.4361416940228278
2600,12909.0,1.0,0.4178408584552876,0.5821591415447123
2601,12911.0,0.0,0.5160395779511553,0.48396042204884465
2602,12920.0,1.0,0.476024357445978,0.5239756425540221
2603,12925.0,0.0,0.5740707477214844,0.42592925227851586
2604,12926.0,1.0,0.3886158446834269,0.6113841553165735
2605,12927.0,1.0,0.42967417265987223,0.5703258273401278
2606,12928.0,0.0,0.5571383254237634,0.4428616745762366
2607,12934.0,1.0,0.3914087405867103,0.6085912594132901
2608,12935.0,0.0,0.5657320600567628,0.43426793994323726
2609,12944.0,1.0,0.39430106788474406,0.605698932115256
2610,12952.0,1.0,0.499760468724858,0.5002395312751419
2611,12965.0,1.0,0.4607947117127625,0.5392052882872377
2612,12974.0,0.0,0.6016262522585683,0.3983737477414318
2613,12977.0,1.0,0.45403535072632273,0.5459646492736773
2614,12981.0,1.0,0.4385255619208042,0.5614744380791957
2615,12982.0,1.0,0.46293525920752665,0.5370647407924732
2616,12991.0,0.0,0.5531437395339759,0.446856260466024
2617,12995.0,0.0,0.5683390426540265,0.4316609573459735
2618,12996.0,1.0,0.499141490524347,0.500858509475653
2619,12999.0,1.0,0.44934667322177446,0.5506533267782256
2620,13006.0,1.0,0.4901951529476331,0.5098048470523667
2621,13008.0,0.0,0.5431170798022318,0.45688292019776805
2622,13023.0,0.0,0.6351232335795133,0.3648767664204865
2623,13025.0,1.0,0.3940851908396656,0.6059148091603346
2624,13029.0,1.0,0.38949092823633785,0.6105090717636622
2625,13031.0,1.0,0.4427003909947937,0.5572996090052063
2626,13036.0,1.0,0.3608220460640553,0.6391779539359451
2627,13044.0,1.0,0.4956904798027468,0.5043095201972533
2628,13046.0,1.0,0.39165314116702865,0.6083468588329716
2629,13049.0,0.0,0.6791926321829445,0.32080736781705566
2630,13050.0,0.0,0.5672086517268515,0.43279134827314825
2631,13057.0,1.0,0.032493715142873136,0.9675062848571269
2632,13058.0,0.0,0.5382495781151136,0.4617504218848862
2633,13074.0,0.0,0.6569757608458927,0.34302423915410707
2634,13075.0,1.0,0.39465214449085195,0.6053478555091483
2635,13078.0,0.0,0.5445197035043899,0.45548029649560995
2636,13085.0,1.0,0.42449980832405965,0.5755001916759404
2637,13087.0,1.0,0.4628275726570241,0.5371724273429759
2638,13091.0,1.0,0.377272150044665,0.6227278499553353
2639,13096.0,0.0,0.5648619773281903,0.4351380226718094
2640,13113.0,1.0,0.05650170115705199,0.9434982988429479
2641,13126.0,1.0,0.46316480723741826,0.5368351927625816
2642,13129.0,0.0,0.5204242951885668,0.4795757048114332
2643,13135.0,1.0,0.3718731362700087,0.6281268637299914
2644,13137.0,0.0,0.5020078945585645,0.49799210544143535
2645,13139.0,0.0,0.6637286807641758,0.3362713192358242
2646,13144.0,0.0,0.6000142617190276,0.39998573828097217
2647,13146.0,0.0,0.5475931490186925,0.4524068509813076
2648,13160.0,1.0,0.4032950783891174,0.5967049216108827
2649,13172.0,0.0,0.6259885129131882,0.37401148708681187
2650,13175.0,0.0,0.5228938396961433,0.4771061603038566
2651,13177.0,1.0,0.3976646632811135,0.6023353367188865
2652,13179.0,1.0,0.4081574054616693,0.5918425945383308
2653,13181.0,0.0,0.5852811346514245,0.4147188653485756
2654,13185.0,0.0,0.5514805915510127,0.4485194084489872
2655,13188.0,1.0,0.49035049425151483,0.5096495057484852
2656,13195.0,1.0,0.4799931532618475,0.5200068467381526
2657,13196.0,0.0,0.541446003512064,0.45855399648793577
2658,13197.0,1.0,0.43257730515168363,0.5674226948483164
2659,13199.0,1.0,0.43134807904066896,0.5686519209593313
2660,13201.0,1.0,0.4430150502656262,0.556984949734374
2661,13202.0,1.0,0.38306884463931823,0.6169311553606819
2662,13203.0,1.0,0.38669765031758596,0.6133023496824141
2663,13205.0,0.0,0.5132573366284796,0.4867426633715203
2664,13208.0,1.0,0.4167677870292073,0.5832322129707926
2665,13210.0,1.0,0.45371052139945667,0.5462894786005432
2666,13211.0,1.0,0.39896984308320244,0.6010301569167976
2667,13216.0,1.0,0.40346892835023335,0.5965310716497669
2668,13221.0,1.0,0.48163978688292347,0.5183602131170766
2669,13224.0,0.0,0.5220091796740084,0.47799082032599144
2670,13250.0,1.0,0.4731256138017271,0.5268743861982731
2671,13257.0,1.0,0.4287293039668527,0.5712706960331474
2672,13269.0,1.0,0.42169051463396245,0.5783094853660375
2673,13280.0,1.0,0.4593831109473118,0.5406168890526881
2674,13282.0,1.0,0.3783284008125139,0.6216715991874862
2675,13285.0,1.0,0.42247529970228326,0.5775247002977169
2676,13293.0,1.0,0.4166860912188756,0.5833139087811245
2677,13295.0,0.0,0.5590111152916104,0.44098888470838943
2678,13297.0,0.0,0.549805785177594,0.450194214822406
2679,13302.0,1.0,0.36138319762891286,0.6386168023710872
2680,13306.0,1.0,0.3571581433128339,0.6428418566871662
2681,13307.0,1.0,0.48894141988767365,0.5110585801123264
2682,13315.0,1.0,0.4908505271370913,0.5091494728629087
2683,13322.0,1.0,0.45509685634186225,0.5449031436581379
2684,13324.0,1.0,0.39686240240317383,0.6031375975968263
2685,13325.0,0.0,0.5030022987682358,0.4969977012317641
2686,13327.0,1.0,0.4804003307156563,0.5195996692843436
2687,13330.0,1.0,0.06933109171240363,0.9306689082875965
2688,13331.0,1.0,0.37501119928874366,0.6249888007112566
2689,13333.0,0.0,0.52107274332568,0.4789272566743199
2690,13334.0,1.0,0.3788784548469261,0.621121545153074
2691,13344.0,1.0,0.41859449512440966,0.5814055048755904
2692,13345.0,1.0,0.4591307931645289,0.540869206835471
2693,13358.0,0.0,0.5996260352077214,0.4003739647922788
2694,13359.0,1.0,0.425903293743856,0.5740967062561441
2695,13369.0,1.0,0.42570579003626136,0.5742942099637386
2696,13371.0,1.0,0.02638447385767087,0.9736155261423289
2697,13375.0,0.0,0.5069138341577852,0.49308616584221476
2698,13383.0,0.0,0.5045729050426622,0.49542709495733794
2699,13386.0,0.0,0.584315795700281,0.41568420429971903
2700,13390.0,0.0,0.5813825581548479,0.41861744184515215
2701,13397.0,1.0,0.38583998678332393,0.6141600132166762
2702,13398.0,0.0,0.5537741624462991,0.4462258375537007
2703,13400.0,0.0,0.5384332571807238,0.46156674281927607
2704,13404.0,0.0,0.5519922751907527,0.4480077248092475
2705,13417.0,0.0,0.696643701025197,0.30335629897480293
2706,13425.0,1.0,0.4824475629821166,0.5175524370178836
2707,13428.0,0.0,0.500331620040466,0.49966837995953406
2708,13432.0,1.0,0.4631534441787014,0.5368465558212986
2709,13434.0,1.0,0.3597714832993335,0.6402285167006666
2710,13435.0,0.0,0.523494894538822,0.4765051054611779
2711,13442.0,0.0,0.5196217023456411,0.48037829765435885
2712,13448.0,1.0,0.42526501241453685,0.5747349875854634
2713,13449.0,0.0,0.6146370270705251,0.38536297292947475
2714,13452.0,1.0,0.04984235838297125,0.9501576416170289
2715,13457.0,0.0,0.6443981794050336,0.3556018205949662
2716,13459.0,0.0,0.5386442915313676,0.4613557084686322
2717,13460.0,1.0,0.44940297610856256,0.5505970238914376
2718,13466.0,0.0,0.5778604623642598,0.42213953763573997
2719,13467.0,1.0,0.4538700001956657,0.5461299998043344
2720,13468.0,1.0,0.4279821177092235,0.5720178822907768
2721,13474.0,1.0,0.3754007626954746,0.6245992373045258
2722,13476.0,0.0,0.5176590075392258,0.4823409924607743
2723,13481.0,0.0,0.5499355994724062,0.45006440052759367
2724,13485.0,1.0,0.4378266024987931,0.562173397501207
2725,13488.0,0.0,0.5444894380105085,0.45551056198949147
2726,13491.0,1.0,0.40076801460674455,0.5992319853932555
2727,13505.0,1.0,0.38838562423383144,0.6116143757661687
2728,13514.0,1.0,0.4774772700949535,0.5225227299050464
2729,13520.0,1.0,0.49559721528900336,0.5044027847109966
2730,13523.0,0.0,0.5319109142296108,0.46808908577038916
2731,13540.0,0.0,0.5450032127120115,0.4549967872879885
2732,13547.0,1.0,0.4056442483673221,0.5943557516326778
2733,13548.0,0.0,0.548432936739851,0.45156706326014884
2734,13549.0,1.0,0.34801787819100455,0.6519821218089957
2735,13557.0,0.0,0.5266559602297559,0.47334403977024403
2736,13574.0,1.0,0.3974861813128051,0.6025138186871949
2737,13583.0,1.0,0.4021030705445133,0.5978969294554869
2738,13589.0,1.0,0.40004304499833543,0.5999569550016646
2739,13593.0,1.0,0.4689094913686324,0.5310905086313675
2740,13599.0,0.0,0.5934975104482882,0.4065024895517117
2741,13600.0,1.0,0.4680896872281536,0.5319103127718465
2742,13611.0,1.0,0.41617002591466457,0.5838299740853357
2743,13618.0,0.0,0.606308716713904,0.39369128328609615
2744,13623.0,0.0,0.5253981413893409,0.47460185861065896
2745,13627.0,0.0,0.5819444958067495,0.4180555041932505
2746,13629.0,1.0,0.4100881348180898,0.5899118651819104
2747,13631.0,0.0,0.5354652062282651,0.46453479377173473
2748,13636.0,0.0,0.5611910709770543,0.4388089290229457
2749,13637.0,0.0,0.6183692423289867,0.38163075767101334
2750,13639.0,0.0,0.5670994985001947,0.43290050149980536
2751,13644.0,1.0,0.39402960139598425,0.6059703986040157
2752,13647.0,1.0,0.37099526274905203,0.6290047372509484
2753,13660.0,0.0,0.6677081994106079,0.33229180058939195
2754,13666.0,1.0,0.4323542341282346,0.5676457658717653
2755,13674.0,0.0,0.6421217744030632,0.3578782255969369
2756,13682.0,1.0,0.45568961978144334,0.5443103802185566
2757,13688.0,0.0,0.52812595840673,0.4718740415932698
2758,13689.0,1.0,0.43412763777156654,0.5658723622284336
2759,13690.0,0.0,0.5685244251800462,0.4314755748199539
2760,13691.0,0.0,0.525814294416702,0.4741857055832979
2761,13696.0,1.0,0.430895152418799,0.5691048475812011
2762,13714.0,0.0,0.5837770924822643,0.4162229075177356
2763,13718.0,0.0,0.576968117381425,0.42303188261857505
2764,13722.0,0.0,0.5114929669591155,0.4885070330408843
2765,13723.0,0.0,0.5090028868652551,0.4909971131347449
2766,13727.0,0.0,0.5845824227973826,0.4154175772026173
2767,13734.0,0.0,0.5452855703622391,0.45471442963776104
2768,13739.0,1.0,0.4129056365771552,0.5870943634228447
2769,13747.0,1.0,0.474582468133769,0.5254175318662307
2770,13762.0,0.0,0.5807720451431275,0.4192279548568725
2771,13769.0,0.0,0.5069678653703035,0.4930321346296966
2772,13770.0,1.0,0.4015197776313159,0.5984802223686843
2773,13798.0,1.0,0.06664286115331819,0.9333571388466818
2774,13806.0,0.0,0.515894513887522,0.48410548611247806
2775,13808.0,0.0,0.5200329469662965,0.47996705303370335
2776,13809.0,0.0,0.5086984574268798,0.4913015425731201
2777,13810.0,1.0,0.4710636514297588,0.5289363485702412
2778,13817.0,1.0,0.08096705418865013,0.9190329458113498
2779,13831.0,1.0,0.3678078942984214,0.6321921057015786
2780,13833.0,1.0,0.444300362172098,0.5556996378279018
2781,13837.0,1.0,0.39921969971024923,0.6007803002897509
2782,13838.0,0.0,0.569880775464719,0.43011922453528095
2783,13843.0,1.0,0.4343230318638402,0.5656769681361599
2784,13851.0,1.0,0.49998683463826155,0.5000131653617385
2785,13860.0,1.0,0.401429125841841,0.5985708741581592
2786,13862.0,1.0,0.3953836500491947,0.6046163499508055
2787,13863.0,1.0,0.3702215958612162,0.6297784041387839
2788,13865.0,1.0,0.4301858232603121,0.5698141767396879
2789,13867.0,1.0,0.4822628700705913,0.5177371299294088
2790,13884.0,0.0,0.5460858379861145,0.45391416201388535
2791,13889.0,0.0,0.5498785942063916,0.4501214057936085
2792,13893.0,0.0,0.553208325253824,0.446791674746176
2793,13898.0,1.0,0.0384540678308735,0.9615459321691264
2794,13899.0,0.0,0.5650908321490483,0.43490916785095146
2795,13901.0,1.0,0.48472412520060815,0.5152758747993919
2796,13903.0,1.0,0.49057892314633383,0.509421076853666
2797,13908.0,1.0,0.4089306970538422,0.5910693029461578
2798,13919.0,0.0,0.6095795980012589,0.390420401998741
2799,13930.0,0.0,0.6273516984987126,0.37264830150128747
2800,13933.0,1.0,0.3980296635102997,0.6019703364897002
2801,13936.0,1.0,0.37125062980236806,0.628749370197632
2802,13939.0,0.0,0.5302973202306082,0.4697026797693917
2803,13946.0,1.0,0.3895259939807243,0.6104740060192758
2804,13948.0,1.0,0.4655747208057212,0.5344252791942786
2805,13954.0,1.0,0.4804973923277729,0.5195026076722272
2806,13955.0,0.0,0.6089505109086228,0.39104948909137716
2807,13957.0,1.0,0.4228751279033562,0.5771248720966436
2808,13959.0,0.0,0.5117599343108765,0.48824006568912337
2809,13983.0,0.0,0.522832922440045,0.477167077559955
2810,13999.0,1.0,0.4648841651676808,0.5351158348323192
2811,14002.0,0.0,0.6482996166481775,0.35170038335182274
2812,14003.0,1.0,0.39516718308675647,0.6048328169132436
2813,14010.0,1.0,0.3446497194419312,0.6553502805580691
2814,14013.0,0.0,0.6022520149771043,0.3977479850228957
2815,14015.0,0.0,0.5516498236588695,0.4483501763411305
2816,14018.0,1.0,0.49697823714828715,0.5030217628517127
2817,14022.0,0.0,0.5633612316091636,0.4366387683908364
2818,14024.0,0.0,0.5533791411946615,0.4466208588053385
2819,14025.0,1.0,0.014396839267020223,0.9856031607329798
2820,14031.0,0.0,0.5809812406796505,0.41901875932034954
2821,14032.0,1.0,0.031807345228810284,0.9681926547711898
2822,14033.0,1.0,0.37114479914839266,0.6288552008516074
2823,14037.0,1.0,0.051072580473827955,0.948927419526172
2824,14044.0,0.0,0.568343865087643,0.4316561349123568
2825,14045.0,0.0,0.5787674699843464,0.4212325300156535
2826,14048.0,1.0,0.36239867777938994,0.6376013222206103
2827,14058.0,0.0,0.5280153553286507,0.4719846446713492
2828,14060.0,0.0,0.5620804316443669,0.43791956835563295
2829,14061.0,0.0,0.6333724898467127,0.3666275101532871
2830,14067.0,0.0,0.6077796933122602,0.39222030668773955
2831,14068.0,1.0,0.45869266715334844,0.5413073328466518
2832,14073.0,1.0,0.3959694807068734,0.6040305192931269
2833,14084.0,1.0,0.3889276446778605,0.6110723553221398
2834,14090.0,0.0,0.5119258732491402,0.48807412675085987
2835,14093.0,1.0,0.024911698940152327,0.9750883010598476
2836,14095.0,0.0,0.5209965616519426,0.47900343834805736
2837,14100.0,1.0,0.40989613070003683,0.5901038692999631
2838,14107.0,1.0,0.4362668419985639,0.563733158001436
2839,14108.0,1.0,0.4690081352270432,0.5309918647729567
2840,14114.0,1.0,0.4330648347715958,0.5669351652284041
2841,14117.0,0.0,0.523794648807994,0.4762053511920059
2842,14118.0,1.0,0.42682373016301056,0.5731762698369895
2843,14132.0,0.0,0.5178731845514669,0.48212681544853303
2844,14133.0,0.0,0.5527136777453356,0.4472863222546642
2845,14137.0,0.0,0.5066207510994416,0.49337924890055845
2846,14144.0,1.0,0.4402533066132721,0.5597466933867281
2847,14147.0,0.0,0.653764523654456,0.34623547634554414
2848,14148.0,0.0,0.5791382359703904,0.42086176402960956
2849,14155.0,0.0,0.5973830215886063,0.40261697841139366
2850,14156.0,1.0,0.3913641949893076,0.6086358050106926
2851,14161.0,0.0,0.5213835967587066,0.47861640324129334
2852,14164.0,1.0,0.45707923679509355,0.5429207632049065
2853,14176.0,1.0,0.3970699089588245,0.6029300910411756
2854,14177.0,1.0,0.4948982134124232,0.5051017865875767
2855,14183.0,0.0,0.5034851038773411,0.49651489612265876
2856,14184.0,0.0,0.5625132168603223,0.43748678313967754
2857,14187.0,0.0,0.5182135594296975,0.4817864405703024
2858,14191.0,0.0,0.6081456764389206,0.39185432356107947
2859,14195.0,1.0,0.48358757168208494,0.516412428317915
2860,14201.0,0.0,0.5116699857200016,0.4883300142799984
2861,14204.0,1.0,0.47981859834570356,0.5201814016542964
2862,14214.0,1.0,0.42350129764423,0.5764987023557699
2863,14216.0,1.0,0.461233684171451,0.538766315828549
2864,14225.0,0.0,0.5342534379677519,0.46574656203224785
2865,14226.0,1.0,0.40558825009013433,0.5944117499098656
2866,14235.0,1.0,0.47030052439038345,0.5296994756096168
2867,14244.0,1.0,0.47812787804387274,0.5218721219561273
2868,14246.0,1.0,0.4093606039505559,0.5906393960494439
2869,14259.0,1.0,0.4022482860982494,0.5977517139017509
2870,14262.0,1.0,0.0742892188750329,0.9257107811249672
2871,14281.0,0.0,0.5759494454723959,0.42405055452760415
2872,14282.0,1.0,0.35277698766082394,0.6472230123391763
2873,14287.0,0.0,0.5737208415736746,0.4262791584263253
2874,14291.0,1.0,0.37381904182237163,0.6261809581776288
2875,14293.0,1.0,0.3751394876175745,0.6248605123824257
2876,14294.0,1.0,0.45371843889207114,0.5462815611079289
2877,14307.0,1.0,0.38502433861749247,0.6149756613825077
2878,14312.0,1.0,0.45991877931538616,0.540081220684614
2879,14317.0,1.0,0.4137644854014117,0.5862355145985884
2880,14322.0,0.0,0.6804160155019318,0.31958398449806796
2881,14326.0,1.0,0.41158910241669155,0.5884108975833084
2882,14341.0,0.0,0.5224944015915933,0.4775055984084065
2883,14344.0,1.0,0.49534125043838584,0.504658749561614
2884,14352.0,1.0,0.4573867137129685,0.5426132862870315
2885,14357.0,0.0,0.5444843596747347,0.45551564032526537
2886,14358.0,0.0,0.584076226322604,0.41592377367739586
2887,14365.0,0.0,0.6539163529175647,0.3460836470824353
2888,14368.0,1.0,0.4761982633769795,0.5238017366230205
2889,14369.0,0.0,0.6793728238833359,0.3206271761166643
2890,14377.0,0.0,0.5304914905207557,0.46950850947924416
2891,14385.0,1.0,0.3883747573152607,0.6116252426847394
2892,14390.0,1.0,0.4261719259673641,0.5738280740326358
2893,14401.0,1.0,0.4674032490997517,0.5325967509002483
2894,14403.0,0.0,0.5426036863395239,0.4573963136604761
2895,14405.0,1.0,0.41793520312232585,0.5820647968776743
2896,14409.0,0.0,0.568947776385901,0.431052223614099
2897,14420.0,1.0,0.4794634044091001,0.5205365955908998
2898,14422.0,1.0,0.46990091240724174,0.5300990875927581
2899,14424.0,1.0,0.4536119212547502,0.5463880787452498
2900,14425.0,0.0,0.6299109638147585,0.3700890361852416
2901,14432.0,1.0,0.37695220018228376,0.6230477998177164
2902,14436.0,0.0,0.6250770854667342,0.37492291453326565
2903,14441.0,1.0,0.3926657195236954,0.6073342804763047
2904,14449.0,0.0,0.5609690608618529,0.43903093913814684
2905,14452.0,0.0,0.5154233407242073,0.4845766592757925
2906,14453.0,1.0,0.47867880634895066,0.5213211936510493
2907,14455.0,1.0,0.4312056024362347,0.5687943975637654
2908,14457.0,1.0,0.05119868902172428,0.948801310978276
2909,14462.0,1.0,0.4336355148825392,0.5663644851174607
2910,14477.0,1.0,0.4657849514974552,0.5342150485025449
2911,14478.0,1.0,0.38435869536856193,0.6156413046314383
2912,14486.0,1.0,0.39431444644760555,0.6056855535523947
2913,14492.0,0.0,0.520544260594197,0.4794557394058028
2914,14497.0,1.0,0.4417435524272865,0.5582564475727136
2915,14504.0,1.0,0.4457607512037685,0.5542392487962318
2916,14509.0,1.0,0.3914214206479258,0.6085785793520744
2917,14515.0,1.0,0.40095824216272086,0.5990417578372793
2918,14517.0,0.0,0.5459355875613316,0.4540644124386681
2919,14524.0,1.0,0.42527827989853123,0.5747217201014686
2920,14525.0,1.0,0.4238017336833608,0.5761982663166393
2921,14529.0,0.0,0.5529339963101827,0.44706600368981725
2922,14530.0,1.0,0.4639704746984117,0.5360295253015883
2923,14537.0,1.0,0.48549170209675063,0.5145082979032494
2924,14538.0,0.0,0.5296150446012597,0.47038495539874015
2925,14546.0,0.0,0.5236494717633783,0.47635052823662166
2926,14548.0,1.0,0.40506632732890774,0.5949336726710922
2927,14554.0,0.0,0.5113516706255059,0.48864832937449415
2928,14557.0,1.0,0.47709240005208947,0.5229075999479104
2929,14558.0,0.0,0.5452056601954014,0.4547943398045986
2930,14561.0,0.0,0.6226923882692207,0.3773076117307793
2931,14566.0,1.0,0.38056384950946076,0.6194361504905396
2932,14570.0,0.0,0.5132767271304864,0.48672327286951356
2933,14573.0,0.0,0.5533197107447105,0.44668028925528924
2934,14575.0,1.0,0.47596798844107197,0.524032011558928
2935,14582.0,0.0,0.6569164740834892,0.3430835259165109
2936,14584.0,1.0,0.056008876734229204,0.9439911232657708
2937,14588.0,1.0,0.025145782074428354,0.9748542179255716
2938,14590.0,1.0,0.04371988109319002,0.95628011890681
2939,14591.0,1.0,0.4095317154879353,0.5904682845120647
2940,14596.0,0.0,0.5266617576583049,0.47333824234169497
2941,14598.0,1.0,0.42500405692929055,0.5749959430707096
2942,14602.0,0.0,0.603869517429033,0.39613048257096695
2943,14605.0,1.0,0.03504740929653861,0.9649525907034614
2944,14610.0,1.0,0.45546939938958997,0.54453060061041
2945,14613.0,0.0,0.645816314763821,0.354183685236179
2946,14615.0,1.0,0.3949855845677003,0.6050144154322998
2947,14619.0,1.0,0.42478688264230186,0.5752131173576983
2948,14625.0,1.0,0.037100784190970904,0.9628992158090292
2949,14628.0,0.0,0.5165414659628319,0.4834585340371681
2950,14643.0,1.0,0.36375237826304807,0.636247621736952
2951,14646.0,0.0,0.5896432403810015,0.4103567596189987
2952,14658.0,1.0,0.4390261621461206,0.5609738378538794
2953,14659.0,1.0,0.41156707960155864,0.5884329203984414
2954,14663.0,1.0,0.386956992292304,0.6130430077076963
2955,14664.0,0.0,0.5575182006381543,0.44248179936184556
2956,14675.0,1.0,0.4259407276230316,0.5740592723769683
2957,14684.0,0.0,0.5148786234224574,0.4851213765775425
2958,14685.0,0.0,0.5639486610424584,0.4360513389575417
2959,14688.0,0.0,0.6094300339977982,0.3905699660022015
2960,14689.0,1.0,0.41639542368573595,0.5836045763142641
2961,14694.0,1.0,0.4873199041462516,0.5126800958537484
2962,14701.0,0.0,0.6457929837086139,0.3542070162913858
2963,14702.0,1.0,0.39244404988050435,0.6075559501194957
2964,14705.0,0.0,0.5503423165817966,0.44965768341820334
2965,14720.0,1.0,0.3906961415482395,0.6093038584517605
2966,14723.0,1.0,0.44152408727458126,0.5584759127254187
2967,14726.0,1.0,0.4349862611938557,0.5650137388061445
2968,14732.0,1.0,0.0456697197957382,0.9543302802042618
2969,14734.0,0.0,0.5461910089272773,0.45380899107272277
2970,14735.0,0.0,0.6618470594301203,0.3381529405698796
2971,14738.0,0.0,0.5526833079626159,0.44731669203738406
2972,14748.0,1.0,0.007224378593815703,0.9927756214061842
2973,14751.0,1.0,0.39764861177782096,0.602351388222179
2974,14758.0,1.0,0.4883475190021897,0.5116524809978104
2975,14771.0,1.0,0.4602541350730911,0.539745864926909
2976,14785.0,1.0,0.43151443904965747,0.5684855609503425
2977,14801.0,1.0,0.39839058516182135,0.6016094148381785
2978,14807.0,0.0,0.671411454430239,0.32858854556976086
2979,14808.0,1.0,0.4673459853185575,0.5326540146814426
2980,14813.0,1.0,0.4836812042448735,0.5163187957551265
2981,14818.0,0.0,0.6176624006615125,0.38233759933848754
2982,14825.0,0.0,0.58926485499083,0.41073514500916986
2983,14830.0,0.0,0.5304567045815669,0.4695432954184331
2984,14831.0,1.0,0.4963552080055913,0.5036447919944087
2985,14836.0,0.0,0.5795757599179698,0.42042424008202983
2986,14845.0,1.0,0.4971616185657622,0.5028383814342378
2987,14847.0,0.0,0.552168543290776,0.4478314567092239
2988,14848.0,1.0,0.49885508606859197,0.501144913931408
2989,14857.0,0.0,0.5075812595206423,0.49241874047935774
2990,14868.0,1.0,0.48131666849113985,0.5186833315088601
2991,14870.0,1.0,0.41369244254380083,0.5863075574561993
2992,14874.0,1.0,0.39348107107674346,0.6065189289232565
2993,14876.0,0.0,0.5071028717872174,0.4928971282127826
2994,14878.0,0.0,0.5227033440197895,0.4772966559802105
2995,14883.0,1.0,0.49244735158022224,0.5075526484197778
2996,14886.0,1.0,0.39048858709189443,0.6095114129081057
2997,14895.0,0.0,0.5952917304621146,0.4047082695378853
2998,14906.0,1.0,0.039410558774869583,0.9605894412251303
2999,14914.0,0.0,0.500580536004702,0.499419463995298
3000,14918.0,1.0,0.4196747029857849,0.5803252970142152
3001,14919.0,0.0,0.5870364248370759,0.4129635751629241
3002,14921.0,1.0,0.48586987807490606,0.5141301219250939
3003,14922.0,1.0,0.4838194207136798,0.5161805792863201
3004,14923.0,1.0,0.4607352808773965,0.5392647191226034
3005,14927.0,1.0,0.49061348351995654,0.5093865164800435
3006,14931.0,1.0,0.07000481011437007,0.92999518988563
3007,14936.0,1.0,0.41186466721064735,0.5881353327893529
3008,14937.0,1.0,0.40911001296573474,0.5908899870342654
3009,14955.0,1.0,0.45752230113144937,0.5424776988685506
3010,14957.0,0.0,0.560886661326112,0.4391133386738882
3011,14960.0,1.0,0.42040166877731017,0.5795983312226899
3012,14962.0,1.0,0.46740966641338216,0.5325903335866178
3013,14966.0,1.0,0.39302226953319197,0.6069777304668083
3014,14967.0,0.0,0.5339374508006004,0.46606254919939943
3015,14977.0,0.0,0.6073297843144456,0.3926702156855544
3016,14990.0,0.0,0.6102859759575527,0.38971402404244726
3017,14991.0,1.0,0.45295384869987537,0.5470461513001248
3018,14994.0,1.0,0.0652292421102705,0.9347707578897296
3019,15012.0,0.0,0.708236321173851,0.29176367882614895
3020,15014.0,1.0,0.38162268218608203,0.6183773178139179
3021,15020.0,0.0,0.5236733341056753,0.4763266658943246
3022,15036.0,0.0,0.5507316900440534,0.4492683099559464
3023,15042.0,1.0,0.43002375577470303,0.5699762442252971
3024,15046.0,1.0,0.474742905774192,0.5252570942258081
3025,15047.0,0.0,0.523662497022222,0.4763375029777779
3026,15057.0,0.0,0.5259207521772707,0.4740792478227292
3027,15061.0,1.0,0.43745989879321634,0.5625401012067838
3028,15063.0,0.0,0.5763931870254498,0.4236068129745501
3029,15090.0,1.0,0.4007708818605863,0.5992291181394137
3030,15094.0,1.0,0.41551080937282575,0.5844891906271742
3031,15103.0,1.0,0.4427598064418066,0.5572401935581932
3032,15104.0,0.0,0.5757973754411588,0.42420262455884106
3033,15109.0,1.0,0.3985797884696584,0.6014202115303418
3034,15110.0,0.0,0.5727437410286444,0.42725625897135555
3035,15117.0,0.0,0.5159644320985799,0.4840355679014199
3036,15120.0,0.0,0.5947649946338546,0.40523500536614526
3037,15121.0,0.0,0.6355103999462421,0.36448960005375775
3038,15131.0,1.0,0.46541319882884713,0.534586801171153
3039,15133.0,1.0,0.49022286334415904,0.509777136655841
3040,15136.0,1.0,0.4627721390849029,0.537227860915097
3041,15140.0,0.0,0.6477732812713723,0.35222671872862776
3042,15141.0,0.0,0.5387952038153421,0.46120479618465793
3043,15142.0,1.0,0.4598975427472922,0.5401024572527079
3044,15145.0,0.0,0.5304319082027308,0.46956809179726916
3045,15154.0,1.0,0.4501871779573074,0.5498128220426929
3046,15165.0,1.0,0.39638421788490336,0.6036157821150967
3047,15166.0,1.0,0.4702497136022248,0.5297502863977752
3048,15171.0,1.0,0.43078572535278775,0.5692142746472124
3049,15174.0,1.0,0.4027269596923958,0.5972730403076044
3050,15182.0,1.0,0.49230735936387693,0.5076926406361228
3051,15185.0,0.0,0.583135579418218,0.41686442058178186
3052,15193.0,0.0,0.5892122552861004,0.41078774471389956
3053,15199.0,1.0,0.3807474328094805,0.6192525671905197
3054,15211.0,0.0,0.5756863048075099,0.42431369519248996
3055,15212.0,1.0,0.4997970303687662,0.5002029696312338
3056,15214.0,1.0,0.40542994973008667,0.5945700502699133
3057,15219.0,1.0,0.42360815672338115,0.576391843276619
3058,15220.0,0.0,0.6031951273027409,0.39680487269725895
3059,15222.0,0.0,0.5375873045134425,0.46241269548655756
3060,15226.0,0.0,0.5029465411331357,0.4970534588668643
3061,15233.0,1.0,0.4381716967737712,0.5618283032262287
3062,15238.0,0.0,0.5514142505137842,0.4485857494862158
3063,15239.0,1.0,0.4885212159622723,0.5114787840377276
3064,15241.0,0.0,0.6747885903194945,0.32521140968050566
3065,15245.0,1.0,0.034532001361823356,0.9654679986381768
3066,15253.0,0.0,0.6130323659408593,0.38696763405914064
3067,15257.0,1.0,0.47583760477275283,0.5241623952272472
3068,15279.0,0.0,0.5402231032193814,0.4597768967806185
3069,15280.0,1.0,0.4171062570706318,0.5828937429293681
3070,15293.0,1.0,0.42447257231527075,0.5755274276847293
3071,15294.0,0.0,0.52669193425799,0.47330806574201006
3072,15295.0,0.0,0.503595007329488,0.49640499267051197
3073,15304.0,0.0,0.531411134270252,0.4685888657297481
3074,15309.0,1.0,0.42041427560700884,0.5795857243929913
3075,15310.0,0.0,0.5160787392618298,0.4839212607381703
3076,15312.0,1.0,0.3842666963768908,0.6157333036231093
3077,15319.0,1.0,0.4023679867715157,0.5976320132284844
3078,15322.0,1.0,0.4568165379240881,0.5431834620759122
3079,15330.0,1.0,0.4836910320029727,0.5163089679970274
3080,15331.0,0.0,0.5230408766728392,0.4769591233271609
3081,15338.0,1.0,0.4115099028157127,0.5884900971842874
3082,15340.0,1.0,0.44490218181434854,0.5550978181856514
3083,15344.0,1.0,0.4042180467549841,0.595781953245016
3084,15350.0,0.0,0.5387366447879345,0.46126335521206535
3085,15366.0,0.0,0.6075902221630856,0.39240977783691444
3086,15373.0,1.0,0.48202937023961967,0.5179706297603803
3087,15376.0,1.0,0.4501659100209892,0.5498340899790105
3088,15381.0,0.0,0.5843831609798058,0.4156168390201944
3089,15382.0,1.0,0.3563409477957277,0.6436590522042727
3090,15385.0,0.0,0.6139157334700827,0.386084266529917
3091,15386.0,0.0,0.5823608241587293,0.4176391758412708
3092,15387.0,0.0,0.5390339958949153,0.46096600410508465
3093,15389.0,0.0,0.6271654695934672,0.3728345304065327
3094,15393.0,0.0,0.517904676106066,0.48209532389393395
3095,15399.0,1.0,0.36057245046319375,0.6394275495368064
3096,15403.0,1.0,0.46143562483167466,0.5385643751683254
3097,15406.0,0.0,0.627956409089716,0.3720435909102841
3098,15408.0,0.0,0.5304571145365832,0.4695428854634167
3099,15414.0,0.0,0.543080477332271,0.4569195226677288
3100,15417.0,1.0,0.45269541988589723,0.5473045801141029
3101,15425.0,1.0,0.49483750097817747,0.5051624990218225
3102,15428.0,1.0,0.4383377516334719,0.5616622483665281
3103,15429.0,0.0,0.5375578491329103,0.46244215086708956
3104,15430.0,0.0,0.5007761644465609,0.4992238355534389
3105,15433.0,1.0,0.40971456700768494,0.5902854329923152
3106,15435.0,0.0,0.5460815085939269,0.453918491406073
3107,15440.0,0.0,0.5662668163266467,0.43373318367335334
3108,15449.0,0.0,0.5419520610857849,0.45804793891421514
3109,15462.0,1.0,0.38608032452844826,0.613919675471552
3110,15464.0,0.0,0.5608176100341393,0.43918238996586056
3111,15471.0,1.0,0.4679861190053124,0.5320138809946877
3112,15472.0,1.0,0.4133184491543355,0.5866815508456644
3113,15476.0,1.0,0.4034890326865269,0.5965109673134732
3114,15490.0,1.0,0.38972090949986454,0.6102790905001355
3115,15499.0,0.0,0.6125589069310117,0.38744109306898855
3116,15507.0,1.0,0.4650607861382209,0.5349392138617791
3117,15509.0,0.0,0.6455298189656312,0.3544701810343686
3118,15511.0,0.0,0.5675427647740398,0.43245723522596025
3119,15515.0,0.0,0.5162265984340688,0.4837734015659312
3120,15522.0,1.0,0.4383166435263389,0.561683356473661
3121,15524.0,0.0,0.5485055664839342,0.4514944335160657
3122,15529.0,1.0,0.35918929366690605,0.6408107063330939
3123,15541.0,1.0,0.38092514013381523,0.6190748598661852
3124,15547.0,1.0,0.405244077984668,0.5947559220153322
3125,15549.0,0.0,0.5464388855358934,0.45356111446410663
3126,15557.0,0.0,0.5858362381770303,0.41416376182296977
3127,15576.0,0.0,0.529129422979571,0.470870577020429
3128,15580.0,0.0,0.545284892255049,0.45471510774495094
3129,15590.0,1.0,0.3922101743634429,0.6077898256365571
3130,15601.0,1.0,0.48084976280282943,0.5191502371971706
3131,15602.0,1.0,0.4790506609675913,0.5209493390324087
3132,15605.0,1.0,0.3851432325053785,0.6148567674946217
3133,15608.0,0.0,0.5028611167026109,0.4971388832973891
3134,15611.0,0.0,0.5044021119469686,0.49559788805303134
3135,15612.0,1.0,0.4593950809403154,0.5406049190596849
3136,15618.0,1.0,0.484811224810153,0.5151887751898471
3137,15627.0,0.0,0.5373133932545485,0.46268660674545153
3138,15639.0,0.0,0.6187636999750439,0.3812363000249562
3139,15640.0,1.0,0.3819218122198302,0.6180781877801702
3140,15653.0,1.0,0.4608626987397492,0.5391373012602506
3141,15659.0,0.0,0.5966873764679876,0.4033126235320124
3142,15661.0,0.0,0.6042724700425641,0.39572752995743604
3143,15663.0,0.0,0.5334851764155227,0.46651482358447716
3144,15676.0,0.0,0.5283554794123977,0.4716445205876023
3145,15678.0,0.0,0.5293577361030646,0.4706422638969354
3146,15679.0,1.0,0.4687121097299463,0.5312878902700536
3147,15680.0,0.0,0.514580359879981,0.485419640120019
3148,15684.0,1.0,0.41317871080697705,0.5868212891930231
3149,15688.0,0.0,0.6110488421063454,0.3889511578936547
3150,15697.0,0.0,0.6197657031155568,0.3802342968844433
3151,15700.0,0.0,0.5751588628249831,0.42484113717501676
3152,15705.0,0.0,0.558966533062247,0.4410334669377529
3153,15710.0,1.0,0.49194919547784655,0.5080508045221535
3154,15713.0,1.0,0.494866173451449,0.505133826548551
3155,15715.0,0.0,0.5641820499191488,0.43581795008085145
3156,15718.0,1.0,0.38605160185799703,0.6139483981420032
3157,15719.0,1.0,0.050480681443262385,0.9495193185567378
3158,15727.0,1.0,0.3752815123435071,0.6247184876564931
3159,15728.0,1.0,0.38530853193251985,0.6146914680674802
3160,15729.0,0.0,0.5534359133254271,0.44656408667457276
3161,15759.0,0.0,0.5124241264613127,0.4875758735386871
3162,15770.0,1.0,0.43491610047943075,0.5650838995205691
3163,15777.0,1.0,0.4140808524140497,0.5859191475859502
3164,15782.0,1.0,0.49669032256917367,0.5033096774308262
3165,15783.0,1.0,0.42376242010013265,0.5762375798998673
3166,15784.0,0.0,0.5851412828970052,0.41485871710299493
3167,15786.0,1.0,0.4926695283290608,0.5073304716709394
3168,15791.0,0.0,0.5824880658451673,0.41751193415483234
3169,15799.0,1.0,0.45730258019016257,0.5426974198098374
3170,15801.0,0.0,0.6139832205681632,0.3860167794318368
3171,15805.0,0.0,0.5480227337792677,0.45197726622073214
3172,15808.0,1.0,0.3999078434367601,0.60009215656324
3173,15813.0,0.0,0.5947400102244156,0.40525998977558436
3174,15825.0,1.0,0.4652630186133576,0.5347369813866423
3175,15826.0,1.0,0.45335475359834876,0.5466452464016512
3176,15831.0,0.0,0.5483148802633568,0.4516851197366431
3177,15836.0,0.0,0.568682301974641,0.4313176980253589
3178,15838.0,0.0,0.570785823534369,0.429214176465631
3179,15841.0,1.0,0.38429946015436245,0.6157005398456378
3180,15844.0,1.0,0.3978274583265292,0.6021725416734709
3181,15846.0,0.0,0.5126143548664439,0.4873856451335559
3182,15850.0,1.0,0.3762583874544324,0.6237416125455679
3183,15853.0,0.0,0.6023509028237366,0.3976490971762633
3184,15859.0,0.0,0.5742719242713877,0.4257280757286122
3185,15868.0,0.0,0.5813902514670194,0.41860974853298066
3186,15876.0,1.0,0.4166460775131197,0.5833539224868803
3187,15877.0,1.0,0.4905183969710884,0.5094816030289117
3188,15878.0,0.0,0.6225289067326534,0.3774710932673465
3189,15880.0,1.0,0.40713432906547325,0.592865670934527
3190,15891.0,0.0,0.5322733178756244,0.4677266821243755
3191,15904.0,0.0,0.5775367753552522,0.4224632246447479
3192,15905.0,0.0,0.6540856206951784,0.34591437930482144
3193,15910.0,0.0,0.5445350392676107,0.4554649607323893
3194,15912.0,0.0,0.5571599960386644,0.4428400039613355
3195,15913.0,0.0,0.5450929172501537,0.45490708274984615
3196,15915.0,1.0,0.45079345177735236,0.5492065482226477
3197,15925.0,1.0,0.46580870532810337,0.5341912946718965
3198,15927.0,1.0,0.44023728815554447,0.5597627118444554
3199,15937.0,0.0,0.5799483590959241,0.4200516409040758
3200,15938.0,1.0,0.46558242109156844,0.5344175789084316
3201,15941.0,1.0,0.4452729891852732,0.5547270108147269
3202,15945.0,1.0,0.49967265950517387,0.5003273404948261
3203,15949.0,1.0,0.034828855380574904,0.965171144619425
3204,15951.0,1.0,0.4971966350352199,0.5028033649647802
3205,15957.0,1.0,0.46989395120046135,0.5301060487995388
3206,15958.0,1.0,0.4897796929217935,0.5102203070782064
3207,15971.0,0.0,0.6004095445676214,0.3995904554323786
3208,15994.0,0.0,0.6489906433652858,0.3510093566347144
3209,16001.0,1.0,0.4719703023946758,0.5280296976053241
3210,16007.0,0.0,0.521277350307252,0.4787226496927478
3211,16010.0,1.0,0.026071084719457054,0.973928915280543
3212,16020.0,0.0,0.5739623286526094,0.42603767134739046
3213,16026.0,1.0,0.38704296623801965,0.6129570337619805
3214,16029.0,0.0,0.5533202226831194,0.44667977731688036
3215,16030.0,1.0,0.41695544925172956,0.5830445507482706
3216,16038.0,0.0,0.5897924762818506,0.41020752371814934
3217,16041.0,1.0,0.408820381771245,0.5911796182287551
3218,16053.0,1.0,0.4854172024785795,0.5145827975214206
3219,16065.0,0.0,0.5576716888419657,0.4423283111580345
3220,16067.0,1.0,0.46774979172529596,0.532250208274704
3221,16069.0,0.0,0.5809457445011342,0.4190542554988656
3222,16071.0,0.0,0.5607361416825556,0.43926385831744436
3223,16072.0,1.0,0.03967772252223528,0.9603222774777648
3224,16074.0,1.0,0.41652530886443173,0.5834746911355682
3225,16081.0,0.0,0.6119557862323348,0.3880442137676652
3226,16085.0,1.0,0.49535405457506826,0.5046459454249316
3227,16086.0,1.0,0.41729524734196155,0.5827047526580386
3228,16093.0,0.0,0.5782640454674146,0.42173595453258533
3229,16101.0,1.0,0.38870911191305346,0.6112908880869468
3230,16102.0,1.0,0.40481083611592844,0.5951891638840715
3231,16103.0,0.0,0.553144611417818,0.4468553885821818
3232,16110.0,1.0,0.4234522357254449,0.5765477642745549
3233,16119.0,1.0,0.4959616193711873,0.5040383806288128
3234,16121.0,1.0,0.3788762693500006,0.6211237306499996
3235,16125.0,0.0,0.6115921126821786,0.38840788731782117
3236,16132.0,0.0,0.5572390545197394,0.44276094548026035
3237,16134.0,0.0,0.5466066207398805,0.4533933792601195
3238,16141.0,0.0,0.5586259890998396,0.44137401090016043
3239,16154.0,1.0,0.42507903613642745,0.5749209638635726
3240,16161.0,1.0,0.44858731459918283,0.5514126854008172
3241,16171.0,0.0,0.6156493724256387,0.38435062757436134
3242,16179.0,1.0,0.44454645338976506,0.555453546610235
3243,16182.0,0.0,0.6109594622566175,0.3890405377433826
3244,16184.0,1.0,0.40339141057313666,0.5966085894268632
3245,16188.0,1.0,0.3680045317357015,0.6319954682642988
3246,16190.0,0.0,0.5844014989144138,0.41559850108558627
3247,16192.0,0.0,0.5236890743383156,0.4763109256616843
3248,16194.0,1.0,0.019098395517393757,0.9809016044826062
3249,16209.0,0.0,0.6199814703563484,0.38001852964365135
3250,16210.0,1.0,0.47302396786185613,0.5269760321381439
3251,16213.0,0.0,0.573483776899466,0.42651622310053383
3252,16214.0,1.0,0.37468885405729674,0.6253111459427037
3253,16215.0,0.0,0.6284689604635503,0.3715310395364497
3254,16220.0,0.0,0.6325655063562317,0.3674344936437681
3255,16227.0,1.0,0.498811477432312,0.5011885225676879
3256,16230.0,0.0,0.530566074595701,0.4694339254042989
3257,16235.0,1.0,0.39281457882509385,0.6071854211749063
3258,16240.0,1.0,0.40370303757006915,0.5962969624299311
3259,16244.0,0.0,0.589265865665003,0.4107341343349969
3260,16247.0,1.0,0.4344808632150447,0.5655191367849555
3261,16267.0,1.0,0.417403226061637,0.5825967739383632
3262,16275.0,1.0,0.3737523957426416,0.6262476042573584
3263,16276.0,0.0,0.5254546696096984,0.47454533039030156
3264,16277.0,0.0,0.6141471467326829,0.38585285326731716
3265,16281.0,0.0,0.5625359523401027,0.4374640476598973
3266,16283.0,0.0,0.503294210695119,0.4967057893048809
3267,16297.0,1.0,0.4626367964403689,0.537363203559631
3268,16314.0,1.0,0.05594758124392852,0.9440524187560715
3269,16316.0,0.0,0.6898275901728493,0.3101724098271505
3270,16324.0,0.0,0.5471242146535303,0.45287578534646955
3271,16326.0,1.0,0.4550144444108083,0.5449855555891918
3272,16335.0,1.0,0.4552914997539554,0.5447085002460446
3273,16341.0,0.0,0.5088166808792465,0.49118331912075347
3274,16343.0,1.0,0.39100498374783116,0.6089950162521689
3275,16351.0,1.0,0.48065228096222784,0.5193477190377723
3276,16352.0,1.0,0.36969715279131243,0.6303028472086876
3277,16353.0,1.0,0.4151699091365557,0.5848300908634445
3278,16358.0,0.0,0.6045075921279399,0.39549240787206
3279,16359.0,1.0,0.4071176680621966,0.5928823319378033
3280,16361.0,0.0,0.5553016556746289,0.44469834432537114
3281,16364.0,1.0,0.37117113716614925,0.6288288628338511
3282,16367.0,0.0,0.5943153545418878,0.40568464545811195
3283,16377.0,0.0,0.6283091823264461,0.37169081767355416
3284,16380.0,0.0,0.5109011533631511,0.48909884663684894
3285,16387.0,0.0,0.5447647328431597,0.4552352671568402
3286,16389.0,0.0,0.5949335421559918,0.4050664578440084
3287,16391.0,0.0,0.6153015295673729,0.3846984704326272
3288,16399.0,1.0,0.40780434297533574,0.5921956570246644
3289,16409.0,1.0,0.41155954733351435,0.5884404526664858
3290,16410.0,0.0,0.621448547156803,0.3785514528431969
3291,16412.0,1.0,0.3789457765407771,0.6210542234592231
3292,16417.0,1.0,0.458738094948488,0.5412619050515122
3293,16431.0,1.0,0.4164004172048002,0.5835995827952
3294,16439.0,1.0,0.41873101114292444,0.5812689888570757
3295,16441.0,1.0,0.47479293083153484,0.525207069168465
3296,16442.0,1.0,0.041396335379186446,0.9586036646208136
3297,16447.0,0.0,0.5751270098846608,0.4248729901153394
3298,16450.0,1.0,0.49228412510603087,0.5077158748939691
3299,16451.0,0.0,0.6656141253947814,0.3343858746052185
3300,16452.0,1.0,0.41658742115043007,0.5834125788495701
3301,16463.0,1.0,0.45675113658637756,0.5432488634136226
3302,16472.0,1.0,0.4490081933299263,0.5509918066700737
3303,16477.0,0.0,0.5770302924981834,0.42296970750181656
3304,16487.0,0.0,0.6243148666822464,0.3756851333177533
3305,16488.0,0.0,0.6328557058328615,0.3671442941671381
3306,16493.0,0.0,0.5844627710984764,0.4155372289015235
3307,16497.0,0.0,0.5476555339625704,0.4523444660374296
3308,16508.0,1.0,0.367365585731325,0.6326344142686748
3309,16509.0,1.0,0.4120481342258463,0.5879518657741539
3310,16516.0,1.0,0.4893464033046844,0.5106535966953155
3311,16522.0,0.0,0.5424796376454057,0.4575203623545941
3312,16535.0,0.0,0.5291433332095401,0.47085666679045973
3313,16537.0,1.0,0.43087734434735886,0.5691226556526413
3314,16540.0,1.0,0.4151937249814608,0.5848062750185394
3315,16543.0,1.0,0.47413259986486317,0.5258674001351369
3316,16563.0,1.0,0.4200097795929143,0.5799902204070857
3317,16564.0,1.0,0.03752803057323001,0.9624719694267699
3318,16569.0,0.0,0.5112961610059297,0.4887038389940704
3319,16570.0,1.0,0.36215817493159524,0.6378418250684049
3320,16585.0,1.0,0.47655920048850114,0.5234407995114988
3321,16586.0,0.0,0.5092773398625436,0.49072266013745625
3322,16595.0,0.0,0.5376014882046576,0.4623985117953422
3323,16599.0,1.0,0.06977471792353418,0.9302252820764658
3324,16601.0,1.0,0.39765774245287794,0.6023422575471222
3325,16608.0,0.0,0.580264517895868,0.41973548210413214
3326,16614.0,0.0,0.5489491120847044,0.4510508879152954
3327,16617.0,1.0,0.4094645335841943,0.5905354664158056
3328,16618.0,0.0,0.5833795509314823,0.41662044906851775
3329,16621.0,1.0,0.4149567262424738,0.5850432737575262
3330,16628.0,0.0,0.5391738738920882,0.46082612610791185
3331,16629.0,1.0,0.4998266731421711,0.5001733268578288
3332,16639.0,1.0,0.37212922817825467,0.6278707718217453
3333,16640.0,1.0,0.40056390621759697,0.5994360937824031
3334,16644.0,1.0,0.42206910328050445,0.5779308967194955
3335,16645.0,0.0,0.6734816500698435,0.3265183499301561
3336,16647.0,0.0,0.5956733412740258,0.4043266587259742
3337,16652.0,1.0,0.47791476019177714,0.5220852398082229
3338,16655.0,1.0,0.4652042527777324,0.5347957472222674
3339,16662.0,0.0,0.5616575790996841,0.43834242090031617
3340,16663.0,1.0,0.4134784582933017,0.5865215417066983
3341,16664.0,1.0,0.49048882151308015,0.5095111784869198
3342,16665.0,1.0,0.439740996308013,0.560259003691987
3343,16673.0,1.0,0.42959455221583953,0.5704054477841606
3344,16679.0,1.0,0.050011227080007846,0.9499887729199921
3345,16681.0,1.0,0.03429026726787674,0.9657097327321233
3346,16690.0,0.0,0.5939513117426692,0.4060486882573307
3347,16695.0,1.0,0.4482383697678224,0.5517616302321778
3348,16697.0,1.0,0.3844035882209553,0.6155964117790448
3349,16704.0,1.0,0.3920571529434666,0.6079428470565336
3350,16707.0,1.0,0.36108630840747885,0.6389136915925213
3351,16711.0,1.0,0.46215997249330054,0.5378400275066996
3352,16713.0,0.0,0.6350624270849827,0.36493757291501727
3353,16727.0,1.0,0.3707434603955468,0.6292565396044535
3354,16730.0,1.0,0.4226018037103429,0.5773981962896569
3355,16741.0,1.0,0.4800419936037762,0.5199580063962238
3356,16751.0,1.0,0.4108585249185797,0.5891414750814203
3357,16756.0,1.0,0.4073678032398418,0.5926321967601581
3358,16766.0,1.0,0.4125470018487177,0.5874529981512823
3359,16768.0,0.0,0.5262516404409997,0.4737483595590004
3360,16772.0,1.0,0.40636856971027185,0.5936314302897281
3361,16775.0,1.0,0.424122973385891,0.5758770266141091
3362,16781.0,0.0,0.5422156101318891,0.4577843898681109
3363,16782.0,1.0,0.3945776193054125,0.6054223806945874
3364,16791.0,1.0,0.01868413842382395,0.9813158615761759
3365,16795.0,0.0,0.5529870203463768,0.44701297965362313
3366,16800.0,0.0,0.6124964082629623,0.38750359173703736
3367,16802.0,0.0,0.6002099497988085,0.3997900502011917
3368,16811.0,0.0,0.5068215561281335,0.49317844387186655
3369,16819.0,1.0,0.44166083151985425,0.5583391684801456
3370,16824.0,0.0,0.5009610256484486,0.49903897435155153
3371,16832.0,1.0,0.4969075349691955,0.5030924650308045
3372,16841.0,0.0,0.6090525030106683,0.39094749698933157
3373,16846.0,0.0,0.5785410364548906,0.42145896354510926
3374,16849.0,0.0,0.512938109075623,0.48706189092437696
3375,16851.0,0.0,0.563277213935648,0.43672278606435205
3376,16857.0,0.0,0.6519773188111335,0.34802268118886615
3377,16858.0,1.0,0.3666096429914911,0.6333903570085091
3378,16867.0,1.0,0.40262072416723366,0.5973792758327666
3379,16870.0,1.0,0.40901456312579076,0.5909854368742092
3380,16875.0,1.0,0.37212344448361007,0.6278765555163901
3381,16878.0,0.0,0.5484533838773973,0.4515466161226026
3382,16883.0,1.0,0.06135382538537756,0.9386461746146224
3383,16887.0,0.0,0.5396748014085302,0.46032519859146975
3384,16891.0,0.0,0.6040033112123944,0.3959966887876057
3385,16895.0,1.0,0.4978698058863669,0.502130194113633
3386,16904.0,1.0,0.48082762431301274,0.5191723756869872
3387,16909.0,1.0,0.48488612051903146,0.5151138794809684
3388,16926.0,0.0,0.618348334924612,0.3816516650753881
3389,16927.0,1.0,0.48578896641983704,0.5142110335801628
3390,16938.0,0.0,0.5034041029510785,0.4965958970489215
3391,16940.0,1.0,0.46514723286527243,0.5348527671347276
3392,16942.0,0.0,0.6482366175507,0.3517633824493004
3393,16946.0,0.0,0.5495328699168709,0.450467130083129
3394,16949.0,0.0,0.5437933816545415,0.45620661834545845
3395,16952.0,0.0,0.5738466408189797,0.4261533591810202
3396,16958.0,0.0,0.5271496476631264,0.47285035233687345
3397,16964.0,0.0,0.5227620894326993,0.4772379105673006
3398,16965.0,0.0,0.5466559983682138,0.45334400163178606
3399,16968.0,0.0,0.5633230722021642,0.43667692779783585
3400,16974.0,1.0,0.4608950178504528,0.5391049821495472
3401,16975.0,1.0,0.4555400044486835,0.5444599955513165
3402,16981.0,1.0,0.46613842970562913,0.5338615702943709
3403,16986.0,1.0,0.41277279834630276,0.5872272016536972
3404,16988.0,1.0,0.4536582862128029,0.5463417137871971
3405,16990.0,1.0,0.4460276386977572,0.5539723613022427
3406,16992.0,0.0,0.5587953263028929,0.44120467369710736
3407,16993.0,1.0,0.40762313098863145,0.5923768690113687
3408,16995.0,1.0,0.46522264011148307,0.5347773598885168
3409,16999.0,1.0,0.40297533307456546,0.5970246669254344
3410,17000.0,0.0,0.5059098761767106,0.4940901238232893
3411,17001.0,1.0,0.4668873663211536,0.5331126336788465
3412,17011.0,1.0,0.41524149559166795,0.5847585044083321
3413,17012.0,1.0,0.3931307894007909,0.6068692105992093
3414,17021.0,1.0,0.48581224120724004,0.51418775879276
3415,17026.0,1.0,0.3887748054023898,0.6112251945976105
3416,17030.0,1.0,0.3890630391005667,0.6109369608994335
3417,17031.0,1.0,0.37815807033572,0.6218419296642802
3418,17039.0,0.0,0.5685666478793118,0.4314333521206884
3419,17056.0,0.0,0.5819584656316669,0.418041534368333
3420,17058.0,0.0,0.6517760885441345,0.34822391145586534
3421,17062.0,0.0,0.6435924362996058,0.3564075637003939
3422,17071.0,1.0,0.3614334046380428,0.6385665953619575
3423,17073.0,1.0,0.39693865152974167,0.6030613484702585
3424,17074.0,1.0,0.4360978553145097,0.5639021446854904
3425,17076.0,1.0,0.44876306899698776,0.5512369310030124
3426,17082.0,0.0,0.5801675459418525,0.41983245405814756
3427,17084.0,0.0,0.5151384456671901,0.48486155433280986
3428,17085.0,1.0,0.4146267915727844,0.5853732084272157
3429,17087.0,1.0,0.3948329214734787,0.6051670785265215
3430,17095.0,0.0,0.5431833721405919,0.4568166278594081
3431,17096.0,0.0,0.560127219203261,0.43987278079673897
3432,17098.0,1.0,0.41150767598213184,0.5884923240178682
3433,17103.0,1.0,0.48684389417683943,0.5131561058231605
3434,17108.0,1.0,0.35304556148600486,0.6469544385139954
3435,17111.0,1.0,0.4354512881687308,0.5645487118312692
3436,17117.0,0.0,0.6838331032453407,0.3161668967546592
3437,17131.0,0.0,0.6560544095000722,0.3439455904999278
3438,17137.0,1.0,0.475691238439333,0.524308761560667
3439,17138.0,0.0,0.5393673353204104,0.4606326646795897
3440,17139.0,1.0,0.404454350364703,0.5955456496352972
3441,17147.0,1.0,0.4017379081590204,0.5982620918409797
3442,17151.0,1.0,0.0311285340776146,0.9688714659223854
3443,17160.0,0.0,0.5487264055426643,0.4512735944573356
3444,17170.0,1.0,0.38609595289426984,0.6139040471057303
3445,17177.0,0.0,0.5460651437918523,0.45393485620814755
3446,17182.0,0.0,0.5289523575373685,0.4710476424626314
3447,17191.0,1.0,0.42863015644022,0.5713698435597798
3448,17208.0,1.0,0.43604365818550683,0.5639563418144933
3449,17212.0,0.0,0.544159156828114,0.4558408431718861
3450,17217.0,1.0,0.4970088599123844,0.5029911400876156
3451,17230.0,1.0,0.435874047775794,0.5641259522242063
3452,17231.0,1.0,0.4917794675385867,0.5082205324614132
3453,17236.0,1.0,0.32235405524372623,0.6776459447562739
3454,17238.0,1.0,0.0469022270140305,0.9530977729859694
3455,17243.0,0.0,0.5403275644427172,0.4596724355572828
3456,17244.0,0.0,0.5572657866203466,0.4427342133796533
3457,17253.0,0.0,0.586423134897851,0.4135768651021488
3458,17266.0,1.0,0.044064832933521814,0.9559351670664785
3459,17275.0,1.0,0.39948903258418933,0.6005109674158108
3460,17283.0,1.0,0.07105255988400487,0.9289474401159953
3461,17286.0,1.0,0.41573090656818074,0.5842690934318191
3462,17290.0,1.0,0.42621791892335925,0.5737820810766407
3463,17291.0,1.0,0.06880673906300332,0.9311932609369968
3464,17293.0,1.0,0.4322273084890876,0.5677726915109126
3465,17301.0,0.0,0.5916910799545131,0.40830892004548697
3466,17305.0,1.0,0.3961010094981883,0.6038989905018117
3467,17310.0,0.0,0.5982938568610264,0.4017061431389737
3468,17311.0,0.0,0.6425294185227116,0.3574705814772882
3469,17313.0,0.0,0.5617642296110963,0.4382357703889037
3470,17316.0,0.0,0.5356215573178151,0.46437844268218476
3471,17321.0,1.0,0.49001578714670296,0.5099842128532971
3472,17323.0,0.0,0.5399840486300466,0.46001595136995327
3473,17327.0,1.0,0.4102086995909596,0.5897913004090404
3474,17328.0,0.0,0.5259166422161394,0.47408335778386035
3475,17330.0,1.0,0.37957183669823297,0.6204281633017674
3476,17338.0,0.0,0.5290076771076606,0.47099232289233933
3477,17341.0,0.0,0.5331319257005963,0.46686807429940375
3478,17350.0,1.0,0.3953860539655551,0.6046139460344451
3479,17353.0,0.0,0.6132140135858787,0.38678598641412115
3480,17354.0,0.0,0.5597235580634937,0.4402764419365063
3481,17362.0,0.0,0.67967083141643,0.32032916858356975
3482,17364.0,1.0,0.43041937917207035,0.5695806208279296
3483,17366.0,0.0,0.6281038440616581,0.37189615593834197
3484,17380.0,1.0,0.40884099910829297,0.591159000891707
3485,17384.0,0.0,0.5498848433531416,0.45011515664685836
3486,17388.0,1.0,0.4813262474285402,0.5186737525714599
3487,17389.0,0.0,0.5295089968794591,0.4704910031205408
3488,17399.0,1.0,0.45447660223561975,0.5455233977643801
3489,17401.0,1.0,0.47818765906691196,0.521812340933088
3490,17404.0,0.0,0.5826698735352589,0.4173301264647411
3491,17419.0,1.0,0.45959670885190657,0.5404032911480934
3492,17420.0,0.0,0.6631463908829985,0.33685360911700196
3493,17421.0,1.0,0.016210174196541888,0.9837898258034581
3494,17424.0,1.0,0.45307117892679094,0.5469288210732091
3495,17429.0,1.0,0.38689865962382597,0.6131013403761741
3496,17438.0,1.0,0.4557317865576154,0.5442682134423846
3497,17439.0,1.0,0.40033143272231775,0.5996685672776825
3498,17442.0,1.0,0.3369828987323483,0.6630171012676519
3499,17444.0,0.0,0.5030355890728969,0.49696441092710303
3500,17446.0,0.0,0.5303573032484836,0.4696426967515163
3501,17448.0,1.0,0.44689532072783433,0.5531046792721658
3502,17468.0,1.0,0.46618754663666623,0.5338124533633338
3503,17475.0,0.0,0.5635666704601349,0.4364333295398653
3504,17478.0,0.0,0.6362522044001778,0.3637477955998222
3505,17482.0,1.0,0.452899763674117,0.5471002363258832
3506,17487.0,0.0,0.5981491762570511,0.40185082374294884
3507,17489.0,1.0,0.38825935785802607,0.611740642141974
3508,17501.0,1.0,0.40399590068340535,0.5960040993165947
3509,17503.0,0.0,0.503887857174431,0.49611214282556904
3510,17507.0,0.0,0.6593821260797814,0.3406178739202182
3511,17508.0,1.0,0.4818738607846149,0.518126139215385
3512,17527.0,1.0,0.3649683942163327,0.6350316057836677
3513,17530.0,1.0,0.45731275587257414,0.5426872441274257
3514,17537.0,1.0,0.48303677737686995,0.51696322262313
3515,17539.0,0.0,0.6057004853019795,0.3942995146980206
3516,17542.0,0.0,0.5005349697465824,0.4994650302534176
3517,17544.0,0.0,0.5265296119482152,0.4734703880517847
3518,17546.0,1.0,0.3866964477218622,0.6133035522781378
3519,17553.0,1.0,0.4300102213643684,0.5699897786356316
3520,17559.0,1.0,0.4564316352964945,0.5435683647035056
3521,17573.0,1.0,0.39298630643574417,0.6070136935642558
3522,17574.0,1.0,0.40311530080263686,0.5968846991973631
3523,17585.0,0.0,0.6001104803128731,0.399889519687127
3524,17587.0,0.0,0.6547207085750983,0.3452792914249016
3525,17603.0,0.0,0.6599656212172637,0.34003437878273607
3526,17612.0,1.0,0.48433872495312535,0.5156612750468748
3527,17623.0,1.0,0.43972778030632204,0.560272219693678
3528,17631.0,0.0,0.5421063292919905,0.45789367070800935
3529,17633.0,0.0,0.5011929166867419,0.4988070833132579
3530,17637.0,1.0,0.4838647867437226,0.5161352132562772
3531,17648.0,0.0,0.5621786458247374,0.4378213541752626
3532,17650.0,1.0,0.49814646583097577,0.5018535341690242
3533,17660.0,1.0,0.4622520937157518,0.5377479062842481
3534,17668.0,0.0,0.5731634618863436,0.42683653811365646
3535,17678.0,0.0,0.5039782911761844,0.4960217088238156
3536,17684.0,1.0,0.4568453230686183,0.5431546769313816
3537,17688.0,1.0,0.40856834511387097,0.5914316548861291
3538,17689.0,0.0,0.5699317815101788,0.4300682184898209
3539,17691.0,1.0,0.4158824160231409,0.5841175839768592
3540,17693.0,1.0,0.498305701929033,0.501694298070967
3541,17694.0,1.0,0.4716622148137959,0.5283377851862041
3542,17698.0,0.0,0.576965844867534,0.4230341551324658
3543,17699.0,1.0,0.05558369326050732,0.9444163067394927
3544,17714.0,0.0,0.5799546224025505,0.42004537759744964
3545,17715.0,0.0,0.6250220527051387,0.37497794729486145
3546,17727.0,0.0,0.5407772361435446,0.4592227638564554
3547,17728.0,0.0,0.5151344909589645,0.48486550904103554
3548,17730.0,1.0,0.4037694572911086,0.5962305427088915
3549,17735.0,0.0,0.5425036669510421,0.45749633304895776
3550,17739.0,1.0,0.040655224622516285,0.9593447753774835
3551,17741.0,1.0,0.48765084856776303,0.5123491514322369
3552,17759.0,1.0,0.40994609171008056,0.5900539082899194
3553,17764.0,0.0,0.5392260854347157,0.4607739145652843
3554,17765.0,1.0,0.4675776829353759,0.5324223170646242
3555,17775.0,0.0,0.5170946506134232,0.4829053493865767
3556,17778.0,0.0,0.5461341211063268,0.4538658788936732
3557,17796.0,1.0,0.3802108816767072,0.6197891183232931
3558,17799.0,1.0,0.43292710994019823,0.5670728900598019
3559,17800.0,0.0,0.5046306431020384,0.4953693568979615
3560,17801.0,0.0,0.5002601161072072,0.4997398838927929
3561,17805.0,1.0,0.37588502094667686,0.6241149790533232
3562,17807.0,0.0,0.5798084983573544,0.42019150164264546
3563,17812.0,1.0,0.39028391678407487,0.6097160832159253
3564,17826.0,1.0,0.4752986042114887,0.5247013957885113
3565,17830.0,0.0,0.596043948905482,0.4039560510945179
3566,17832.0,0.0,0.6160313349105148,0.3839686650894854
3567,17843.0,0.0,0.544566054759915,0.45543394524008485
3568,17845.0,1.0,0.4043981016230944,0.5956018983769059
3569,17854.0,1.0,0.4808380872286693,0.5191619127713308
3570,17857.0,0.0,0.640893198735958,0.3591068012640421
3571,17865.0,1.0,0.36127811858487646,0.6387218814151236
3572,17867.0,1.0,0.4876621967008514,0.5123378032991487
3573,17874.0,1.0,0.4170008182292524,0.5829991817707476
3574,17878.0,0.0,0.5353418258722298,0.4646581741277702
3575,17884.0,1.0,0.41110085528357293,0.5888991447164272
3576,17886.0,1.0,0.4073492826989146,0.5926507173010855
3577,17890.0,1.0,0.3372646092022174,0.6627353907977824
3578,17892.0,1.0,0.41037908598821426,0.5896209140117858
3579,17894.0,1.0,0.4560603940380662,0.5439396059619338
3580,17896.0,0.0,0.5108131183645933,0.48918688163540675
3581,17901.0,1.0,0.4084491207675772,0.5915508792324229
3582,17916.0,1.0,0.36100622481973665,0.6389937751802635
3583,17920.0,0.0,0.5136100085380932,0.4863899914619067
3584,17922.0,1.0,0.3911581389947449,0.6088418610052554
3585,17925.0,0.0,0.5908101927142044,0.4091898072857954
3586,17928.0,0.0,0.6202315997981445,0.3797684002018555
3587,17929.0,0.0,0.5074316124312347,0.49256838756876525
3588,17934.0,1.0,0.4196630853759658,0.5803369146240341
3589,17942.0,1.0,0.39415885962282204,0.6058411403771781
3590,17950.0,0.0,0.5152941893249714,0.4847058106750285
3591,17952.0,0.0,0.5635058181018353,0.43649418189816475
3592,17954.0,0.0,0.547119601563797,0.452880398436203
3593,17955.0,0.0,0.5244719495587111,0.4755280504412889
3594,17961.0,0.0,0.5243367714714782,0.47566322852852183
3595,17962.0,0.0,0.5557317609631489,0.444268239036851
3596,17967.0,1.0,0.38828524868711833,0.6117147513128817
3597,17974.0,1.0,0.45921934931293235,0.5407806506870678
3598,17975.0,1.0,0.4439374303762571,0.556062569623743
3599,17980.0,0.0,0.5415234515800961,0.458476548419904
3600,17984.0,1.0,0.4293067873439769,0.570693212656023
3601,17987.0,0.0,0.6296402772916901,0.3703597227083099
3602,17992.0,0.0,0.5795790907006318,0.4204209092993681
3603,17994.0,1.0,0.4991823924784328,0.5008176075215672
3604,17996.0,1.0,0.4589332607360172,0.5410667392639826
3605,18005.0,1.0,0.47788208274618904,0.522117917253811
3606,18018.0,0.0,0.5430559233399957,0.45694407666000425
3607,18019.0,0.0,0.5357283716694023,0.4642716283305975
3608,18021.0,1.0,0.4896115313084581,0.5103884686915421
3609,18024.0,1.0,0.38051814895121033,0.61948185104879
3610,18027.0,1.0,0.3737352860410346,0.6262647139589657
3611,18028.0,1.0,0.4790615430294241,0.520938456970576
3612,18032.0,0.0,0.5584891248382919,0.44151087516170806
3613,18035.0,0.0,0.5710632797535494,0.4289367202464506
3614,18036.0,0.0,0.6924782425918348,0.30752175740816556
3615,18043.0,1.0,0.02650493037081305,0.973495069629187
3616,18048.0,0.0,0.5161770166527148,0.4838229833472853
3617,18050.0,1.0,0.4154744908981413,0.5845255091018587
3618,18055.0,1.0,0.04531385332481103,0.9546861466751889
3619,18057.0,1.0,0.41793444720407164,0.5820655527959283
3620,18058.0,1.0,0.38286195920979504,0.6171380407902053
3621,18062.0,1.0,0.44476413993628194,0.5552358600637181
3622,18069.0,1.0,0.36657267626279333,0.6334273237372069
3623,18075.0,1.0,0.41419278259852177,0.5858072174014785
3624,18087.0,0.0,0.6106250026163492,0.38937499738365067
3625,18090.0,1.0,0.46256176132768295,0.537438238672317
3626,18091.0,1.0,0.446722178969585,0.553277821030415
3627,18092.0,1.0,0.48556707025555795,0.5144329297444421
3628,18093.0,1.0,0.022334238048400533,0.9776657619515993
3629,18101.0,0.0,0.5839045682037212,0.4160954317962787
3630,18110.0,1.0,0.47306552241809946,0.5269344775819006
3631,18114.0,1.0,0.3889826550111228,0.6110173449888774
3632,18118.0,0.0,0.5532476532067329,0.4467523467932669
3633,18119.0,1.0,0.3843756506314633,0.6156243493685368
3634,18121.0,1.0,0.4923750415780455,0.5076249584219547
3635,18122.0,1.0,0.39544297743108886,0.6045570225689113
3636,18125.0,0.0,0.589035891468402,0.4109641085315981
3637,18129.0,1.0,0.37943278101327643,0.6205672189867238
3638,18130.0,0.0,0.5638870533723336,0.4361129466276665
3639,18139.0,1.0,0.037631836086116005,0.9623681639138839
3640,18149.0,0.0,0.5180204133314181,0.48197958666858187
3641,18150.0,1.0,0.39965410401741736,0.6003458959825827
3642,18161.0,1.0,0.43153331947089574,0.5684666805291042
3643,18163.0,1.0,0.05456590864194115,0.9454340913580588
3644,18166.0,1.0,0.4232674787776369,0.5767325212223632
3645,18170.0,1.0,0.40783137726807295,0.592168622731927
3646,18172.0,0.0,0.5238572916578454,0.47614270834215444
3647,18173.0,0.0,0.5262839539543653,0.47371604604563466
3648,18185.0,0.0,0.5607078755845533,0.43929212441544685
3649,18188.0,0.0,0.5213966099286182,0.47860339007138175
3650,18195.0,1.0,0.4549082247479605,0.5450917752520396
3651,18202.0,1.0,0.46782994339743955,0.5321700566025604
3652,18204.0,1.0,0.4866547962261511,0.513345203773849
3653,18210.0,1.0,0.4531217785666965,0.5468782214333037
3654,18224.0,1.0,0.4289171693045958,0.5710828306954043
3655,18231.0,1.0,0.4040172911512062,0.5959827088487938
3656,18238.0,1.0,0.01831226696464085,0.9816877330353592
3657,18242.0,1.0,0.4637855311192022,0.5362144688807977
3658,18253.0,0.0,0.5031485449915426,0.4968514550084573
3659,18255.0,0.0,0.5607696752636994,0.4392303247363006
3660,18260.0,0.0,0.5212964245249456,0.4787035754750544
3661,18278.0,1.0,0.38641320274769325,0.6135867972523069
3662,18280.0,0.0,0.6331112156103558,0.36688878438964406
3663,18284.0,1.0,0.4143436449253373,0.5856563550746626
3664,18285.0,1.0,0.4775265271233113,0.5224734728766888
3665,18286.0,0.0,0.5665575996024997,0.4334424003975
3666,18292.0,1.0,0.47834608629675235,0.5216539137032477
3667,18305.0,0.0,0.5551679659926118,0.444832034007388
3668,18307.0,0.0,0.5139829279354193,0.48601707206458067
3669,18310.0,1.0,0.4594872244235579,0.540512775576442
3670,18312.0,1.0,0.49012824601221944,0.5098717539877806
3671,18319.0,0.0,0.647862349653413,0.35213765034658706
3672,18320.0,0.0,0.5781815094564826,0.42181849054351744
3673,18321.0,1.0,0.42908671789468966,0.5709132821053103
3674,18330.0,1.0,0.3806741036094234,0.6193258963905767
3675,18332.0,0.0,0.5508778061559437,0.44912219384405616
3676,18339.0,1.0,0.42245934631896764,0.5775406536810324
3677,18347.0,1.0,0.4172454931286857,0.5827545068713144
3678,18349.0,1.0,0.3887434970673803,0.6112565029326198
3679,18351.0,1.0,0.468232553773543,0.5317674462264569
3680,18355.0,1.0,0.36414700204950035,0.6358529979504999
3681,18360.0,0.0,0.5226081288075404,0.4773918711924597
3682,18365.0,0.0,0.5837503507811561,0.416249649218844
3683,18367.0,0.0,0.5964942792476706,0.4035057207523293
3684,18370.0,0.0,0.6712217945087943,0.32877820549120557
3685,18375.0,1.0,0.41304590407911945,0.5869540959208807
3686,18376.0,1.0,0.48117388789717,0.5188261121028299
3687,18382.0,1.0,0.47070372541803307,0.5292962745819668
3688,18386.0,0.0,0.5341991287688432,0.4658008712311568
3689,18388.0,0.0,0.5695031772853918,0.4304968227146083
3690,18391.0,1.0,0.4059162706833105,0.5940837293166896
3691,18392.0,1.0,0.49835431250212686,0.5016456874978733
3692,18393.0,1.0,0.47039422419859805,0.529605775801402
3693,18395.0,0.0,0.536750825227672,0.46324917477232797
3694,18396.0,1.0,0.04550986683299113,0.9544901331670087
3695,18412.0,0.0,0.5474934303074338,0.4525065696925661
3696,18427.0,0.0,0.5657193826051369,0.434280617394863
3697,18430.0,0.0,0.574748582540792,0.4252514174592079
3698,18433.0,1.0,0.43056310902528544,0.5694368909747144
3699,18441.0,1.0,0.4452472183809204,0.5547527816190797
3700,18443.0,0.0,0.50420956007804,0.49579043992195987
3701,18445.0,1.0,0.39651169840908074,0.6034883015909194
3702,18447.0,1.0,0.4741212156200048,0.5258787843799952
3703,18451.0,1.0,0.44049422833884,0.55950577166116
3704,18460.0,0.0,0.6320698992502947,0.36793010074970517
3705,18464.0,0.0,0.5789943028002458,0.4210056971997542
3706,18465.0,1.0,0.0760201533862975,0.9239798466137025
3707,18467.0,0.0,0.5274502588964074,0.47254974110359266
3708,18474.0,0.0,0.5789060864420531,0.4210939135579469
3709,18478.0,1.0,0.48470849150374495,0.515291508496255
3710,18482.0,0.0,0.5378429104943154,0.4621570895056846
3711,18489.0,0.0,0.6572285062919431,0.3427714937080569
3712,18492.0,0.0,0.5163336293800473,0.48366637061995266
3713,18494.0,1.0,0.3951155805338145,0.6048844194661858
3714,18495.0,1.0,0.48626298671394674,0.5137370132860533
3715,18497.0,1.0,0.3711397670840321,0.6288602329159682
3716,18498.0,1.0,0.4400944714898124,0.5599055285101876
3717,18502.0,1.0,0.41813518852997605,0.581864811470024
3718,18508.0,0.0,0.5141375941666364,0.4858624058333636
3719,18513.0,1.0,0.032457966092476837,0.9675420339075232
3720,18516.0,1.0,0.4037071692325301,0.59629283076747
3721,18520.0,0.0,0.5662981404046474,0.43370185959535257
3722,18532.0,0.0,0.5394649769641523,0.46053502303584765
3723,18535.0,0.0,0.5378292062176473,0.4621707937823527
3724,18536.0,0.0,0.5679835616247554,0.43201643837524456
3725,18537.0,1.0,0.48243178238865725,0.5175682176113429
3726,18541.0,0.0,0.5388634986375644,0.4611365013624355
3727,18546.0,1.0,0.37732574000506325,0.622674259994937
3728,18548.0,0.0,0.575022548941918,0.42497745105808205
3729,18549.0,1.0,0.43716122516049233,0.5628387748395077
3730,18551.0,1.0,0.4167094508428576,0.5832905491571424
3731,18555.0,0.0,0.6678319877405318,0.332168012259468
3732,18557.0,1.0,0.4822914178749628,0.5177085821250372
3733,18560.0,0.0,0.6318380560554356,0.3681619439445643
3734,18572.0,1.0,0.0940356860447516,0.9059643139552485
3735,18574.0,0.0,0.6843373359321042,0.3156626640678958
3736,18579.0,1.0,0.425928032653152,0.5740719673468483
3737,18581.0,1.0,0.4055837572330981,0.5944162427669022
3738,18583.0,0.0,0.5048802303251921,0.4951197696748079
3739,18586.0,0.0,0.5393226921857565,0.46067730781424343
3740,18591.0,0.0,0.6103465614371765,0.3896534385628235
3741,18593.0,0.0,0.551016407348984,0.4489835926510161
3742,18595.0,1.0,0.0237533227732432,0.9762466772267566
3743,18598.0,1.0,0.4256044311413108,0.5743955688586895
3744,18599.0,1.0,0.3810001190948401,0.6189998809051601
3745,18609.0,0.0,0.6591172125186014,0.3408827874813985
3746,18618.0,1.0,0.40966384917770277,0.5903361508222974
3747,18623.0,1.0,0.4727992444358508,0.5272007555641492
3748,18630.0,1.0,0.47687442569709587,0.5231255743029039
3749,18635.0,1.0,0.49838131363653737,0.5016186863634625
3750,18638.0,1.0,0.3796324514062007,0.6203675485937994
3751,18639.0,1.0,0.4880653608421349,0.511934639157865
3752,18640.0,0.0,0.5943870890649936,0.4056129109350064
3753,18643.0,1.0,0.37423014514792835,0.6257698548520718
3754,18658.0,1.0,0.4127830790970108,0.5872169209029893
3755,18660.0,1.0,0.45661655746649354,0.5433834425335067
3756,18662.0,1.0,0.49891770773453425,0.5010822922654657
3757,18667.0,0.0,0.5965058955895263,0.40349410441047356
3758,18669.0,1.0,0.3830499509660115,0.6169500490339889
3759,18671.0,1.0,0.41772721306256977,0.5822727869374302
3760,18672.0,0.0,0.5288870769336205,0.47111292306637936
3761,18678.0,0.0,0.5276034429781741,0.4723965570218258
3762,18679.0,1.0,0.3862524679151986,0.6137475320848016
3763,18692.0,1.0,0.49980331533877603,0.500196684661224
3764,18694.0,1.0,0.45817631382741475,0.5418236861725855
3765,18710.0,1.0,0.4537806009927856,0.5462193990072146
3766,18713.0,1.0,0.4008437981468198,0.5991562018531801
3767,18714.0,1.0,0.3659127210797697,0.6340872789202305
3768,18715.0,1.0,0.3835274082580997,0.6164725917419003
3769,18720.0,1.0,0.47489922151468555,0.5251007784853146
3770,18727.0,1.0,0.39835782529925173,0.6016421747007483
3771,18729.0,1.0,0.42966111931478573,0.5703388806852144
3772,18733.0,1.0,0.45663349895576333,0.5433665010442368
3773,18736.0,1.0,0.3985069814520436,0.6014930185479563
3774,18737.0,0.0,0.5822203408470318,0.4177796591529681
3775,18748.0,1.0,0.47361822446498536,0.5263817755350146
3776,18753.0,0.0,0.5852769141370457,0.41472308586295425
3777,18755.0,0.0,0.5400599470446384,0.4599400529553615
3778,18759.0,0.0,0.5406521125424696,0.4593478874575303
3779,18761.0,0.0,0.5025356906641267,0.49746430933587327
3780,18764.0,1.0,0.06849427269102931,0.9315057273089709
3781,18768.0,0.0,0.5094877984943361,0.49051220150566377
3782,18779.0,1.0,0.43258326429255434,0.5674167357074457
3783,18782.0,0.0,0.5664061592197014,0.43359384078029856
3784,18790.0,1.0,0.3701253830638585,0.6298746169361418
3785,18798.0,1.0,0.4970093841777682,0.5029906158222317
3786,18809.0,0.0,0.5459941918743293,0.45400580812567065
3787,18811.0,1.0,0.405197083596505,0.594802916403495
3788,18812.0,1.0,0.47455645359293114,0.5254435464070689
3789,18816.0,1.0,0.38799957965576004,0.61200042034424
3790,18820.0,1.0,0.49574903116012264,0.5042509688398774
3791,18821.0,1.0,0.4989855751608441,0.5010144248391559
3792,18826.0,1.0,0.40722887987328266,0.5927711201267173
3793,18835.0,0.0,0.5420677715088744,0.45793222849112547
3794,18842.0,0.0,0.590930900071087,0.40906909992891305
3795,18846.0,0.0,0.5679338159479141,0.43206618405208586
3796,18848.0,0.0,0.5806703656636486,0.4193296343363513
3797,18851.0,1.0,0.45031595171153505,0.5496840482884648
3798,18853.0,1.0,0.46937553211964145,0.5306244678803584
3799,18858.0,0.0,0.5702942053430671,0.4297057946569328
3800,18878.0,0.0,0.5517571758470601,0.44824282415293987
3801,18881.0,0.0,0.5096216311286113,0.4903783688713886
3802,18886.0,0.0,0.5321717753395455,0.4678282246604544
3803,18887.0,1.0,0.4032678455816192,0.5967321544183808
3804,18889.0,1.0,0.38769595221146014,0.6123040477885402
3805,18892.0,1.0,0.46593687965280806,0.5340631203471918
3806,18895.0,0.0,0.5813568343095655,0.4186431656904343
3807,18899.0,1.0,0.44097737911727913,0.5590226208827207
3808,18903.0,0.0,0.5875030844350713,0.41249691556492835
3809,18906.0,0.0,0.5088375319791304,0.4911624680208696
3810,18911.0,0.0,0.511321517167132,0.48867848283286786
3811,18913.0,0.0,0.5042002513282821,0.49579974867171794
3812,18914.0,1.0,0.47851054531654924,0.5214894546834506
3813,18916.0,1.0,0.45237822804605776,0.5476217719539421
3814,18918.0,1.0,0.3845417436110462,0.6154582563889541
3815,18924.0,1.0,0.4744651066516046,0.5255348933483951
3816,18927.0,1.0,0.3988599473741943,0.6011400526258057
3817,18933.0,1.0,0.48932376897779023,0.5106762310222097
3818,18941.0,0.0,0.6267361745901253,0.3732638254098747
3819,18949.0,0.0,0.6845804915212795,0.3154195084787203
3820,18950.0,1.0,0.44293355154363057,0.5570664484563695
3821,18951.0,1.0,0.4203820386332302,0.5796179613667697
3822,18952.0,0.0,0.5330381238747556,0.46696187612524426
3823,18953.0,1.0,0.3715291909578928,0.6284708090421074
3824,18965.0,1.0,0.4141057053320418,0.5858942946679584
3825,18969.0,0.0,0.5645017030062435,0.4354982969937566
3826,18974.0,0.0,0.5740594586068475,0.4259405413931524
3827,18979.0,1.0,0.43491993540498874,0.5650800645950114
3828,18982.0,0.0,0.5994356691143815,0.40056433088561855
3829,18988.0,1.0,0.4305083737743942,0.5694916262256059
3830,18997.0,0.0,0.6427884819770863,0.3572115180229139
3831,18998.0,0.0,0.5103251992285012,0.4896748007714988
3832,19003.0,1.0,0.40613459639160365,0.5938654036083965
3833,19007.0,0.0,0.5238080640783922,0.4761919359216077
3834,19011.0,1.0,0.4388522510605928,0.5611477489394071
3835,19016.0,0.0,0.5398395022593673,0.4601604977406328
3836,19020.0,1.0,0.08069181164603309,0.9193081883539671
3837,19026.0,1.0,0.4957803236521066,0.5042196763478934
3838,19028.0,1.0,0.4969902212063337,0.5030097787936664
3839,19036.0,0.0,0.5544902725654283,0.4455097274345715
3840,19052.0,1.0,0.4507870923294195,0.5492129076705804
3841,19053.0,0.0,0.5415225657948335,0.45847743420516635
3842,19057.0,0.0,0.5492937417534434,0.4507062582465565
3843,19063.0,1.0,0.4580872307141564,0.5419127692858434
3844,19064.0,0.0,0.5176571013008903,0.4823428986991097
3845,19066.0,1.0,0.4678342283188534,0.5321657716811469
3846,19080.0,0.0,0.5790701079535201,0.42092989204648
3847,19085.0,1.0,0.40299728350729347,0.5970027164927066
3848,19098.0,0.0,0.5464333172484106,0.45356668275158946
3849,19109.0,0.0,0.5598630866419078,0.44013691335809235
3850,19121.0,1.0,0.33854187019982296,0.6614581298001769
3851,19127.0,1.0,0.47711006394280675,0.5228899360571932
3852,19133.0,0.0,0.5731173866511111,0.42688261334888894
3853,19140.0,1.0,0.43170106146476406,0.568298938535236
3854,19150.0,1.0,0.44020645640420936,0.5597935435957908
3855,19152.0,1.0,0.030990990329289363,0.9690090096707107
3856,19153.0,1.0,0.4897841557270162,0.5102158442729838
3857,19159.0,1.0,0.40332974218747003,0.59667025781253
3858,19164.0,1.0,0.46840608389505667,0.5315939161049434
3859,19178.0,1.0,0.40808786436044303,0.5919121356395571
3860,19179.0,1.0,0.45666318825349816,0.543336811746502
3861,19181.0,0.0,0.5878642698535682,0.4121357301464317
3862,19184.0,0.0,0.5369221513829379,0.4630778486170622
3863,19189.0,0.0,0.5675414701797369,0.432458529820263
3864,19190.0,0.0,0.5152482108783011,0.48475178912169886
3865,19192.0,1.0,0.4863558008252745,0.5136441991747255
3866,19201.0,1.0,0.42180703313141216,0.5781929668685879
3867,19203.0,0.0,0.5571530276783184,0.44284697232168146
3868,19204.0,0.0,0.5456641435589787,0.4543358564410211
3869,19206.0,1.0,0.030541977818867482,0.9694580221811325
3870,19207.0,1.0,0.4439617696015917,0.5560382303984084
3871,19211.0,1.0,0.47111953102943765,0.5288804689705623
3872,19214.0,1.0,0.4286733639509328,0.5713266360490673
3873,19215.0,1.0,0.4763675084956446,0.5236324915043553
3874,19216.0,1.0,0.4969120051413297,0.5030879948586704
3875,19217.0,0.0,0.5261891208703444,0.47381087912965564
3876,19223.0,0.0,0.5831011312966153,0.4168988687033848
3877,19224.0,1.0,0.48019623064950073,0.5198037693504992
3878,19237.0,0.0,0.5761913354799494,0.4238086645200505
3879,19238.0,1.0,0.02922916868242733,0.9707708313175728
3880,19247.0,1.0,0.39922457445478554,0.6007754255452145
3881,19249.0,0.0,0.5112254080080106,0.4887745919919893
3882,19250.0,1.0,0.4003316462211864,0.5996683537788138
3883,19252.0,0.0,0.521235484012303,0.4787645159876969
3884,19254.0,0.0,0.6530523212075795,0.34694767879242056
3885,19264.0,1.0,0.4614522157130248,0.5385477842869753
3886,19267.0,1.0,0.4927062852029272,0.5072937147970729
3887,19269.0,1.0,0.4550255733024969,0.544974426697503
3888,19271.0,1.0,0.06422886463914146,0.9357711353608587
3889,19272.0,0.0,0.5886443049157917,0.4113556950842084
3890,19289.0,0.0,0.5400993457852964,0.45990065421470355
3891,19293.0,1.0,0.4026710050726506,0.5973289949273498
3892,19311.0,1.0,0.45602931510037564,0.5439706848996244
3893,19316.0,1.0,0.4599712211851359,0.5400287788148642
3894,19321.0,1.0,0.41248608403619064,0.5875139159638095
3895,19322.0,1.0,0.48342037752211664,0.5165796224778834
3896,19325.0,1.0,0.04249038454432921,0.9575096154556707
3897,19328.0,1.0,0.04277067971284548,0.9572293202871546
3898,19329.0,0.0,0.5099419357568457,0.4900580642431543
3899,19330.0,1.0,0.42002716956987285,0.5799728304301274
3900,19336.0,1.0,0.47904581428075993,0.5209541857192401
3901,19341.0,1.0,0.37222905998793854,0.6277709400120617
3902,19345.0,0.0,0.6466476117778049,0.3533523882221951
3903,19346.0,0.0,0.5173426362175605,0.4826573637824395
3904,19349.0,0.0,0.5287669705288192,0.4712330294711808
3905,19358.0,0.0,0.5205622645355513,0.47943773546444857
3906,19359.0,1.0,0.3796500015823218,0.6203499984176782
3907,19374.0,1.0,0.40668397331432665,0.5933160266856735
3908,19375.0,1.0,0.37041096089281056,0.6295890391071898
3909,19384.0,0.0,0.5823190691559809,0.4176809308440193
3910,19388.0,1.0,0.37467179342690443,0.6253282065730958
3911,19389.0,1.0,0.3236938573676758,0.6763061426323244
3912,19390.0,0.0,0.560360128555291,0.43963987144470906
3913,19402.0,1.0,0.3903907867420003,0.6096092132579997
3914,19403.0,1.0,0.49030583087442736,0.5096941691255726
3915,19404.0,1.0,0.3654496352331241,0.634550364766876
3916,19425.0,1.0,0.038976228179154825,0.9610237718208452
3917,19427.0,1.0,0.407061366688938,0.5929386333110622
3918,19428.0,1.0,0.03477115921908591,0.9652288407809141
3919,19436.0,0.0,0.6135578440747533,0.3864421559252466
3920,19439.0,0.0,0.6294860974218363,0.3705139025781635
3921,19442.0,1.0,0.4468717077006785,0.5531282922993216
3922,19445.0,1.0,0.4474180582841122,0.5525819417158877
3923,19449.0,0.0,0.5702374634780351,0.4297625365219651
3924,19462.0,0.0,0.5257505588049046,0.4742494411950954
3925,19467.0,0.0,0.695651600564224,0.30434839943577613
3926,19476.0,1.0,0.4204845728368209,0.5795154271631792
3927,19491.0,1.0,0.46916539779050404,0.5308346022094961
3928,19501.0,0.0,0.5395622041735745,0.46043779582642536
3929,19502.0,0.0,0.5716966988639227,0.42830330113607734
3930,19507.0,1.0,0.06160413734976001,0.93839586265024
3931,19514.0,0.0,0.5280475805758446,0.47195241942415556
3932,19515.0,1.0,0.3768443862824984,0.6231556137175019
3933,19516.0,1.0,0.04917709722256615,0.950822902777434
3934,19519.0,0.0,0.5778091662494128,0.42219083375058736
3935,19530.0,1.0,0.4224590235410362,0.5775409764589636
3936,19533.0,1.0,0.4601800580423065,0.5398199419576933
3937,19537.0,0.0,0.5270346604288387,0.47296533957116127
3938,19540.0,1.0,0.4965565629192018,0.5034434370807981
3939,19541.0,1.0,0.4711971154103981,0.5288028845896018
3940,19548.0,1.0,0.037779962595091005,0.9622200374049092
3941,19565.0,1.0,0.4732923176165902,0.5267076823834098
3942,19566.0,1.0,0.4978472824211263,0.5021527175788737
3943,19575.0,0.0,0.591043309879426,0.4089566901205739
3944,19579.0,1.0,0.483117302358103,0.5168826976418971
3945,19585.0,1.0,0.4608471820798915,0.5391528179201086
3946,19589.0,1.0,0.49300998798430085,0.506990012015699
3947,19591.0,1.0,0.495135036025303,0.504864963974697
3948,19592.0,0.0,0.6132042905786526,0.38679570942134717
3949,19594.0,1.0,0.019053376974437708,0.9809466230255623
3950,19595.0,0.0,0.556977895920195,0.443022104079805
3951,19597.0,1.0,0.4009741044463249,0.599025895553675
3952,19602.0,1.0,0.412112211003775,0.5878877889962251
3953,19623.0,1.0,0.4104326973099323,0.5895673026900676
3954,19638.0,1.0,0.4035523046451711,0.5964476953548291
3955,19646.0,1.0,0.3776380654311061,0.622361934568894
3956,19648.0,0.0,0.5653845621866416,0.4346154378133583
3957,19654.0,0.0,0.5816123398034505,0.41838766019654955
3958,19662.0,0.0,0.578001414229295,0.4219985857707049
3959,19672.0,0.0,0.6119957702258079,0.3880042297741921
3960,19676.0,1.0,0.49285871945082876,0.5071412805491712
3961,19678.0,0.0,0.6431804067439935,0.3568195932560067
3962,19685.0,0.0,0.6184501671855087,0.3815498328144912
3963,19691.0,1.0,0.4713960425582258,0.5286039574417742
3964,19696.0,1.0,0.03361271462301654,0.9663872853769836
3965,19697.0,0.0,0.5848537588096427,0.41514624119035737
3966,19699.0,0.0,0.6531486943494617,0.34685130565053834
3967,19701.0,0.0,0.5213466441977122,0.4786533558022878
3968,19734.0,1.0,0.4437715606750203,0.5562284393249796
3969,19740.0,1.0,0.4550461420753606,0.5449538579246394
3970,19741.0,1.0,0.4907385059411181,0.5092614940588818
3971,19742.0,1.0,0.04749052444760374,0.9525094755523963
3972,19749.0,0.0,0.6662594563892792,0.3337405436107209
3973,19750.0,1.0,0.46955782218529896,0.530442177814701
3974,19754.0,1.0,0.040292694868867836,0.9597073051311321
3975,19757.0,1.0,0.4543910619294305,0.5456089380705695
3976,19758.0,0.0,0.5650289069031528,0.4349710930968474
3977,19769.0,1.0,0.4110892541922429,0.5889107458077573
3978,19771.0,0.0,0.5690136863293014,0.4309863136706984
3979,19779.0,1.0,0.43929984232196373,0.5607001576780363
3980,19781.0,1.0,0.37641370877567504,0.6235862912243254
3981,19789.0,1.0,0.37694468236863216,0.623055317631368
3982,19800.0,1.0,0.4634309261280283,0.5365690738719718
3983,19801.0,0.0,0.6329974181125998,0.36700258188740015
3984,19808.0,0.0,0.627126683235479,0.37287331676452096
3985,19819.0,1.0,0.4949640780532015,0.5050359219467986
3986,19829.0,0.0,0.5136357489879491,0.486364251012051
3987,19837.0,1.0,0.3876478727989761,0.6123521272010239
3988,19841.0,1.0,0.4672283243681273,0.5327716756318727
3989,19851.0,1.0,0.03256392803532341,0.9674360719646765
3990,19857.0,1.0,0.49110310681206365,0.5088968931879364
3991,19858.0,1.0,0.3890761355846814,0.6109238644153188
3992,19861.0,0.0,0.5521694445094757,0.4478305554905241
3993,19869.0,0.0,0.5465435812900108,0.4534564187099891
3994,19874.0,0.0,0.5222476943239692,0.47775230567603083
3995,19884.0,1.0,0.4020318908488255,0.5979681091511747
3996,19886.0,1.0,0.40146202018789856,0.5985379798121016
3997,19891.0,0.0,0.5384969072838842,0.4615030927161158
3998,19893.0,0.0,0.5184482856574105,0.4815517143425893
3999,19899.0,0.0,0.5996670800101161,0.4003329199898839
4000,19900.0,1.0,0.04888056404947201,0.951119435950528
4001,19902.0,0.0,0.5334433260347611,0.4665566739652388
4002,19909.0,0.0,0.5269068063969677,0.4730931936030322
4003,19911.0,1.0,0.3966889885499944,0.6033110114500058
4004,19912.0,1.0,0.4083781121750844,0.5916218878249158
4005,19915.0,0.0,0.6125928608278934,0.38740713917210656
4006,19918.0,1.0,0.056704208611274017,0.9432957913887262
4007,19927.0,0.0,0.5495295680425276,0.4504704319574722
4008,19929.0,0.0,0.5369475371115178,0.46305246288848223
4009,19940.0,0.0,0.5941809975583622,0.40581900244163777
4010,19946.0,0.0,0.5715755542905804,0.42842444570941945
4011,19950.0,1.0,0.45717234396248246,0.5428276560375176
4012,19960.0,0.0,0.6304543445175197,0.3695456554824802
4013,19966.0,0.0,0.5070566872352708,0.49294331276472925
4014,19972.0,0.0,0.5473620502296968,0.45263794977030336
4015,19975.0,0.0,0.5324709738507941,0.46752902614920594
4016,19976.0,0.0,0.5477967770390197,0.4522032229609803
4017,19977.0,0.0,0.5065857389451535,0.4934142610548466
4018,19983.0,1.0,0.4591111729798593,0.5408888270201406
4019,19987.0,1.0,0.4818539597074993,0.5181460402925007
4020,19995.0,0.0,0.6915924023021188,0.30840759769788123
4021,20002.0,1.0,0.49755451540136714,0.5024454845986328
4022,20004.0,0.0,0.552760568531064,0.4472394314689358
4023,20011.0,0.0,0.6772451030116694,0.3227548969883307
4024,20013.0,1.0,0.4284886329847567,0.5715113670152434
4025,20026.0,1.0,0.4981892338358802,0.5018107661641197
4026,20047.0,0.0,0.5356648345828525,0.4643351654171473
4027,20054.0,1.0,0.024633293864762748,0.9753667061352372
4028,20055.0,1.0,0.09641118216283258,0.9035888178371674
4029,20062.0,1.0,0.46304170333385086,0.5369582966661491
4030,20068.0,1.0,0.37210862122140465,0.6278913787785954
4031,20074.0,1.0,0.4194489276228943,0.5805510723771057
4032,20078.0,1.0,0.05645553713023567,0.9435444628697642
4033,20081.0,1.0,0.39651551468919766,0.6034844853108027
4034,20082.0,0.0,0.5407400803954912,0.45925991960450885
4035,20083.0,0.0,0.6285017232850221,0.37149827671497815
4036,20086.0,0.0,0.5479183513194011,0.45208164868059897
4037,20092.0,0.0,0.5857225203571793,0.41427747964282063
4038,20098.0,0.0,0.5987250846899719,0.4012749153100282
4039,20106.0,0.0,0.5278940600188177,0.47210593998118233
4040,20110.0,1.0,0.336736795788933,0.663263204211067
4041,20114.0,1.0,0.41397002607320743,0.5860299739267927
4042,20124.0,0.0,0.5585459889430756,0.44145401105692444
4043,20139.0,1.0,0.3990411634073788,0.6009588365926213
4044,20140.0,0.0,0.5423660447017867,0.4576339552982131
4045,20147.0,1.0,0.41195903983656135,0.5880409601634387
4046,20155.0,1.0,0.4367870454457409,0.5632129545542592
4047,20156.0,0.0,0.570265669871586,0.429734330128414
4048,20160.0,1.0,0.3939776055420892,0.6060223944579108
4049,20162.0,1.0,0.3537686039246044,0.6462313960753957
4050,20167.0,1.0,0.4703842597841159,0.5296157402158844
4051,20175.0,1.0,0.37755269919947,0.6224473008005302
4052,20177.0,0.0,0.5659819043797927,0.43401809562020743
4053,20178.0,1.0,0.48190153729033136,0.5180984627096686
4054,20180.0,1.0,0.4636296998590186,0.5363703001409813
4055,20181.0,1.0,0.3455327001834691,0.6544672998165312
4056,20189.0,0.0,0.6079125367251033,0.3920874632748967
4057,20200.0,0.0,0.5381713986380268,0.46182860136197307
4058,20203.0,1.0,0.38950095574102894,0.6104990442589714
4059,20218.0,1.0,0.45875282576872367,0.5412471742312763
4060,20225.0,1.0,0.37938324911237126,0.6206167508876288
4061,20226.0,1.0,0.4762789331614755,0.5237210668385246
4062,20230.0,1.0,0.4969349241003717,0.5030650758996282
4063,20231.0,0.0,0.5279364426502571,0.4720635573497431
4064,20232.0,1.0,0.4233081163175145,0.5766918836824854
4065,20237.0,0.0,0.5019115893262901,0.4980884106737099
4066,20242.0,0.0,0.5236337270919281,0.476366272908072
4067,20248.0,0.0,0.5552750228083847,0.44472497719161547
4068,20249.0,1.0,0.4981254395817927,0.5018745604182073
4069,20252.0,1.0,0.40188667924286603,0.5981133207571341
4070,20262.0,0.0,0.5646582038121798,0.4353417961878202
4071,20269.0,0.0,0.5914057734448405,0.4085942265551596
4072,20272.0,1.0,0.4125945254245254,0.5874054745754747
4073,20275.0,0.0,0.5578040656520378,0.4421959343479623
4074,20281.0,1.0,0.38365493753088514,0.616345062469115
4075,20283.0,1.0,0.4559102726930575,0.5440897273069425
4076,20284.0,1.0,0.4190946998556445,0.5809053001443555
4077,20287.0,1.0,0.3967833094295338,0.6032166905704662
4078,20288.0,0.0,0.651759666912039,0.34824033308796104
4079,20290.0,0.0,0.6628594311334226,0.3371405688665773
4080,20292.0,1.0,0.03905218002898168,0.9609478199710182
4081,20294.0,0.0,0.5393669276154182,0.46063307238458173
4082,20300.0,0.0,0.5190001449448685,0.48099985505513154
4083,20311.0,0.0,0.7201017564985278,0.2798982435014721
4084,20312.0,1.0,0.4808893985628866,0.5191106014371133
4085,20313.0,1.0,0.4640457630408229,0.535954236959177
4086,20317.0,1.0,0.498544921719323,0.501455078280677
4087,20319.0,1.0,0.43067618573186217,0.5693238142681378
4088,20321.0,0.0,0.6436075082742737,0.3563924917257262
4089,20326.0,1.0,0.48738423874987197,0.512615761250128
4090,20331.0,1.0,0.4168872016284284,0.5831127983715717
4091,20336.0,1.0,0.02679625170417735,0.9732037482958227
4092,20337.0,1.0,0.3676005354539622,0.6323994645460382
4093,20339.0,1.0,0.4112340064286492,0.5887659935713508
4094,20350.0,0.0,0.5476587309935712,0.45234126900642885
4095,20355.0,0.0,0.5570314719509089,0.4429685280490909
4096,20356.0,1.0,0.4737357181445219,0.526264281855478
4097,20360.0,1.0,0.34418936978662196,0.6558106302133782
4098,20362.0,0.0,0.502583389847678,0.49741661015232197
4099,20363.0,0.0,0.5651391483288019,0.4348608516711982
4100,20366.0,0.0,0.5536441782646411,0.44635582173535887
4101,20374.0,1.0,0.49440459721691177,0.5055954027830882
4102,20381.0,1.0,0.46889218283660083,0.5311078171633992
4103,20384.0,0.0,0.5443197819329982,0.45568021806700165
4104,20399.0,1.0,0.40878125570615487,0.591218744293845
4105,20400.0,1.0,0.3936015401592005,0.6063984598407997
4106,20405.0,1.0,0.43879795085099,0.5612020491490101
4107,20408.0,0.0,0.5167594925103943,0.4832405074896054
4108,20410.0,1.0,0.3799042979268037,0.6200957020731965
4109,20416.0,1.0,0.47774682442827265,0.5222531755717273
4110,20420.0,1.0,0.4272743940180412,0.5727256059819588
4111,20426.0,1.0,0.3872882437258111,0.6127117562741891
4112,20428.0,1.0,0.3966920782160255,0.6033079217839746
4113,20432.0,1.0,0.4839904191336709,0.516009580866329
4114,20433.0,0.0,0.613272380944157,0.386727619055843
4115,20439.0,1.0,0.48972067890511006,0.51027932109489
4116,20446.0,0.0,0.5161384098230959,0.48386159017690417
4117,20448.0,1.0,0.4324349230376521,0.567565076962348
4118,20451.0,1.0,0.4368140329102142,0.5631859670897859
4119,20453.0,0.0,0.5074953357039306,0.49250466429606937
4120,20463.0,1.0,0.4135461062022944,0.5864538937977055
4121,20475.0,1.0,0.055415304674371155,0.9445846953256287
4122,20476.0,1.0,0.487788099246104,0.5122119007538959
4123,20479.0,0.0,0.5132053374033321,0.48679466259666787
4124,20481.0,1.0,0.036745011688972526,0.9632549883110275
4125,20486.0,0.0,0.5685254849813998,0.4314745150186001
4126,20495.0,1.0,0.44481377414845275,0.5551862258515472
4127,20497.0,1.0,0.3366410787387256,0.6633589212612746
4128,20499.0,0.0,0.5605046158832111,0.4394953841167888
4129,20502.0,1.0,0.3432943342961745,0.6567056657038256
4130,20503.0,1.0,0.39067909337528195,0.6093209066247183
4131,20504.0,0.0,0.6284556569460641,0.37154434305393563
4132,20507.0,1.0,0.3981177729253557,0.6018822270746442
4133,20508.0,1.0,0.48000037828508224,0.5199996217149176
4134,20514.0,0.0,0.5076833623836131,0.49231663761638694
4135,20522.0,0.0,0.6339464317973862,0.36605356820261375
4136,20529.0,1.0,0.4016644677649686,0.5983355322350316
4137,20541.0,1.0,0.4866231468732954,0.5133768531267047
4138,20548.0,1.0,0.04484643557992835,0.9551535644200717
4139,20557.0,0.0,0.5349249688832597,0.46507503111674015
4140,20560.0,1.0,0.4870997801928634,0.5129002198071365
4141,20564.0,0.0,0.6108984815336247,0.38910151846637525
4142,20568.0,0.0,0.5481754155519053,0.45182458444809454
4143,20570.0,1.0,0.4372204695915981,0.5627795304084019
4144,20573.0,1.0,0.49571791012832245,0.5042820898716776
4145,20584.0,1.0,0.3883601431614302,0.6116398568385698
4146,20588.0,0.0,0.5514615060272239,0.4485384939727761
4147,20589.0,0.0,0.5831027612884888,0.4168972387115112
4148,20591.0,0.0,0.6473494805174874,0.35265051948251225
4149,20599.0,1.0,0.46634475618030247,0.5336552438196978
4150,20603.0,1.0,0.4036660956577394,0.5963339043422606
4151,20605.0,1.0,0.45167266949777685,0.5483273305022233
4152,20610.0,1.0,0.4707409867894611,0.5292590132105389
4153,20614.0,1.0,0.4618246886714637,0.5381753113285364
4154,20618.0,1.0,0.3833887700715102,0.6166112299284899
4155,20623.0,0.0,0.5891592620457689,0.41084073795423093
4156,20625.0,1.0,0.40579941496349403,0.594200585036506
4157,20629.0,0.0,0.5268261883290335,0.4731738116709665
4158,20632.0,1.0,0.48667016214170983,0.51332983785829
4159,20638.0,0.0,0.5247501611826197,0.47524983881738014
4160,20639.0,1.0,0.36300068347804115,0.6369993165219588
4161,20641.0,1.0,0.4051020367557949,0.5948979632442053
4162,20642.0,1.0,0.38431953299050614,0.6156804670094939
4163,20646.0,0.0,0.5226501265752117,0.4773498734247884
4164,20647.0,1.0,0.47828817419434794,0.521711825805652
4165,20650.0,0.0,0.524515225439665,0.4754847745603349
4166,20651.0,1.0,0.4772837331762771,0.5227162668237229
4167,20652.0,1.0,0.44631767517030013,0.5536823248296996
4168,20669.0,0.0,0.5821761627956213,0.4178238372043785
4169,20670.0,1.0,0.4228520501772882,0.5771479498227119
4170,20681.0,1.0,0.37685379241638806,0.623146207583612
4171,20689.0,0.0,0.6271309229601993,0.3728690770398008
4172,20691.0,1.0,0.41114705714601735,0.5888529428539829
4173,20702.0,1.0,0.4926472739636557,0.5073527260363442
4174,20704.0,1.0,0.4083138170097417,0.5916861829902582
4175,20709.0,1.0,0.4607675689791146,0.5392324310208856
4176,20710.0,1.0,0.4684205057644097,0.5315794942355903
4177,20715.0,0.0,0.6624275095542552,0.33757249044574494
4178,20716.0,1.0,0.3805917131602579,0.6194082868397423
4179,20719.0,1.0,0.4964176286079732,0.5035823713920267
4180,20720.0,1.0,0.43330086752638836,0.5666991324736117
4181,20731.0,1.0,0.4066050852955339,0.593394914704466
4182,20732.0,1.0,0.06636914816975328,0.9336308518302467
4183,20739.0,0.0,0.5246702708164596,0.47532972918354033
4184,20740.0,1.0,0.3659660225386075,0.6340339774613928
4185,20747.0,1.0,0.4090186771502903,0.5909813228497096
4186,20748.0,1.0,0.4078485719785164,0.5921514280214838
4187,20749.0,1.0,0.3864623712548898,0.6135376287451103
4188,20751.0,1.0,0.4118787489271536,0.5881212510728464
4189,20752.0,1.0,0.39741119633312116,0.6025888036668791
4190,20754.0,0.0,0.6057449825087163,0.39425501749128355
4191,20762.0,0.0,0.5565150253403417,0.44348497465965814
4192,20765.0,1.0,0.44453170686435983,0.5554682931356403
4193,20769.0,1.0,0.40657990906836255,0.5934200909316375
4194,20774.0,1.0,0.41426721788815796,0.5857327821118422
4195,20779.0,0.0,0.572201722004585,0.4277982779954151
4196,20780.0,0.0,0.5281662180603203,0.4718337819396797
4197,20788.0,1.0,0.4962305362123237,0.5037694637876764
4198,20789.0,0.0,0.6646300831223777,0.335369916877622
4199,20790.0,1.0,0.3794826860648383,0.620517313935162
4200,20802.0,0.0,0.5471608404678903,0.4528391595321096
4201,20822.0,1.0,0.49896928127766804,0.5010307187223318
4202,20825.0,1.0,0.49398102263396576,0.5060189773660343
4203,20829.0,1.0,0.4689912102651544,0.5310087897348457
4204,20838.0,0.0,0.5218176662498627,0.47818233375013725
4205,20839.0,0.0,0.5724299762536333,0.4275700237463667
4206,20844.0,1.0,0.44675688458880664,0.5532431154111933
4207,20852.0,0.0,0.5063213538799411,0.4936786461200589
4208,20861.0,1.0,0.4037840650064722,0.5962159349935279
4209,20873.0,1.0,0.03419024664276306,0.965809753357237
4210,20880.0,0.0,0.5697296348748838,0.4302703651251163
4211,20886.0,1.0,0.39605704729780733,0.6039429527021927
4212,20887.0,1.0,0.47086778397296664,0.5291322160270333
4213,20889.0,1.0,0.42304080822051227,0.5769591917794878
4214,20892.0,0.0,0.5262328880367146,0.4737671119632855
4215,20933.0,1.0,0.42928814945803706,0.5707118505419628
4216,20947.0,0.0,0.5364334006608774,0.46356659933912264
4217,20958.0,1.0,0.4800819446932283,0.5199180553067719
4218,20961.0,1.0,0.4156674834662317,0.5843325165337683
4219,20962.0,0.0,0.626309056921543,0.37369094307845674
4220,20974.0,1.0,0.3697580951428421,0.630241904857158
4221,20994.0,1.0,0.4751877742930796,0.5248122257069203
4222,20997.0,0.0,0.6311111801277796,0.36888881987222055
4223,21002.0,1.0,0.494773978186445,0.505226021813555
4224,21003.0,0.0,0.5712150747701998,0.42878492522980016
4225,21006.0,0.0,0.5794115091504746,0.42058849084952526
4226,21009.0,0.0,0.5246872953514654,0.4753127046485346
4227,21015.0,1.0,0.39125189644364866,0.6087481035563514
4228,21017.0,1.0,0.4481365445193532,0.5518634554806467
4229,21020.0,0.0,0.6142177007740959,0.3857822992259044
4230,21027.0,1.0,0.43692343910556486,0.563076560894435
4231,21044.0,0.0,0.5399101486907445,0.4600898513092555
4232,21047.0,1.0,0.4088431841437501,0.59115681585625
4233,21049.0,1.0,0.4803722547061827,0.5196277452938172
4234,21053.0,0.0,0.5145779419048124,0.4854220580951877
4235,21057.0,1.0,0.06725512090870633,0.9327448790912938
4236,21058.0,1.0,0.3658734904488253,0.6341265095511749
4237,21061.0,1.0,0.46482494406071523,0.5351750559392847
4238,21067.0,0.0,0.5303774024423972,0.4696225975576029
4239,21068.0,1.0,0.40435292019013536,0.5956470798098646
4240,21074.0,1.0,0.42099241347552485,0.5790075865244753
4241,21088.0,0.0,0.6393765969988778,0.36062340300112194
4242,21091.0,1.0,0.42914428112482184,0.5708557188751784
4243,21092.0,1.0,0.45533087263555755,0.5446691273644424
4244,21093.0,0.0,0.630364085677919,0.3696359143220808
4245,21096.0,1.0,0.37143930684153903,0.6285606931584611
4246,21101.0,0.0,0.6765014735019537,0.32349852649804633
4247,21108.0,1.0,0.3552099143161992,0.6447900856838009
4248,21115.0,1.0,0.06851486992056068,0.9314851300794393
4249,21117.0,1.0,0.4260820850972269,0.5739179149027732
4250,21119.0,1.0,0.3716085863367351,0.628391413663265
4251,21128.0,1.0,0.37739760616683354,0.6226023938331668
4252,21130.0,0.0,0.6587620974987182,0.3412379025012814
4253,21144.0,0.0,0.5197081682033438,0.48029183179665613
4254,21151.0,0.0,0.525162099737832,0.4748379002621679
4255,21154.0,1.0,0.461675969264285,0.538324030735715
4256,21155.0,1.0,0.4249640927201213,0.5750359072798787
4257,21160.0,0.0,0.5026649792666151,0.4973350207333849
4258,21164.0,0.0,0.5839977370895295,0.41600226291047027
4259,21165.0,0.0,0.51296597169768,0.48703402830231995
4260,21166.0,1.0,0.485202023447308,0.514797976552692
4261,21168.0,1.0,0.4383475374702526,0.5616524625297474
4262,21170.0,0.0,0.6409784153917147,0.35902158460828515
4263,21176.0,1.0,0.04305813140469285,0.956941868595307
4264,21180.0,1.0,0.4757861835649586,0.5242138164350415
4265,21190.0,1.0,0.031971976910921726,0.9680280230890783
4266,21191.0,1.0,0.4296656949029323,0.570334305097068
4267,21196.0,1.0,0.495816326769909,0.5041836732300911
4268,21198.0,1.0,0.047265251035928754,0.9527347489640712
4269,21206.0,1.0,0.4714191695127882,0.5285808304872119
4270,21207.0,1.0,0.4029860389935709,0.5970139610064291
4271,21211.0,0.0,0.6249925652474032,0.3750074347525967
4272,21221.0,0.0,0.5748751384350251,0.425124861564975
4273,21223.0,1.0,0.0371863379015879,0.9628136620984119
4274,21233.0,0.0,0.5453316878934625,0.45466831210653735
4275,21238.0,1.0,0.43709629845336784,0.562903701546632
4276,21239.0,1.0,0.45283001229504977,0.5471699877049503
4277,21243.0,1.0,0.42242547059076835,0.5775745294092318
4278,21260.0,1.0,0.4932951904932947,0.5067048095067053
4279,21262.0,1.0,0.4072344274158634,0.5927655725841366
4280,21264.0,1.0,0.3859001751056852,0.6140998248943149
4281,21274.0,0.0,0.5407941123893707,0.45920588761062914
4282,21277.0,1.0,0.3954479457453207,0.6045520542546793
4283,21278.0,1.0,0.3839287689780864,0.6160712310219137
4284,21283.0,0.0,0.5610671304843124,0.4389328695156876
4285,21287.0,0.0,0.5632808800256527,0.43671911997434726
4286,21288.0,0.0,0.5333228962017283,0.46667710379827154
4287,21289.0,1.0,0.4094081474168707,0.5905918525831293
4288,21298.0,0.0,0.5144905004627965,0.4855094995372034
4289,21300.0,0.0,0.5757649986148488,0.4242350013851513
4290,21301.0,0.0,0.5035453801427955,0.49645461985720457
4291,21306.0,1.0,0.48048359212250924,0.5195164078774909
4292,21315.0,1.0,0.40770556571804306,0.592294434281957
4293,21318.0,0.0,0.5045266731155779,0.49547332688442225
4294,21324.0,1.0,0.3847931136573402,0.61520688634266
4295,21333.0,1.0,0.49175805164181596,0.5082419483581839
4296,21335.0,0.0,0.533722930235176,0.46627706976482386
4297,21342.0,1.0,0.4403141377804214,0.5596858622195786
4298,21352.0,0.0,0.609842726765252,0.39015727323474814
4299,21355.0,0.0,0.5916029802676068,0.4083970197323932
4300,21356.0,1.0,0.026130725496569654,0.9738692745034304
4301,21361.0,0.0,0.55963221539156,0.44036778460843984
4302,21369.0,0.0,0.5018537599252418,0.49814624007475816
4303,21370.0,0.0,0.5992062413248521,0.4007937586751478
4304,21371.0,1.0,0.037226380298990905,0.9627736197010089
4305,21376.0,1.0,0.43763648779181535,0.5623635122081848
4306,21377.0,1.0,0.3920946935496126,0.6079053064503874
4307,21381.0,0.0,0.6662393008919915,0.3337606991080085
4308,21388.0,1.0,0.451922415787151,0.5480775842128491
4309,21396.0,0.0,0.544752207570339,0.45524779242966085
4310,21404.0,1.0,0.39765986653969576,0.6023401334603043
4311,21405.0,1.0,0.4052425255920899,0.5947574744079104
4312,21424.0,1.0,0.443204477241159,0.556795522758841
4313,21430.0,1.0,0.39606053326375706,0.6039394667362431
4314,21452.0,1.0,0.4177704972837018,0.5822295027162983
4315,21460.0,0.0,0.5244074298471348,0.4755925701528652
4316,21464.0,1.0,0.4874988400143077,0.5125011599856922
4317,21466.0,0.0,0.5683261876212105,0.4316738123787895
4318,21477.0,1.0,0.39368498993821005,0.6063150100617901
4319,21481.0,0.0,0.529666224880929,0.470333775119071
4320,21482.0,1.0,0.48445040417985014,0.5155495958201499
4321,21486.0,1.0,0.3867048579224669,0.6132951420775332
4322,21495.0,1.0,0.4088833589235581,0.5911166410764419
4323,21502.0,1.0,0.40042458942165937,0.5995754105783409
4324,21504.0,1.0,0.4043275816498006,0.5956724183501995
4325,21509.0,0.0,0.5687282562163185,0.4312717437836814
4326,21513.0,1.0,0.4444296090422759,0.5555703909577244
4327,21514.0,1.0,0.45982269805440873,0.5401773019455915
4328,21520.0,0.0,0.5169883125069408,0.48301168749305917
4329,21523.0,1.0,0.40523522438026427,0.594764775619736
4330,21524.0,1.0,0.04481827832491461,0.9551817216750854
4331,21528.0,1.0,0.42775368534081815,0.572246314659182
4332,21543.0,1.0,0.3994010029606913,0.6005989970393087
4333,21544.0,1.0,0.4460557073214682,0.5539442926785317
4334,21555.0,0.0,0.6417804061429419,0.3582195938570581
4335,21561.0,0.0,0.5466107531979134,0.45338924680208664
4336,21568.0,1.0,0.42641948990811573,0.5735805100918845
4337,21582.0,0.0,0.5261663364044346,0.4738336635955656
4338,21584.0,1.0,0.4774750511644738,0.5225249488355262
4339,21588.0,1.0,0.4182964545809094,0.5817035454190906
4340,21598.0,0.0,0.6544547408065242,0.34554525919347606
4341,21610.0,0.0,0.5410755664784991,0.45892443352150086
4342,21614.0,1.0,0.4402563093436262,0.5597436906563736
4343,21615.0,0.0,0.5321322930576664,0.46786770694233354
4344,21616.0,1.0,0.3774250057315933,0.6225749942684066
4345,21618.0,1.0,0.4747803519420961,0.525219648057904
4346,21625.0,0.0,0.5899497377158016,0.4100502622841983
4347,21632.0,0.0,0.6341347949919552,0.3658652050080447
4348,21634.0,0.0,0.5460130459202209,0.4539869540797792
4349,21637.0,0.0,0.6164434767366926,0.3835565232633074
4350,21647.0,0.0,0.5294933782381501,0.4705066217618499
4351,21649.0,0.0,0.5766289090177126,0.4233710909822874
4352,21651.0,0.0,0.7002725719515358,0.2997274280484641
4353,21655.0,1.0,0.45016404302475893,0.549835956975241
4354,21656.0,1.0,0.40489714983666886,0.5951028501633311
4355,21658.0,1.0,0.3953359375311844,0.6046640624688159
4356,21662.0,0.0,0.6130738732583602,0.38692612674163973
4357,21671.0,0.0,0.549666991759365,0.45033300824063494
4358,21672.0,1.0,0.44662649998520165,0.5533735000147982
4359,21675.0,1.0,0.39451235575001087,0.6054876442499892
4360,21679.0,1.0,0.4660768370228505,0.5339231629771496
4361,21686.0,1.0,0.49797218096479184,0.5020278190352081
4362,21689.0,0.0,0.5619697743185291,0.4380302256814707
4363,21703.0,1.0,0.020777483812559477,0.9792225161874406
4364,21704.0,0.0,0.5744825944403534,0.42551740555964657
4365,21705.0,0.0,0.5468164000821951,0.45318359991780477
4366,21707.0,1.0,0.40539625844759386,0.5946037415524061
4367,21712.0,1.0,0.35685525796413037,0.6431447420358698
4368,21714.0,1.0,0.4608865899680463,0.5391134100319538
4369,21715.0,0.0,0.577140606394888,0.42285939360511193
4370,21724.0,1.0,0.39857498342262,0.6014250165773802
4371,21732.0,1.0,0.4337035002401788,0.566296499759821
4372,21744.0,1.0,0.4224478778927762,0.5775521221072237
4373,21748.0,1.0,0.39422311652404857,0.6057768834759516
4374,21752.0,1.0,0.48301641908188314,0.5169835809181169
4375,21755.0,1.0,0.35994706301971585,0.6400529369802845
4376,21762.0,1.0,0.39457887856259694,0.6054211214374032
4377,21763.0,1.0,0.40760219289239585,0.5923978071076043
4378,21771.0,0.0,0.6001740393844607,0.39982596061553943
4379,21776.0,0.0,0.5827517250539477,0.4172482749460522
4380,21778.0,1.0,0.4996781325979603,0.5003218674020399
4381,21781.0,0.0,0.5936947530279808,0.4063052469720192
4382,21782.0,1.0,0.4250663333566721,0.574933666643328
4383,21784.0,1.0,0.462573964312272,0.5374260356877278
4384,21785.0,0.0,0.5308752945754953,0.4691247054245044
4385,21786.0,1.0,0.44120524884354934,0.5587947511564507
4386,21788.0,1.0,0.426409215805399,0.573590784194601
4387,21790.0,0.0,0.5110650415430785,0.4889349584569214
4388,21793.0,1.0,0.47143078158042184,0.5285692184195782
4389,21794.0,0.0,0.6256473681904268,0.3743526318095731
4390,21798.0,1.0,0.41057454378491476,0.5894254562150851
4391,21801.0,0.0,0.5465078802080465,0.45349211979195353
4392,21807.0,0.0,0.5468014437439652,0.45319855625603467
4393,21821.0,0.0,0.5491694973632913,0.4508305026367085
4394,21834.0,0.0,0.6303377293724894,0.36966227062751045
4395,21838.0,0.0,0.6644722608754325,0.33552773912456774
4396,21839.0,1.0,0.4551336412884439,0.544866358711556
4397,21846.0,1.0,0.46428931570311294,0.5357106842968872
4398,21862.0,0.0,0.5116975749066505,0.4883024250933496
4399,21863.0,0.0,0.6171417642200866,0.38285823577991346
4400,21876.0,0.0,0.63491695789809,0.36508304210191006
4401,21900.0,1.0,0.06821250027013984,0.9317874997298604
4402,21901.0,1.0,0.4776509604383615,0.5223490395616384
4403,21910.0,1.0,0.4119527306215493,0.5880472693784508
4404,21912.0,0.0,0.650523771349486,0.3494762286505143
4405,21916.0,0.0,0.5481067383305455,0.45189326166945454
4406,21917.0,0.0,0.5860157760654138,0.4139842239345862
4407,21919.0,0.0,0.5154992864248571,0.4845007135751429
4408,21934.0,1.0,0.42299994904102184,0.5770000509589781
4409,21942.0,0.0,0.5348458316658441,0.4651541683341559
4410,21948.0,1.0,0.4644812864793702,0.5355187135206297
4411,21949.0,1.0,0.4015183815026136,0.5984816184973862
4412,21950.0,0.0,0.548802237386471,0.45119776261352884
4413,21952.0,0.0,0.5522390119650926,0.4477609880349073
4414,21955.0,1.0,0.41042883292881144,0.5895711670711888
4415,21960.0,1.0,0.4265719775427667,0.5734280224572332
4416,21964.0,0.0,0.5881355040358631,0.4118644959641369
4417,21967.0,1.0,0.4199195585069592,0.5800804414930407
4418,21969.0,0.0,0.5794886648960804,0.4205113351039196
4419,21973.0,1.0,0.42081999575326107,0.5791800042467391
4420,21974.0,1.0,0.4005423230724235,0.5994576769275767
4421,21977.0,1.0,0.4640466677579599,0.5359533322420403
4422,21981.0,0.0,0.5242429401787825,0.4757570598212174
4423,21986.0,1.0,0.3503137396825936,0.6496862603174067
4424,21990.0,0.0,0.6466939448969646,0.3533060551030354
4425,21992.0,1.0,0.48247186927709473,0.5175281307229053
4426,22011.0,0.0,0.6269395672985402,0.3730604327014596
4427,22017.0,1.0,0.4462259974281363,0.5537740025718638
4428,22021.0,0.0,0.6066859257231179,0.393314074276882
4429,22025.0,1.0,0.4823059650784587,0.5176940349215413
4430,22028.0,1.0,0.4653501183532168,0.5346498816467831
4431,22029.0,0.0,0.5158817119040142,0.4841182880959857
4432,22035.0,1.0,0.3961001354859224,0.6038998645140776
4433,22048.0,1.0,0.48719124126312147,0.5128087587368786
4434,22053.0,0.0,0.6070446766460901,0.39295532335391004
4435,22058.0,1.0,0.35660317865149593,0.6433968213485042
4436,22059.0,1.0,0.3460579808446975,0.6539420191553025
4437,22066.0,0.0,0.6143282615810657,0.38567173841893426
4438,22072.0,0.0,0.518433174408793,0.4815668255912067
4439,22074.0,0.0,0.5721054662444778,0.4278945337555221
4440,22075.0,1.0,0.4291997367581965,0.5708002632418036
4441,22081.0,1.0,0.38857626571464843,0.6114237342853518
4442,22086.0,1.0,0.05204987633991306,0.947950123660087
4443,22087.0,1.0,0.46980873677074014,0.5301912632292598
4444,22090.0,1.0,0.47107130763718347,0.5289286923628166
4445,22100.0,1.0,0.4463456007187883,0.553654399281212
4446,22112.0,1.0,0.028363975228436512,0.9716360247715634
4447,22114.0,1.0,0.47991032668811373,0.5200896733118863
4448,22118.0,1.0,0.3906702209409164,0.6093297790590837
4449,22122.0,1.0,0.49929673727965507,0.5007032627203449
4450,22143.0,0.0,0.5209656287023986,0.47903437129760124
4451,22151.0,0.0,0.6289969480368425,0.3710030519631575
4452,22167.0,0.0,0.5034346187935802,0.49656538120641985
4453,22186.0,0.0,0.5574001282574358,0.4425998717425643
4454,22192.0,1.0,0.42119138081276053,0.5788086191872394
4455,22196.0,0.0,0.575560078111021,0.424439921888979
4456,22218.0,0.0,0.5555696726620883,0.4444303273379115
4457,22220.0,0.0,0.5080070885171932,0.49199291148280677
4458,22224.0,1.0,0.41276367429046185,0.5872363257095383
4459,22228.0,0.0,0.5386175321413866,0.4613824678586134
4460,22229.0,0.0,0.5886195893886988,0.41138041061130104
4461,22230.0,0.0,0.6416867292415773,0.3583132707584227
4462,22234.0,1.0,0.39449936088357873,0.6055006391164214
4463,22238.0,1.0,0.43071983517308865,0.5692801648269114
4464,22241.0,0.0,0.5422611372042496,0.45773886279575016
4465,22244.0,1.0,0.42200917920717324,0.5779908207928266
4466,22245.0,1.0,0.47192363028899686,0.5280763697110031
4467,22246.0,1.0,0.4209933776942378,0.5790066223057623
4468,22249.0,1.0,0.46555981882423436,0.5344401811757656
4469,22257.0,1.0,0.4951391334998746,0.5048608665001254
4470,22259.0,1.0,0.40626689391647797,0.593733106083522
4471,22261.0,1.0,0.0574073783187311,0.942592621681269
4472,22268.0,0.0,0.6387790851697389,0.361220914830261
4473,22270.0,0.0,0.666102643478739,0.3338973565212612
4474,22272.0,0.0,0.5156685003541152,0.48433149964588496
4475,22273.0,1.0,0.40470813706541064,0.5952918629345895
4476,22274.0,0.0,0.5904390124994685,0.4095609875005314
4477,22281.0,1.0,0.44149392089470024,0.5585060791052997
4478,22283.0,0.0,0.6574003674552249,0.3425996325447749
4479,22287.0,0.0,0.5341381484835726,0.46586185151642745
4480,22290.0,0.0,0.5065754801389581,0.49342451986104174
4481,22295.0,1.0,0.4553492714082295,0.5446507285917705
4482,22301.0,1.0,0.4836604654102326,0.5163395345897676
4483,22304.0,1.0,0.41345534434187137,0.5865446556581289
4484,22306.0,1.0,0.3852417398517583,0.614758260148242
4485,22309.0,0.0,0.5597143572574776,0.44028564274252224
4486,22311.0,0.0,0.5635936518526462,0.4364063481473538
4487,22312.0,1.0,0.4468308568986201,0.5531691431013798
4488,22316.0,0.0,0.53059370474222,0.46940629525778016
4489,22318.0,1.0,0.48961490931138507,0.5103850906886148
4490,22320.0,0.0,0.5398504786263769,0.4601495213736231
4491,22321.0,1.0,0.4989106429312201,0.50108935706878
4492,22331.0,1.0,0.025270328765300262,0.9747296712346997
4493,22333.0,0.0,0.526317340950678,0.47368265904932194
4494,22337.0,0.0,0.526751757440662,0.4732482425593377
4495,22342.0,1.0,0.38222353248029817,0.6177764675197019
4496,22357.0,1.0,0.4772139237854169,0.5227860762145832
4497,22370.0,1.0,0.03730153222247614,0.9626984677775241
4498,22373.0,1.0,0.4227004154328582,0.5772995845671419
4499,22388.0,1.0,0.38511962577801306,0.614880374221987
4500,22389.0,0.0,0.601467426440496,0.39853257355950406
4501,22397.0,1.0,0.4020788891687921,0.5979211108312081
4502,22408.0,0.0,0.5665253740742617,0.43347462592573827
4503,22409.0,1.0,0.3678789942563311,0.632121005743669
4504,22417.0,1.0,0.02392587522318594,0.9760741247768142
4505,22423.0,1.0,0.3813028895794222,0.618697110420578
4506,22424.0,0.0,0.5536098896142889,0.44639011038571097
4507,22426.0,0.0,0.5438330300291642,0.4561669699708357
4508,22427.0,1.0,0.4464226914511482,0.5535773085488516
4509,22431.0,0.0,0.5894597431555036,0.4105402568444964
4510,22432.0,1.0,0.4890023761918939,0.510997623808106
4511,22434.0,1.0,0.40682359138514745,0.5931764086148523
4512,22436.0,1.0,0.49777018015222724,0.5022298198477728
4513,22441.0,1.0,0.4308586099767313,0.5691413900232687
4514,22443.0,1.0,0.43937663334604204,0.560623366653958
4515,22454.0,0.0,0.5476821141124624,0.4523178858875376
4516,22457.0,0.0,0.5233934499742713,0.4766065500257286
4517,22463.0,0.0,0.5629800487432242,0.4370199512567758
4518,22464.0,1.0,0.38376177383623855,0.6162382261637618
4519,22469.0,0.0,0.5733425068920394,0.4266574931079606
4520,22473.0,0.0,0.6903939247222953,0.30960607527770473
4521,22474.0,1.0,0.39086507325813435,0.6091349267418658
4522,22480.0,1.0,0.3755847791518896,0.6244152208481107
4523,22488.0,1.0,0.38881840641713433,0.611181593582866
4524,22492.0,1.0,0.395212480199963,0.6047875198000371
4525,22495.0,1.0,0.48176021918826323,0.5182397808117367
4526,22499.0,1.0,0.3714344122566288,0.6285655877433716
4527,22500.0,1.0,0.4033576151186603,0.5966423848813396
4528,22503.0,1.0,0.39797050369895365,0.6020294963010464
4529,22518.0,1.0,0.49220322584505716,0.5077967741549428
4530,22528.0,1.0,0.49949333912942107,0.5005066608705788
4531,22531.0,0.0,0.5533068916631443,0.4466931083368557
4532,22532.0,0.0,0.5531193690246569,0.446880630975343
4533,22537.0,1.0,0.4742413829840668,0.5257586170159331
4534,22538.0,1.0,0.4160552928621605,0.5839447071378396
4535,22548.0,0.0,0.5013712812770457,0.49862871872295433
4536,22561.0,0.0,0.6705211610582037,0.32947883894179597
4537,22562.0,0.0,0.5592828475185756,0.4407171524814244
4538,22568.0,0.0,0.5009429895785746,0.4990570104214253
4539,22587.0,1.0,0.4032083594404135,0.5967916405595866
4540,22588.0,1.0,0.3859514071299144,0.6140485928700857
4541,22598.0,1.0,0.495472190420589,0.5045278095794109
4542,22600.0,0.0,0.5710529735769952,0.4289470264230048
4543,22603.0,0.0,0.5113449396139856,0.48865506038601436
4544,22605.0,1.0,0.47076334427709177,0.5292366557229085
4545,22606.0,0.0,0.6483155480208079,0.3516844519791922
4546,22612.0,0.0,0.5132870838423107,0.48671291615768925
4547,22623.0,1.0,0.07256246518876519,0.9274375348112346
4548,22631.0,1.0,0.3847108225246689,0.6152891774753312
4549,22632.0,1.0,0.43581860947450274,0.5641813905254973
4550,22647.0,0.0,0.5940660290960866,0.4059339709039132
4551,22657.0,0.0,0.6338551045237761,0.36614489547622375
4552,22668.0,1.0,0.4334536420543603,0.5665463579456399
4553,22674.0,0.0,0.5234797192714526,0.47652028072854746
4554,22675.0,0.0,0.593568662845919,0.40643133715408086
4555,22676.0,0.0,0.6254117298450195,0.37458827015498064
4556,22679.0,0.0,0.5041327375913363,0.49586726240866386
4557,22682.0,0.0,0.5351355652913478,0.4648644347086522
4558,22683.0,1.0,0.45148639615944575,0.5485136038405544
4559,22687.0,1.0,0.3603879259483203,0.6396120740516799
4560,22688.0,1.0,0.03503485845771261,0.9649651415422872
4561,22699.0,1.0,0.3412667859512474,0.6587332140487527
4562,22701.0,1.0,0.40653208733041507,0.593467912669585
4563,22708.0,0.0,0.5827201925133887,0.41727980748661125
4564,22722.0,1.0,0.38541635324291357,0.6145836467570865
4565,22726.0,0.0,0.5163631152047027,0.4836368847952975
4566,22742.0,1.0,0.49246083493499604,0.5075391650650038
4567,22743.0,1.0,0.4991438029769457,0.5008561970230544
4568,22747.0,0.0,0.5028588965187906,0.4971411034812094
4569,22752.0,0.0,0.6468649665075336,0.3531350334924662
4570,22757.0,1.0,0.43191928214567965,0.5680807178543206
4571,22758.0,1.0,0.4559218052854671,0.5440781947145331
4572,22762.0,1.0,0.47220927759730585,0.5277907224026941
4573,22764.0,1.0,0.49619271382769065,0.5038072861723093
4574,22776.0,0.0,0.510728329622419,0.489271670377581
4575,22778.0,1.0,0.49278470357499643,0.5072152964250036
4576,22783.0,1.0,0.37752485351052895,0.6224751464894713
4577,22788.0,0.0,0.5245377265858833,0.4754622734141168
4578,22789.0,0.0,0.6002287995285805,0.3997712004714195
4579,22797.0,1.0,0.47395943261001683,0.5260405673899833
4580,22802.0,1.0,0.4627942531751642,0.5372057468248359
4581,22804.0,0.0,0.5646183661408196,0.4353816338591804
4582,22806.0,0.0,0.5514266881643121,0.4485733118356878
4583,22814.0,1.0,0.3966710730835895,0.6033289269164105
4584,22816.0,1.0,0.48959052789937246,0.5104094721006276
4585,22829.0,0.0,0.5892554940383541,0.41074450596164597
4586,22830.0,0.0,0.5579047325610028,0.4420952674389971
4587,22834.0,1.0,0.4647307563764568,0.5352692436235433
4588,22835.0,1.0,0.3971546143085224,0.6028453856914776
4589,22840.0,1.0,0.38256308080214607,0.6174369191978543
4590,22844.0,1.0,0.04847073496343772,0.9515292650365622
4591,22846.0,1.0,0.4206259789811182,0.5793740210188818
4592,22853.0,0.0,0.5668234924478964,0.43317650755210374
4593,22856.0,1.0,0.38799935531560464,0.6120006446843955
4594,22876.0,0.0,0.6153945223299258,0.38460547767007425
4595,22877.0,1.0,0.38041324241105656,0.6195867575889437
4596,22882.0,1.0,0.4378610888392589,0.5621389111607411
4597,22884.0,1.0,0.34799434846966376,0.6520056515303362
4598,22887.0,0.0,0.5467941336963562,0.45320586630364373
4599,22892.0,1.0,0.44342651333911903,0.556573486660881
4600,22894.0,0.0,0.6286446241586183,0.3713553758413818
4601,22899.0,0.0,0.6039516574521159,0.39604834254788424
4602,22905.0,0.0,0.6875917578847037,0.31240824211529633
4603,22906.0,1.0,0.4901197945036591,0.5098802054963408
4604,22907.0,1.0,0.4672788622353476,0.5327211377646525
4605,22912.0,1.0,0.49802932953671525,0.5019706704632848
4606,22921.0,1.0,0.0781217414582334,0.9218782585417667
4607,22922.0,0.0,0.5068376778490361,0.4931623221509639
4608,22923.0,1.0,0.34414432787119864,0.6558556721288012
4609,22925.0,1.0,0.40001460795131194,0.599985392048688
4610,22927.0,0.0,0.5439140677209636,0.4560859322790365
4611,22930.0,1.0,0.39078465034547527,0.609215349654525
4612,22931.0,0.0,0.528307115827069,0.4716928841729311
4613,22934.0,1.0,0.34729547862695453,0.6527045213730457
4614,22937.0,1.0,0.4789665834402609,0.5210334165597392
4615,22945.0,1.0,0.40896129586111124,0.5910387041388888
4616,22948.0,0.0,0.5043901988459831,0.4956098011540169
4617,22949.0,1.0,0.43409440488441975,0.5659055951155805
4618,22956.0,0.0,0.5901349296412604,0.40986507035873937
4619,22967.0,1.0,0.4002259434516142,0.5997740565483857
4620,22974.0,1.0,0.4424669950559052,0.5575330049440947
4621,22975.0,0.0,0.6624432946855157,0.3375567053144843
4622,22976.0,0.0,0.5123411701672548,0.4876588298327452
4623,22979.0,1.0,0.3942081568597044,0.6057918431402957
4624,22986.0,0.0,0.6287203607340905,0.37127963926590923
4625,22996.0,0.0,0.5636992863333236,0.43630071366667655
4626,22997.0,0.0,0.600367472359987,0.39963252764001284
4627,23002.0,1.0,0.49008707125231504,0.509912928747685
4628,23013.0,0.0,0.5240122088560222,0.47598779114397777
4629,23018.0,1.0,0.42751800597954026,0.5724819940204596
4630,23037.0,1.0,0.4805259111061869,0.5194740888938132
4631,23038.0,0.0,0.5596395641455684,0.44036043585443174
4632,23041.0,1.0,0.02219997107200527,0.9778000289279948
4633,23043.0,1.0,0.47166904551590505,0.5283309544840951
4634,23049.0,1.0,0.46178597399325205,0.5382140260067481
4635,23051.0,0.0,0.501370786939934,0.49862921306006613
4636,23059.0,1.0,0.4178915865753363,0.5821084134246636
4637,23065.0,1.0,0.4942195681350852,0.5057804318649147
4638,23069.0,1.0,0.40806986688498076,0.5919301331150192
4639,23071.0,1.0,0.4992788684379276,0.5007211315620724
4640,23075.0,0.0,0.6806153086630826,0.31938469133691727
4641,23076.0,1.0,0.44021089642201894,0.559789103577981
4642,23090.0,1.0,0.4880901506813186,0.5119098493186814
4643,23104.0,1.0,0.4519928907320551,0.5480071092679448
4644,23111.0,0.0,0.6179982659428584,0.3820017340571413
4645,23114.0,1.0,0.4492037187058295,0.5507962812941707
4646,23130.0,0.0,0.5290645217859966,0.4709354782140033
4647,23132.0,1.0,0.3309698422708358,0.6690301577291645
4648,23153.0,1.0,0.436426522774191,0.5635734772258091
4649,23157.0,0.0,0.5414176668437203,0.4585823331562798
4650,23161.0,0.0,0.5807306934171405,0.4192693065828594
4651,23166.0,0.0,0.5865992576289021,0.4134007423710979
4652,23172.0,1.0,0.4444715466636566,0.5555284533363432
4653,23175.0,1.0,0.4103701252740801,0.5896298747259199
4654,23176.0,1.0,0.4503844531705918,0.5496155468294082
4655,23186.0,0.0,0.5356334890410843,0.46436651095891546
4656,23193.0,1.0,0.3685894193426103,0.6314105806573899
4657,23198.0,1.0,0.02430189754691864,0.9756981024530812
4658,23202.0,0.0,0.6246174562209003,0.3753825437790998
4659,23207.0,1.0,0.41551239578740184,0.584487604212598
4660,23213.0,0.0,0.5858600999581642,0.41413990004183604
4661,23218.0,0.0,0.5232144587484497,0.4767855412515501
4662,23222.0,1.0,0.3897972883664435,0.6102027116335568
4663,23223.0,1.0,0.4719077485049858,0.5280922514950143
4664,23231.0,0.0,0.5466447827927895,0.4533552172072106
4665,23249.0,0.0,0.5553895004473184,0.4446104995526816
4666,23253.0,0.0,0.5570078643918771,0.4429921356081229
4667,23261.0,0.0,0.545996251681401,0.4540037483185989
4668,23268.0,0.0,0.7106828127937221,0.28931718720627786
4669,23269.0,0.0,0.5893671953572991,0.41063280464270074
4670,23274.0,0.0,0.5486672349246482,0.4513327650753517
4671,23275.0,1.0,0.38066342748432386,0.6193365725156765
4672,23276.0,1.0,0.4938352286909858,0.5061647713090142
4673,23279.0,0.0,0.5507890276926786,0.4492109723073213
4674,23283.0,0.0,0.5041982263164596,0.4958017736835405
4675,23289.0,1.0,0.3847802215884779,0.6152197784115221
4676,23293.0,0.0,0.5364914258100226,0.46350857418997743
4677,23294.0,1.0,0.4071974434633492,0.5928025565366508
4678,23313.0,1.0,0.38176505414365786,0.6182349458563424
4679,23320.0,1.0,0.42267099687167753,0.5773290031283228
4680,23322.0,0.0,0.6237101891488511,0.3762898108511491
4681,23327.0,0.0,0.5980520875276674,0.40194791247233275
4682,23329.0,1.0,0.4755026714680739,0.5244973285319261
4683,23331.0,1.0,0.39935849570712273,0.6006415042928773
4684,23340.0,1.0,0.4924997963702628,0.5075002036297372
4685,23342.0,1.0,0.43251373345000893,0.5674862665499912
4686,23343.0,0.0,0.6549768351636998,0.34502316483630063
4687,23345.0,1.0,0.4483420916878939,0.551657908312106
4688,23347.0,0.0,0.6262006036721697,0.37379939632783027
4689,23362.0,1.0,0.08130375329679947,0.9186962467032005
4690,23367.0,1.0,0.36558310460269294,0.6344168953973073
4691,23373.0,1.0,0.449703636127712,0.5502963638722881
4692,23374.0,1.0,0.49433486422856,0.50566513577144
4693,23380.0,1.0,0.4607458061399097,0.5392541938600904
4694,23389.0,1.0,0.3818698007473529,0.6181301992526472
4695,23398.0,1.0,0.048713902455034354,0.951286097544966
4696,23399.0,0.0,0.592417614516357,0.4075823854836431
4697,23400.0,1.0,0.021771915440931475,0.9782280845590685
4698,23403.0,1.0,0.4759697353895293,0.5240302646104709
4699,23408.0,0.0,0.5253277563411917,0.47467224365880833
4700,23410.0,0.0,0.5192970385131359,0.4807029614868641
4701,23414.0,1.0,0.4192050742922788,0.5807949257077211
4702,23415.0,0.0,0.5363395767111775,0.46366042328882245
4703,23419.0,0.0,0.5292015665210433,0.47079843347895667
4704,23434.0,0.0,0.5241242762243129,0.475875723775687
4705,23446.0,1.0,0.4818107236412418,0.5181892763587583
4706,23448.0,0.0,0.5826893436947674,0.4173106563052326
4707,23456.0,0.0,0.575012680162505,0.42498731983749494
4708,23460.0,0.0,0.5706084759424573,0.4293915240575427
4709,23464.0,1.0,0.446971266100335,0.5530287338996651
4710,23466.0,0.0,0.5111907593802051,0.48880924061979486
4711,23473.0,1.0,0.4379690485262099,0.5620309514737901
4712,23477.0,0.0,0.535770539291918,0.46422946070808196
4713,23478.0,1.0,0.0343532890971952,0.9656467109028049
4714,23483.0,0.0,0.5161357167828664,0.4838642832171336
4715,23494.0,1.0,0.35940056440068946,0.6405994355993109
4716,23497.0,0.0,0.5969171598032508,0.4030828401967492
4717,23498.0,1.0,0.41783972691672006,0.5821602730832801
4718,23505.0,1.0,0.4126945043525931,0.5873054956474071
4719,23516.0,1.0,0.366349100524562,0.6336508994754381
4720,23518.0,1.0,0.4329135124681411,0.567086487531859
4721,23520.0,0.0,0.641763825463565,0.35823617453643514
4722,23533.0,1.0,0.40044964875521205,0.5995503512447881
4723,23537.0,1.0,0.033899704371117514,0.9661002956288826
4724,23551.0,0.0,0.6197494292103415,0.38025057078965835
4725,23555.0,0.0,0.6236024861208018,0.37639751387919823
4726,23557.0,1.0,0.48188049791752946,0.5181195020824706
4727,23560.0,1.0,0.4121639180879278,0.5878360819120725
4728,23561.0,0.0,0.531547229695809,0.4684527703041909
4729,23563.0,1.0,0.47385892037071287,0.526141079629287
4730,23587.0,0.0,0.5202608403489956,0.47973915965100444
4731,23597.0,0.0,0.5039066198014359,0.4960933801985641
4732,23598.0,0.0,0.5370422149142857,0.4629577850857144
4733,23599.0,0.0,0.5219590971010818,0.47804090289891804
4734,23601.0,0.0,0.5225756863324464,0.4774243136675536
4735,23604.0,0.0,0.5208251265441922,0.47917487345580784
4736,23610.0,1.0,0.3886572721637564,0.6113427278362438
4737,23614.0,1.0,0.40009591314424925,0.5999040868557508
4738,23615.0,1.0,0.46420020796951944,0.5357997920304806
4739,23617.0,0.0,0.5196996705116964,0.48030032948830353
4740,23619.0,1.0,0.38100619516153084,0.6189938048384694
4741,23622.0,0.0,0.5245277518000455,0.4754722481999544
4742,23643.0,1.0,0.41076858262329075,0.5892314173767094
4743,23648.0,0.0,0.5962764432139267,0.40372355678607336
4744,23654.0,0.0,0.6072384689457612,0.392761531054239
4745,23658.0,0.0,0.6427325093202481,0.35726749067975183
4746,23660.0,0.0,0.573387263406151,0.426612736593849
4747,23665.0,1.0,0.4285384193421857,0.571461580657814
4748,23666.0,1.0,0.4052360590873142,0.5947639409126859
4749,23670.0,1.0,0.4524629998855291,0.5475370001144707
4750,23673.0,0.0,0.6387089319817162,0.3612910680182837
4751,23678.0,0.0,0.5632169760808643,0.4367830239191357
4752,23681.0,1.0,0.04832934063339775,0.9516706593666023
4753,23686.0,0.0,0.5110962646586368,0.48890373534136317
4754,23708.0,1.0,0.4710282817020824,0.5289717182979178
4755,23709.0,0.0,0.5083428276360851,0.491657172363915
4756,23715.0,1.0,0.44435217727218906,0.555647822727811
4757,23718.0,1.0,0.49490335029530597,0.505096649704694
4758,23720.0,1.0,0.43904465943894455,0.5609553405610554
4759,23721.0,1.0,0.42689691561718157,0.5731030843828185
4760,23722.0,1.0,0.4047726171957644,0.5952273828042357
4761,23729.0,0.0,0.6929635157127698,0.3070364842872302
4762,23732.0,1.0,0.39097479412538055,0.6090252058746194
4763,23740.0,1.0,0.45979884074887495,0.5402011592511251
4764,23744.0,0.0,0.5729622891582429,0.4270377108417573
4765,23747.0,1.0,0.48784594024328315,0.5121540597567169
4766,23751.0,1.0,0.47758859180271457,0.5224114081972855
4767,23757.0,1.0,0.46036860534584506,0.539631394654155
4768,23762.0,1.0,0.4698557479284331,0.5301442520715668
4769,23768.0,0.0,0.5119393102995775,0.4880606897004225
4770,23770.0,0.0,0.5077074237840051,0.49229257621599487
4771,23773.0,1.0,0.4233393907504022,0.5766606092495978
4772,23778.0,1.0,0.3761496206664642,0.623850379333536
4773,23779.0,0.0,0.5744293631991692,0.42557063680083085
4774,23780.0,0.0,0.5396621603597594,0.46033783964024055
4775,23786.0,0.0,0.6031271582523192,0.3968728417476806
4776,23799.0,1.0,0.43246537930539547,0.5675346206946047
4777,23800.0,1.0,0.4658289138628571,0.5341710861371429
4778,23804.0,0.0,0.565615015250662,0.43438498474933795
4779,23807.0,1.0,0.41730100013002386,0.5826989998699764
4780,23810.0,0.0,0.5334897793590777,0.46651022064092224
4781,23817.0,1.0,0.4555235551183581,0.544476444881642
4782,23820.0,0.0,0.6098377920278314,0.3901622079721684
4783,23823.0,0.0,0.5793796120499255,0.42062038795007467
4784,23831.0,0.0,0.6215117651431079,0.37848823485689215
4785,23833.0,0.0,0.5190987260853888,0.48090127391461124
4786,23834.0,1.0,0.4785202743498085,0.5214797256501914
4787,23839.0,0.0,0.5698741749770099,0.4301258250229901
4788,23840.0,0.0,0.5576683686018308,0.442331631398169
4789,23842.0,1.0,0.46110804325288435,0.5388919567471157
4790,23847.0,0.0,0.5296065498626961,0.470393450137304
4791,23855.0,1.0,0.37018933650808583,0.6298106634919143
4792,23858.0,1.0,0.3898953536529515,0.6101046463470484
4793,23870.0,1.0,0.39780552136801944,0.6021944786319807
4794,23873.0,0.0,0.5847759769017739,0.41522402309822615
4795,23875.0,0.0,0.5146976075454808,0.4853023924545192
4796,23884.0,0.0,0.5117084728395167,0.4882915271604833
4797,23888.0,1.0,0.41445135229158564,0.5855486477084143
4798,23902.0,1.0,0.4149740729557091,0.5850259270442909
4799,23909.0,1.0,0.42648167158186817,0.5735183284181321
4800,23911.0,0.0,0.6048466916544517,0.395153308345548
4801,23913.0,0.0,0.5139928834670465,0.4860071165329535
4802,23928.0,1.0,0.3933740366679765,0.6066259633320236
4803,23930.0,1.0,0.4819268927149589,0.5180731072850411
4804,23935.0,1.0,0.042713019466243854,0.9572869805337559
4805,23942.0,1.0,0.4104507975355371,0.589549202464463
4806,23943.0,1.0,0.4928259261597237,0.5071740738402764
4807,23948.0,1.0,0.48028849659359873,0.5197115034064014
4808,23949.0,0.0,0.5345338626380595,0.4654661373619405
4809,23957.0,1.0,0.017990155058447727,0.9820098449415524
4810,23965.0,0.0,0.5003226661027463,0.49967733389725366
4811,23967.0,0.0,0.5590252326044512,0.4409747673955487
4812,23973.0,1.0,0.4157930274512152,0.5842069725487848
4813,23978.0,0.0,0.6266502672832709,0.37334973271672917
4814,23979.0,1.0,0.42805384990646245,0.5719461500935374
4815,23982.0,0.0,0.5532703602002212,0.44672963979977853
4816,23990.0,1.0,0.030890782170802586,0.9691092178291976
4817,24000.0,1.0,0.4342625979072532,0.5657374020927467
4818,24004.0,0.0,0.5399484438764034,0.4600515561235965
4819,24006.0,0.0,0.6192725723648506,0.38072742763514944
4820,24014.0,1.0,0.49765230563922036,0.5023476943607796
4821,24015.0,1.0,0.4790349983329677,0.5209650016670326
4822,24017.0,1.0,0.4926678145812041,0.5073321854187958
4823,24027.0,1.0,0.3914445224973818,0.6085554775026184
4824,24035.0,1.0,0.4358029683191066,0.5641970316808934
4825,24036.0,0.0,0.611367334095787,0.38863266590421275
4826,24037.0,0.0,0.5435330988292949,0.45646690117070515
4827,24040.0,1.0,0.49551658860871284,0.5044834113912873
4828,24048.0,0.0,0.5017705146999681,0.4982294853000317
4829,24057.0,1.0,0.44941001786070567,0.5505899821392944
4830,24059.0,1.0,0.46386330517474966,0.5361366948252503
4831,24065.0,0.0,0.6074847211555149,0.39251527884448484
4832,24068.0,1.0,0.4525002463403328,0.5474997536596672
4833,24075.0,1.0,0.46392011844946046,0.5360798815505396
4834,24077.0,1.0,0.45532063429227115,0.544679365707729
4835,24083.0,0.0,0.5810716804649383,0.4189283195350618
4836,24084.0,1.0,0.48078556082594603,0.5192144391740539
4837,24091.0,0.0,0.5137289874872316,0.4862710125127685
4838,24094.0,1.0,0.4057174450561591,0.594282554943841
4839,24098.0,0.0,0.5792685355926835,0.42073146440731657
4840,24105.0,1.0,0.4226306157437276,0.5773693842562723
4841,24112.0,0.0,0.5034352113453999,0.4965647886546
4842,24117.0,0.0,0.5447991224614014,0.4552008775385984
4843,24122.0,0.0,0.6036526598250156,0.3963473401749844
4844,24124.0,0.0,0.5193423793578195,0.48065762064218054
4845,24125.0,1.0,0.4656980637514993,0.5343019362485008
4846,24127.0,0.0,0.5803698918168074,0.4196301081831927
4847,24128.0,1.0,0.11272180465523489,0.8872781953447653
4848,24129.0,1.0,0.3867606720310592,0.613239327968941
4849,24133.0,1.0,0.4086568053580059,0.5913431946419943
4850,24137.0,1.0,0.4627247040771272,0.5372752959228727
4851,24139.0,0.0,0.5629315484160569,0.43706845158394314
4852,24143.0,1.0,0.031765940815433276,0.9682340591845666
4853,24145.0,1.0,0.4792875107046102,0.5207124892953899
4854,24162.0,0.0,0.572729556087246,0.42727044391275415
4855,24165.0,1.0,0.449123261161347,0.5508767388386528
4856,24177.0,1.0,0.45829495904857864,0.5417050409514215
4857,24190.0,0.0,0.5106109627166144,0.48938903728338545
4858,24191.0,0.0,0.5096328485097235,0.4903671514902765
4859,24192.0,0.0,0.5316857850783223,0.46831421492167746
4860,24193.0,0.0,0.6600959699682055,0.33990403003179465
4861,24205.0,1.0,0.4394708365044556,0.5605291634955444
4862,24210.0,0.0,0.5225939866395851,0.47740601336041494
4863,24211.0,1.0,0.3985072305418859,0.6014927694581143
4864,24217.0,1.0,0.4632894716336596,0.5367105283663404
4865,24218.0,0.0,0.5063684976709805,0.4936315023290196
4866,24223.0,1.0,0.4628995186403068,0.5371004813596931
4867,24230.0,1.0,0.4569100931377287,0.5430899068622714
4868,24231.0,1.0,0.47048084271950297,0.5295191572804971
4869,24233.0,0.0,0.5553623243560903,0.44463767564390955
4870,24247.0,0.0,0.5107618618789415,0.4892381381210585
4871,24250.0,0.0,0.5064769558097632,0.4935230441902368
4872,24259.0,1.0,0.44606404227849344,0.5539359577215066
4873,24261.0,1.0,0.3939590221592202,0.6060409778407798
4874,24262.0,0.0,0.560997875782057,0.43900212421794277
4875,24266.0,1.0,0.43121249052940536,0.568787509470595
4876,24269.0,0.0,0.6526066815185141,0.3473933184814857
4877,24291.0,1.0,0.38220006583261223,0.6177999341673878
4878,24294.0,0.0,0.5211128671830749,0.478887132816925
4879,24301.0,1.0,0.39627568617900993,0.6037243138209901
4880,24303.0,1.0,0.44338225634101536,0.5566177436589844
4881,24307.0,0.0,0.5714247593908641,0.4285752406091359
4882,24311.0,1.0,0.49145457001671905,0.5085454299832809
4883,24317.0,1.0,0.38370416255941203,0.616295837440588
4884,24320.0,1.0,0.39606031183096924,0.6039396881690309
4885,24322.0,1.0,0.4886904262390768,0.5113095737609231
4886,24331.0,1.0,0.4593370578968218,0.5406629421031781
4887,24340.0,0.0,0.5723825880162791,0.4276174119837208
4888,24350.0,1.0,0.3840597418734262,0.6159402581265738
4889,24352.0,1.0,0.4718405550690823,0.5281594449309178
4890,24360.0,0.0,0.619477657842944,0.3805223421570561
4891,24365.0,1.0,0.38976909935099097,0.610230900649009
4892,24368.0,1.0,0.409663552488872,0.590336447511128
4893,24369.0,0.0,0.6600990587631013,0.33990094123689896
4894,24370.0,1.0,0.3468680012208094,0.6531319987791905
4895,24371.0,1.0,0.35463176866370966,0.6453682313362904
4896,24379.0,0.0,0.503939435418157,0.49606056458184306
4897,24383.0,1.0,0.45053596904052917,0.5494640309594709
4898,24384.0,1.0,0.40242750836744434,0.5975724916325558
4899,24385.0,1.0,0.486730197593036,0.5132698024069641
4900,24413.0,1.0,0.38896527027621436,0.6110347297237858
4901,24416.0,1.0,0.3691234668059809,0.6308765331940193
4902,24417.0,1.0,0.40604554034797347,0.5939544596520265
4903,24434.0,1.0,0.050015532823938835,0.949984467176061
4904,24435.0,1.0,0.42137702651898573,0.5786229734810143
4905,24449.0,1.0,0.34621650280638944,0.6537834971936107
4906,24465.0,1.0,0.49044519892041033,0.5095548010795897
4907,24467.0,1.0,0.034114911902844075,0.965885088097156
4908,24476.0,0.0,0.5451714817838615,0.45482851821613834
4909,24479.0,0.0,0.667068586485618,0.3329314135143818
4910,24480.0,1.0,0.048817560974451515,0.9511824390255487
4911,24484.0,0.0,0.5465609597728052,0.453439040227195
4912,24486.0,1.0,0.39786687727952325,0.6021331227204769
4913,24487.0,1.0,0.4457384820070866,0.5542615179929136
4914,24492.0,1.0,0.3974190074183408,0.6025809925816593
4915,24498.0,1.0,0.42631759037532085,0.5736824096246793
4916,24502.0,1.0,0.42481866756480086,0.5751813324351991
4917,24505.0,0.0,0.556064537386857,0.443935462613143
4918,24512.0,0.0,0.5855051441964253,0.41449485580357476
4919,24515.0,1.0,0.389409600215852,0.6105903997841481
4920,24522.0,1.0,0.4790097374819706,0.5209902625180295
4921,24531.0,1.0,0.02131916345156158,0.9786808365484386
4922,24532.0,1.0,0.3893468468619409,0.6106531531380592
4923,24533.0,1.0,0.3725963352333191,0.6274036647666813
4924,24534.0,1.0,0.46096657134887126,0.539033428651129
4925,24544.0,0.0,0.5033642269383329,0.496635773061667
4926,24550.0,0.0,0.5323416379773495,0.4676583620226505
4927,24553.0,1.0,0.38623503821611116,0.613764961783889
4928,24560.0,1.0,0.061051028842481904,0.9389489711575179
4929,24562.0,0.0,0.5351470119716809,0.46485298802831904
4930,24565.0,0.0,0.5746705171020082,0.4253294828979917
4931,24572.0,1.0,0.4517922003495455,0.5482077996504543
4932,24574.0,1.0,0.4439123899554069,0.5560876100445931
4933,24578.0,0.0,0.5484634205548962,0.4515365794451041
4934,24582.0,0.0,0.5829526384787291,0.4170473615212708
4935,24583.0,0.0,0.5161074244786655,0.4838925755213344
4936,24584.0,0.0,0.5801696963230012,0.41983030367699875
4937,24599.0,0.0,0.5074165878997058,0.4925834121002942
4938,24600.0,0.0,0.624994828575958,0.37500517142404205
4939,24603.0,0.0,0.5446196334861452,0.4553803665138546
4940,24605.0,1.0,0.018764337491651902,0.9812356625083481
4941,24613.0,1.0,0.0369682992507955,0.9630317007492044
4942,24618.0,1.0,0.43715067211067454,0.5628493278893254
4943,24620.0,1.0,0.4124005475221654,0.5875994524778347
4944,24623.0,0.0,0.5048225201097726,0.49517747989022737
4945,24630.0,0.0,0.5211724757354804,0.4788275242645195
4946,24638.0,0.0,0.6229026329376753,0.3770973670623249
4947,24643.0,0.0,0.6289353181892698,0.3710646818107301
4948,24658.0,1.0,0.46984163535686824,0.5301583646431318
4949,24663.0,1.0,0.4121761032925085,0.5878238967074916
4950,24670.0,1.0,0.4955716107863624,0.5044283892136376
4951,24671.0,1.0,0.45493209373137683,0.5450679062686232
4952,24679.0,0.0,0.5634515050855767,0.43654849491442316
4953,24686.0,0.0,0.5424108634948138,0.45758913650518596
4954,24700.0,0.0,0.5789922602690513,0.4210077397309489
4955,24703.0,0.0,0.507978320910555,0.4920216790894451
4956,24708.0,1.0,0.32643496788967696,0.6735650321103234
4957,24710.0,0.0,0.5122169196583639,0.48778308034163614
4958,24715.0,1.0,0.4413353901166446,0.5586646098833555
4959,24718.0,1.0,0.3949477343487242,0.6050522656512759
4960,24720.0,0.0,0.5209883977873694,0.47901160221263056
4961,24721.0,1.0,0.4564768931139722,0.5435231068860279
4962,24723.0,1.0,0.48875620526394437,0.5112437947360555
4963,24730.0,1.0,0.4598197343991539,0.5401802656008461
4964,24731.0,1.0,0.43148474709596135,0.5685152529040387
4965,24735.0,1.0,0.04363068374363057,0.9563693162563693
4966,24742.0,0.0,0.5757149377064931,0.42428506229350704
4967,24743.0,1.0,0.44764203522900387,0.552357964770996
4968,24749.0,1.0,0.42106802299389606,0.5789319770061041
4969,24757.0,1.0,0.43178911567244893,0.5682108843275511
4970,24764.0,1.0,0.3971525272787852,0.6028474727212147
4971,24768.0,0.0,0.5073864799669351,0.49261352003306497
4972,24771.0,1.0,0.3941395449566459,0.6058604550433543
4973,24774.0,1.0,0.46294941562624603,0.537050584373754
4974,24776.0,0.0,0.5429005975385783,0.4570994024614216
4975,24781.0,0.0,0.5962273778218445,0.40377262217815535
4976,24794.0,1.0,0.4333850714209055,0.5666149285790945
4977,24796.0,0.0,0.5076872826283394,0.49231271737166066
4978,24797.0,1.0,0.43798630631667573,0.5620136936833244
4979,24806.0,0.0,0.5557824667718576,0.44421753322814217
4980,24811.0,0.0,0.6089470957875648,0.3910529042124351
4981,24813.0,1.0,0.4278857225562014,0.5721142774437987
4982,24818.0,0.0,0.6517972966178245,0.3482027033821756
4983,24823.0,1.0,0.05334108825172797,0.9466589117482721
4984,24828.0,1.0,0.4901190124639899,0.5098809875360102
4985,24837.0,1.0,0.42936234917420557,0.5706376508257947
4986,24841.0,0.0,0.5445289377858278,0.455471062214172
4987,24847.0,0.0,0.5903960273647147,0.4096039726352851
4988,24850.0,0.0,0.5528966169856468,0.4471033830143531
4989,24851.0,1.0,0.49177744165552184,0.5082225583444782
4990,24852.0,0.0,0.5066311095595651,0.4933688904404348
4991,24856.0,1.0,0.351329653944481,0.6486703460555188
4992,24864.0,0.0,0.6612776328664587,0.3387223671335414
4993,24869.0,1.0,0.3714321489551424,0.6285678510448578
4994,24877.0,0.0,0.5243057247924346,0.47569427520756535
4995,24878.0,1.0,0.4969097408345678,0.5030902591654324
4996,24879.0,1.0,0.3788207071171895,0.6211792928828106
4997,24883.0,0.0,0.5736796218318949,0.42632037816810514
4998,24884.0,0.0,0.5264719297851382,0.4735280702148616
4999,24891.0,0.0,0.6540978417722368,0.3459021582277634
5000,24896.0,0.0,0.5117949724725396,0.48820502752746037
5001,24901.0,0.0,0.5805022017531186,0.41949779824688105
5002,24911.0,1.0,0.42153934007829347,0.5784606599217067
5003,24918.0,0.0,0.5420042941120725,0.45799570588792726
5004,24919.0,1.0,0.47412414896034505,0.525875851039655
5005,24935.0,0.0,0.5895075103486205,0.4104924896513794
5006,24938.0,1.0,0.3945029002871624,0.6054970997128377
5007,24939.0,1.0,0.40700754575388404,0.5929924542461161
5008,24944.0,1.0,0.37881720121530216,0.6211827987846977
5009,24950.0,1.0,0.05844679811229968,0.9415532018877002
5010,24956.0,1.0,0.411319529076805,0.5886804709231951
5011,24966.0,1.0,0.42488895234644763,0.5751110476535524
5012,24970.0,1.0,0.4369626609964478,0.5630373390035522
5013,24971.0,0.0,0.6308324638048213,0.36916753619517884
5014,24972.0,0.0,0.5447575663504336,0.45524243364956635
5015,24976.0,0.0,0.6324681121945226,0.36753188780547724
5016,24986.0,1.0,0.4847647652089552,0.5152352347910447
5017,24991.0,0.0,0.6405904747023279,0.359409525297672
5018,24992.0,0.0,0.675318643725552,0.32468135627444816
5019,25000.0,0.0,0.5435653755873995,0.45643462441260035
5020,25004.0,0.0,0.6042684851792429,0.3957315148207571
5021,25008.0,1.0,0.4586146704008546,0.5413853295991455
5022,25010.0,1.0,0.44003524818263223,0.5599647518173676
5023,25019.0,1.0,0.4618198396963901,0.5381801603036099
5024,25022.0,1.0,0.4635261042912059,0.536473895708794
5025,25023.0,0.0,0.6445642092312954,0.35543579076870446
5026,25024.0,1.0,0.4660497374248338,0.5339502625751661
5027,25027.0,0.0,0.6480657401085924,0.3519342598914074
5028,25030.0,1.0,0.3932550252157686,0.6067449747842315
5029,25040.0,1.0,0.4325643671807765,0.5674356328192236
5030,25043.0,0.0,0.5255170234572024,0.4744829765427976
5031,25051.0,1.0,0.4550084053914882,0.5449915946085118
5032,25053.0,1.0,0.3830997788074311,0.6169002211925687
5033,25054.0,1.0,0.05574909988492537,0.9442509001150746
5034,25060.0,0.0,0.5035622853962214,0.4964377146037786
5035,25063.0,0.0,0.6230703687479585,0.37692963125204154
5036,25064.0,1.0,0.44794067447899927,0.5520593255210009
5037,25074.0,0.0,0.5097929959850304,0.4902070040149697
5038,25077.0,0.0,0.5526315666363111,0.44736843336368876
5039,25078.0,1.0,0.3980677418744799,0.6019322581255202
5040,25080.0,1.0,0.40283087020991337,0.5971691297900865
5041,25081.0,1.0,0.4763734253373803,0.5236265746626197
5042,25097.0,0.0,0.6688277416928549,0.3311722583071452
5043,25099.0,1.0,0.4482296161225058,0.5517703838774942
5044,25102.0,0.0,0.5515732026227523,0.44842679737724755
5045,25103.0,0.0,0.5590095929003285,0.4409904070996714
5046,25107.0,0.0,0.5033953286813558,0.49660467131864416
5047,25111.0,0.0,0.5161010937950319,0.48389890620496806
5048,25113.0,1.0,0.4955036314417953,0.5044963685582046
5049,25122.0,0.0,0.6899676125325592,0.31003238746744105
5050,25127.0,0.0,0.5111992130233556,0.4888007869766443
5051,25128.0,1.0,0.4685583320780969,0.5314416679219033
5052,25129.0,1.0,0.49740259566916356,0.5025974043308364
5053,25131.0,0.0,0.6732433796087142,0.3267566203912857
5054,25135.0,1.0,0.42121989014764594,0.5787801098523543
5055,25137.0,1.0,0.49685114915547035,0.5031488508445298
5056,25139.0,1.0,0.39492262553992347,0.6050773744600767
5057,25142.0,1.0,0.437822799252186,0.5621772007478142
5058,25147.0,0.0,0.6066478734985489,0.39335212650145124
5059,25150.0,0.0,0.5357167458305735,0.4642832541694266
5060,25153.0,1.0,0.48798713422634193,0.512012865773658
5061,25154.0,0.0,0.5817691436408571,0.4182308563591428
5062,25158.0,0.0,0.6313813920732706,0.3686186079267293
5063,25160.0,1.0,0.4715158008662019,0.5284841991337983
5064,25166.0,0.0,0.5855678191460415,0.4144321808539584
5065,25167.0,1.0,0.3915183965209589,0.6084816034790412
5066,25174.0,1.0,0.4564347250539902,0.5435652749460097
5067,25177.0,0.0,0.6058514825359288,0.39414851746407115
5068,25182.0,1.0,0.4049511927545339,0.5950488072454662
5069,25193.0,1.0,0.3848399431433149,0.6151600568566853
5070,25194.0,1.0,0.45862133863834187,0.5413786613616581
5071,25196.0,0.0,0.5221018221245906,0.4778981778754093
5072,25197.0,0.0,0.5199439427765005,0.48005605722349953
5073,25199.0,1.0,0.4035325798123256,0.5964674201876746
5074,25205.0,0.0,0.5982689677080796,0.40173103229192053
5075,25206.0,0.0,0.5560920255741144,0.4439079744258856
5076,25209.0,0.0,0.5766216116209981,0.42337838837900177
5077,25212.0,1.0,0.4834373431975635,0.5165626568024365
5078,25217.0,0.0,0.5168329418936477,0.48316705810635235
5079,25226.0,0.0,0.5478753150187081,0.4521246849812918
5080,25227.0,1.0,0.47995244455354064,0.5200475554464592
5081,25241.0,0.0,0.530279890726232,0.469720109273768
5082,25249.0,1.0,0.4369586895419093,0.5630413104580909
5083,25258.0,0.0,0.5116486498872329,0.48835135011276704
5084,25264.0,0.0,0.5003159799689927,0.49968402003100737
5085,25276.0,0.0,0.5674651465512273,0.4325348534487727
5086,25278.0,0.0,0.5187143344085005,0.48128566559149943
5087,25285.0,1.0,0.4946403728702121,0.505359627129788
5088,25288.0,1.0,0.021043722510513084,0.9789562774894869
5089,25291.0,1.0,0.4646004333245644,0.5353995666754358
5090,25296.0,0.0,0.5832904280712333,0.41670957192876673
5091,25299.0,1.0,0.04565588690809404,0.9543441130919059
5092,25300.0,1.0,0.42912256410711486,0.570877435892885
5093,25308.0,1.0,0.47560630949360183,0.5243936905063982
5094,25313.0,1.0,0.05417768817507719,0.9458223118249229
5095,25317.0,0.0,0.6796496749322136,0.3203503250677862
5096,25319.0,1.0,0.3954022716315028,0.6045977283684973
5097,25320.0,1.0,0.46596527159538753,0.5340347284046123
5098,25323.0,0.0,0.6562322583034166,0.34376774169658364
5099,25335.0,1.0,0.39940139017645504,0.6005986098235451
5100,25337.0,1.0,0.4305769147685322,0.5694230852314678
5101,25346.0,1.0,0.4717421719619302,0.5282578280380699
5102,25353.0,1.0,0.4771019831970159,0.5228980168029842
5103,25360.0,0.0,0.5622833172180104,0.4377166827819896
5104,25378.0,0.0,0.5412465617552215,0.45875343824477866
5105,25380.0,1.0,0.41689467634642113,0.5831053236535788
5106,25381.0,0.0,0.6650532983280396,0.33494670167196033
5107,25384.0,0.0,0.595677180085262,0.40432281991473795
5108,25385.0,1.0,0.4171130291656114,0.5828869708343887
5109,25386.0,1.0,0.4568388785203088,0.5431611214796911
5110,25388.0,1.0,0.4412052138446091,0.5587947861553908
5111,25391.0,1.0,0.4915962765705024,0.5084037234294975
5112,25396.0,1.0,0.45753806530302193,0.5424619346969781
5113,25398.0,1.0,0.3862188332852367,0.6137811667147633
5114,25401.0,0.0,0.5149185613539257,0.48508143864607434
5115,25409.0,0.0,0.5409764584906666,0.4590235415093333
5116,25410.0,1.0,0.4543540125253682,0.5456459874746319
5117,25418.0,0.0,0.5462394159949416,0.4537605840050584
5118,25419.0,0.0,0.6233713273717516,0.3766286726282484
5119,25423.0,1.0,0.06318128919744762,0.9368187108025526
5120,25431.0,1.0,0.4216909997989642,0.5783090002010357
5121,25436.0,0.0,0.6385801403247315,0.3614198596752685
5122,25440.0,0.0,0.6385844035447973,0.36141559645520277
5123,25445.0,1.0,0.47396089247130163,0.5260391075286985
5124,25447.0,0.0,0.5142099362560101,0.48579006374398986
5125,25452.0,0.0,0.5153590752472582,0.4846409247527418
5126,25457.0,1.0,0.3883775141007493,0.611622485899251
5127,25459.0,0.0,0.5346580547972879,0.46534194520271205
5128,25465.0,1.0,0.4676319650606268,0.5323680349393732
5129,25466.0,1.0,0.4741229999886377,0.5258770000113624
5130,25467.0,0.0,0.5873492696092465,0.41265073039075356
5131,25470.0,1.0,0.46574319493974103,0.5342568050602591
5132,25481.0,1.0,0.48966071132236627,0.5103392886776337
5133,25484.0,0.0,0.5851745585729806,0.41482544142701927
5134,25488.0,0.0,0.5291991085077098,0.4708008914922901
5135,25489.0,0.0,0.5009784843161091,0.49902151568389086
5136,25490.0,0.0,0.6324255942594413,0.3675744057405587
5137,25491.0,0.0,0.6402019195404699,0.35979808045953
5138,25504.0,1.0,0.4223652375747615,0.5776347624252387
5139,25505.0,1.0,0.3847399592456579,0.6152600407543424
5140,25512.0,1.0,0.39362336203632103,0.6063766379636791
5141,25514.0,1.0,0.4375383659549454,0.5624616340450546
5142,25516.0,1.0,0.3846652102201751,0.6153347897798253
5143,25517.0,1.0,0.4173165072381064,0.5826834927618934
5144,25520.0,1.0,0.41463162838804374,0.5853683716119564
5145,25526.0,1.0,0.3277519073555575,0.6722480926444426
5146,25529.0,1.0,0.4696734981945347,0.5303265018054654
5147,25537.0,0.0,0.5946974305788086,0.4053025694211913
5148,25540.0,0.0,0.5186665067773178,0.48133349322268215
5149,25543.0,1.0,0.04661537046445946,0.9533846295355407
5150,25545.0,1.0,0.46522552648286747,0.5347744735171325
5151,25553.0,1.0,0.3941221622965036,0.6058778377034965
5152,25556.0,1.0,0.432929053956189,0.5670709460438111
5153,25578.0,0.0,0.5480038050717575,0.45199619492824256
5154,25583.0,1.0,0.028745645582437578,0.9712543544175624
5155,25584.0,0.0,0.5179730266375258,0.48202697336247424
5156,25586.0,0.0,0.5152799460067324,0.48472005399326756
5157,25598.0,1.0,0.40298824333250716,0.5970117566674928
5158,25600.0,0.0,0.5334802749282563,0.46651972507174366
5159,25605.0,0.0,0.5037065068670429,0.49629349313295706
5160,25611.0,0.0,0.5062714352881047,0.4937285647118953
5161,25619.0,1.0,0.4622491241906947,0.5377508758093055
5162,25621.0,1.0,0.011884457726208848,0.9881155422737912
5163,25622.0,0.0,0.526185405463428,0.47381459453657193
5164,25624.0,1.0,0.3565475781283362,0.6434524218716641
5165,25629.0,1.0,0.4003678754751224,0.5996321245248779
5166,25637.0,1.0,0.41323914573179654,0.5867608542682035
5167,25641.0,0.0,0.6208218680726568,0.37917813192734307
5168,25642.0,1.0,0.4194004902727128,0.5805995097272874
5169,25650.0,0.0,0.5027028190548127,0.4972971809451872
5170,25656.0,1.0,0.47027006666521587,0.5297299333347842
5171,25657.0,0.0,0.520476231748006,0.479523768251994
5172,25662.0,1.0,0.45355592350406504,0.5464440764959351
5173,25663.0,1.0,0.3990698871894919,0.6009301128105082
5174,25668.0,0.0,0.5611436665459953,0.43885633345400454
5175,25669.0,1.0,0.41478460296419484,0.5852153970358053
5176,25674.0,0.0,0.5546811254508835,0.44531887454911634
5177,25678.0,1.0,0.44368588152226546,0.5563141184777346
5178,25699.0,1.0,0.46634522179528615,0.5336547782047137
5179,25714.0,1.0,0.4501907308595176,0.5498092691404824
5180,25727.0,1.0,0.3981111411155461,0.6018888588844542
5181,25732.0,1.0,0.48832530995143963,0.5116746900485603
5182,25746.0,0.0,0.5391355243771815,0.46086447562281857
5183,25750.0,0.0,0.59380330691622,0.40619669308378015
5184,25755.0,1.0,0.0475129659426445,0.9524870340573557
5185,25757.0,1.0,0.3858872805986588,0.6141127194013414
5186,25767.0,1.0,0.03657190030942361,0.9634280996905764
5187,25774.0,1.0,0.40542627888728744,0.5945737211127127
5188,25782.0,0.0,0.5275305284037307,0.4724694715962693
5189,25784.0,0.0,0.5605557029209922,0.4394442970790077
5190,25786.0,1.0,0.025572497577303902,0.9744275024226959
5191,25790.0,1.0,0.483247025930938,0.5167529740690623
5192,25791.0,0.0,0.5207642970152783,0.4792357029847216
5193,25792.0,0.0,0.5103469915449877,0.48965300845501225
5194,25812.0,0.0,0.5777962059423288,0.42220379405767117
5195,25814.0,0.0,0.6458131557541513,0.3541868442458486
5196,25823.0,0.0,0.6304105027670113,0.3695894972329887
5197,25824.0,1.0,0.3556570661613591,0.6443429338386412
5198,25845.0,1.0,0.38614289659287826,0.6138571034071219
5199,25859.0,1.0,0.4252989302453556,0.5747010697546444
5200,25865.0,0.0,0.6314815901873074,0.36851840981269246
5201,25876.0,0.0,0.563357446408928,0.4366425535910718
5202,25889.0,1.0,0.49716663952102663,0.5028333604789734
5203,25903.0,1.0,0.40271130062559124,0.5972886993744089
5204,25904.0,0.0,0.5513499360510554,0.4486500639489446
5205,25915.0,1.0,0.39743329437946573,0.6025667056205343
5206,25916.0,1.0,0.4274204049279552,0.5725795950720447
5207,25919.0,0.0,0.540337094464612,0.4596629055353879
5208,25921.0,0.0,0.5266447526151281,0.4733552473848718
5209,25923.0,1.0,0.39058461040061926,0.6094153895993808
5210,25924.0,1.0,0.3928484826360964,0.6071515173639038
5211,25930.0,0.0,0.5391770869519452,0.46082291304805456
5212,25932.0,1.0,0.401725618486257,0.5982743815137431
5213,25936.0,1.0,0.02067435899830719,0.9793256410016926
5214,25938.0,0.0,0.6707461178093135,0.3292538821906865
5215,25945.0,1.0,0.3876511790560317,0.6123488209439685
5216,25958.0,0.0,0.5640766361637258,0.435923363836274
5217,25963.0,0.0,0.5597696111573106,0.44023038884268945
5218,25964.0,1.0,0.3637318835955094,0.6362681164044911
5219,25966.0,1.0,0.45584770402437685,0.5441522959756231
5220,25977.0,1.0,0.4589143345025166,0.5410856654974833
5221,25982.0,0.0,0.5397588330081374,0.46024116699186246
5222,25983.0,0.0,0.5805743839476597,0.41942561605234024
5223,25987.0,1.0,0.419960186390755,0.5800398136092451
5224,25991.0,1.0,0.39776930162349816,0.6022306983765018
5225,25999.0,0.0,0.5273929835483695,0.47260701645163034
5226,26004.0,0.0,0.5463826866548817,0.4536173133451182
5227,26014.0,1.0,0.4394809346122198,0.5605190653877803
5228,26027.0,1.0,0.46295974044075977,0.5370402595592403
5229,26034.0,0.0,0.5006799665494868,0.4993200334505133
5230,26036.0,0.0,0.5509314694242381,0.4490685305757619
5231,26051.0,1.0,0.3788205926883098,0.6211794073116903
5232,26057.0,1.0,0.4392599366861991,0.5607400633138009
5233,26060.0,0.0,0.6099345319349377,0.39006546806506237
5234,26066.0,1.0,0.43610626413885223,0.5638937358611479
5235,26069.0,1.0,0.4893276398542891,0.5106723601457108
5236,26072.0,1.0,0.4658042851019679,0.5341957148980321
5237,26075.0,0.0,0.5464540596092359,0.453545940390764
5238,26077.0,1.0,0.40424203560757754,0.5957579643924222
5239,26086.0,1.0,0.43787083316014036,0.5621291668398598
5240,26087.0,1.0,0.02926205920788882,0.9707379407921113
5241,26091.0,0.0,0.5106609528425807,0.48933904715741927
5242,26099.0,0.0,0.5768178101048176,0.42318218989518236
5243,26100.0,1.0,0.46559861865673247,0.5344013813432675
5244,26101.0,0.0,0.5383082407083704,0.4616917592916296
5245,26102.0,1.0,0.4679314246839782,0.5320685753160218
5246,26104.0,1.0,0.49345869932390707,0.5065413006760929
5247,26105.0,1.0,0.4188878246767826,0.5811121753232172
5248,26106.0,0.0,0.5074797976188197,0.49252020238118027
5249,26114.0,0.0,0.6179561620176071,0.382043837982393
5250,26116.0,0.0,0.6430966682409721,0.3569033317590279
5251,26121.0,1.0,0.40139880571236936,0.5986011942876306
5252,26122.0,0.0,0.6746747752310989,0.32532522476890074
5253,26123.0,1.0,0.48082195448445325,0.5191780455155467
5254,26126.0,0.0,0.6454920604598061,0.35450793954019394
5255,26128.0,1.0,0.4533184740738267,0.5466815259261735
5256,26129.0,0.0,0.55219816459152,0.44780183540847984
5257,26130.0,0.0,0.6066729382312995,0.3933270617687005
5258,26132.0,0.0,0.5081963226925257,0.49180367730747415
5259,26137.0,1.0,0.3821886949410496,0.6178113050589507
5260,26140.0,1.0,0.028411661971835915,0.971588338028164
5261,26146.0,1.0,0.07631329271406385,0.9236867072859363
5262,26149.0,0.0,0.68038542066714,0.31961457933285997
5263,26157.0,1.0,0.4671886081873037,0.5328113918126963
5264,26158.0,1.0,0.4352348166304924,0.5647651833695078
5265,26165.0,0.0,0.5107661704670567,0.4892338295329433
5266,26167.0,1.0,0.38574751622291964,0.6142524837770807
5267,26173.0,1.0,0.374632681588918,0.6253673184110822
5268,26187.0,1.0,0.4870471939750732,0.5129528060249269
5269,26189.0,0.0,0.5663564305515801,0.4336435694484198
5270,26192.0,1.0,0.4827177472973805,0.5172822527026195
5271,26195.0,0.0,0.5544294394733102,0.44557056052668964
5272,26197.0,0.0,0.6442575652759076,0.3557424347240922
5273,26199.0,0.0,0.5413491321038131,0.45865086789618664
5274,26208.0,1.0,0.3630334514058879,0.6369665485941125
5275,26211.0,1.0,0.03464925445712856,0.9653507455428715
5276,26217.0,0.0,0.6075000715663983,0.3924999284336013
5277,26218.0,1.0,0.4935960655330877,0.5064039344669122
5278,26220.0,0.0,0.557394632299513,0.44260536770048686
5279,26226.0,1.0,0.3798358607110069,0.6201641392889933
5280,26230.0,1.0,0.43665810334132893,0.5633418966586712
5281,26242.0,1.0,0.40622789013949334,0.5937721098605068
5282,26273.0,1.0,0.4009945448584841,0.599005455141516
5283,26277.0,1.0,0.4649595407432405,0.5350404592567595
5284,26289.0,0.0,0.6478880983482139,0.3521119016517864
5285,26290.0,0.0,0.6938991551489165,0.30610084485108346
5286,26292.0,1.0,0.4589921009582698,0.5410078990417303
5287,26297.0,1.0,0.4444084420473726,0.5555915579526273
5288,26313.0,0.0,0.6452356028069036,0.35476439719309644
5289,26314.0,0.0,0.601417069496867,0.3985829305031331
5290,26315.0,0.0,0.5605247272517326,0.43947527274826725
5291,26320.0,0.0,0.5705418166829618,0.42945818331703806
5292,26321.0,0.0,0.5270002438529994,0.47299975614700046
5293,26322.0,1.0,0.4971939490007044,0.5028060509992957
5294,26324.0,0.0,0.5119585596876041,0.4880414403123959
5295,26328.0,1.0,0.44638529501923463,0.5536147049807654
5296,26334.0,0.0,0.6174257306334949,0.3825742693665051
5297,26335.0,1.0,0.35082125130669944,0.6491787486933009
5298,26336.0,1.0,0.45063893201748334,0.5493610679825164
5299,26343.0,1.0,0.48471070803808053,0.5152892919619194
5300,26345.0,0.0,0.5112863270113082,0.48871367298869195
5301,26349.0,1.0,0.3902199159293587,0.6097800840706417
5302,26352.0,1.0,0.3838013711403992,0.6161986288596011
5303,26358.0,0.0,0.504938055905326,0.49506194409467397
5304,26360.0,1.0,0.43794272832164816,0.5620572716783517
5305,26369.0,0.0,0.5120850443398562,0.48791495566014376
5306,26382.0,0.0,0.557310594082717,0.4426894059172831
5307,26385.0,1.0,0.3989902105433823,0.6010097894566178
5308,26391.0,1.0,0.46172059624211104,0.538279403757889
5309,26397.0,1.0,0.4485430575605228,0.5514569424394772
5310,26403.0,1.0,0.39824630252369564,0.6017536974763045
5311,26404.0,1.0,0.39762990609266397,0.6023700939073362
5312,26405.0,0.0,0.5846797475451855,0.4153202524548144
5313,26415.0,1.0,0.4333657606974278,0.5666342393025724
5314,26420.0,0.0,0.5482564934491236,0.45174350655087614
5315,26421.0,1.0,0.4703447367257057,0.5296552632742944
5316,26433.0,1.0,0.38720604897037364,0.6127939510296266
5317,26439.0,0.0,0.5428841517386672,0.45711584826133267
5318,26441.0,0.0,0.5803057250256929,0.419694274974307
5319,26451.0,0.0,0.6455282633974353,0.3544717366025642
5320,26456.0,0.0,0.5827096915799105,0.41729030842008963
5321,26460.0,1.0,0.45141613775768585,0.5485838622423143
5322,26467.0,0.0,0.5572031267070501,0.44279687329295003
5323,26473.0,1.0,0.4206889040361829,0.5793110959638171
5324,26475.0,0.0,0.5282702718339578,0.4717297281660419
5325,26476.0,0.0,0.6834135213140331,0.3165864786859666
5326,26484.0,1.0,0.41412239396884476,0.5858776060311555
5327,26487.0,1.0,0.453945719361187,0.546054280638813
5328,26492.0,0.0,0.7045963663777453,0.29540363362225475
5329,26497.0,1.0,0.4388778358866354,0.5611221641133647
5330,26500.0,1.0,0.4713950479571982,0.5286049520428019
5331,26502.0,1.0,0.03725699367665764,0.9627430063233423
5332,26514.0,0.0,0.6613504923315559,0.33864950766844437
5333,26518.0,0.0,0.5514558533156202,0.44854414668437975
5334,26519.0,1.0,0.4728694426641111,0.5271305573358891
5335,26521.0,1.0,0.3718279055071527,0.6281720944928475
5336,26530.0,0.0,0.56082146538974,0.4391785346102599
5337,26537.0,1.0,0.40215766444736284,0.5978423355526374
5338,26545.0,1.0,0.4859532732169831,0.5140467267830169
5339,26546.0,1.0,0.4205368369923187,0.5794631630076813
5340,26549.0,1.0,0.40782102100714057,0.5921789789928595
5341,26551.0,1.0,0.3873961461096214,0.612603853890379
5342,26555.0,1.0,0.0529913575851078,0.9470086424148922
5343,26558.0,1.0,0.41385980444020604,0.5861401955597941
5344,26562.0,1.0,0.46292523983583267,0.5370747601641672
5345,26563.0,0.0,0.6166033004231641,0.3833966995768361
5346,26565.0,0.0,0.6634063831535805,0.3365936168464192
5347,26570.0,1.0,0.48884815585042973,0.5111518441495704
5348,26571.0,0.0,0.5025490817328089,0.49745091826719107
5349,26579.0,1.0,0.49768492416320664,0.5023150758367934
5350,26587.0,0.0,0.5712993348471526,0.42870066515284755
5351,26590.0,1.0,0.4650586177629752,0.5349413822370248
5352,26602.0,0.0,0.6065703690787037,0.39342963092129635
5353,26603.0,0.0,0.5718293894465206,0.42817061055347944
5354,26605.0,1.0,0.4684459253170957,0.5315540746829044
5355,26610.0,0.0,0.5869035136901138,0.4130964863098862
5356,26611.0,1.0,0.3944545137379849,0.6055454862620149
5357,26631.0,0.0,0.5369477377645347,0.46305226223546514
5358,26634.0,1.0,0.4279948624295413,0.5720051375704589
5359,26637.0,0.0,0.5096819143188905,0.49031808568110946
5360,26639.0,1.0,0.45375193705180566,0.5462480629481944
5361,26646.0,0.0,0.6592535113019824,0.3407464886980175
5362,26647.0,1.0,0.4595571942671689,0.5404428057328311
5363,26651.0,0.0,0.501042483696258,0.4989575163037421
5364,26653.0,0.0,0.7082926511751245,0.2917073488248757
5365,26654.0,0.0,0.5955327164569258,0.40446728354307465
5366,26658.0,0.0,0.5142085257751142,0.48579147422488583
5367,26664.0,0.0,0.5887246075018409,0.41127539249815936
5368,26669.0,1.0,0.4131470719896011,0.5868529280103989
5369,26670.0,1.0,0.41959076551323876,0.5804092344867613
5370,26671.0,0.0,0.612099668303894,0.3879003316961059
5371,26686.0,0.0,0.5643567722376933,0.4356432277623067
5372,26690.0,0.0,0.5398450896771927,0.46015491032280736
5373,26694.0,1.0,0.4969864487297275,0.5030135512702725
5374,26711.0,0.0,0.5055334711878785,0.4944665288121214
5375,26715.0,1.0,0.40947366365454213,0.5905263363454579
5376,26721.0,0.0,0.5695505020983235,0.4304494979016764
5377,26731.0,0.0,0.5517271752515548,0.44827282474844493
5378,26738.0,1.0,0.022603489910003067,0.9773965100899971
5379,26741.0,1.0,0.4368420976319916,0.5631579023680083
5380,26756.0,1.0,0.4061269554526676,0.5938730445473325
5381,26758.0,1.0,0.39206018235514434,0.6079398176448557
5382,26760.0,1.0,0.4646270024041101,0.53537299759589
5383,26765.0,0.0,0.6313876480498698,0.3686123519501303
5384,26768.0,0.0,0.500122510579875,0.499877489420125
5385,26769.0,0.0,0.5456305061784348,0.4543694938215652
5386,26789.0,0.0,0.6181792214669247,0.38182077853307517
5387,26799.0,1.0,0.405811248351627,0.5941887516483731
5388,26803.0,0.0,0.6492410312880921,0.35075896871190765
5389,26806.0,1.0,0.39180181119452456,0.6081981888054756
5390,26807.0,1.0,0.49532851566598884,0.5046714843340112
5391,26813.0,1.0,0.4315096892383693,0.5684903107616307
5392,26825.0,1.0,0.041461658900367376,0.9585383410996324
5393,26826.0,1.0,0.4211796271598458,0.5788203728401542
5394,26831.0,1.0,0.06052381744118479,0.9394761825588153
5395,26833.0,1.0,0.08596086896556956,0.9140391310344305
5396,26836.0,0.0,0.6588257987661428,0.34117420123385744
5397,26839.0,1.0,0.46031295669271066,0.5396870433072893
5398,26848.0,0.0,0.5567979637619733,0.4432020362380264
5399,26850.0,1.0,0.44720795627541243,0.5527920437245877
5400,26855.0,1.0,0.3638572710634076,0.6361427289365923
5401,26857.0,1.0,0.4205709154843265,0.5794290845156737
5402,26860.0,0.0,0.5575614152432699,0.44243858475673015
5403,26863.0,0.0,0.5419299711736072,0.4580700288263927
5404,26878.0,1.0,0.3942850417673651,0.6057149582326349
5405,26879.0,1.0,0.411559914010428,0.588440085989572
5406,26880.0,1.0,0.4769754808031188,0.5230245191968811
5407,26881.0,1.0,0.4169975330452554,0.5830024669547447
5408,26889.0,0.0,0.5112278163858642,0.4887721836141359
5409,26897.0,0.0,0.585180236303383,0.414819763696617
5410,26901.0,1.0,0.48963938093438586,0.510360619065614
5411,26906.0,0.0,0.6173242151996216,0.3826757848003784
5412,26911.0,1.0,0.4562217350357617,0.5437782649642383
5413,26913.0,1.0,0.42584864078855217,0.5741513592114477
5414,26914.0,1.0,0.47910286387945933,0.5208971361205407
5415,26918.0,1.0,0.017045184187685844,0.9829548158123141
5416,26919.0,0.0,0.5093656815558922,0.4906343184441075
5417,26922.0,0.0,0.5964551830125012,0.403544816987499
5418,26926.0,1.0,0.3897821248990329,0.6102178751009671
5419,26931.0,1.0,0.4434093132623223,0.5565906867376778
5420,26936.0,0.0,0.6248730733994882,0.37512692660051195
5421,26938.0,0.0,0.6099433066035795,0.39005669339642046
5422,26940.0,0.0,0.5446997443162889,0.45530025568371113
5423,26950.0,0.0,0.5327327394623087,0.46726726053769113
5424,26956.0,1.0,0.3741153672174534,0.6258846327825468
5425,26960.0,0.0,0.6711740827542976,0.328825917245703
5426,26964.0,1.0,0.49471699181787854,0.5052830081821215
5427,26965.0,1.0,0.39105500439610663,0.6089449956038935
5428,26984.0,1.0,0.42335817565012035,0.5766418243498795
5429,26990.0,0.0,0.5163864118046431,0.48361358819535705
5430,27000.0,1.0,0.4095846999936789,0.590415300006321
5431,27001.0,0.0,0.536323477798429,0.46367652220157085
5432,27011.0,0.0,0.5031382221200766,0.49686177787992336
5433,27012.0,0.0,0.5113611863933434,0.48863881360665656
5434,27014.0,1.0,0.3858387585059897,0.6141612414940105
5435,27021.0,1.0,0.49842091081668755,0.5015790891833124
5436,27022.0,1.0,0.3851159066748786,0.6148840933251217
5437,27024.0,1.0,0.3888845936905879,0.6111154063094121
5438,27032.0,1.0,0.4679795781282119,0.5320204218717882
5439,27033.0,1.0,0.02488640042201678,0.9751135995779832
5440,27038.0,1.0,0.4690550220826883,0.5309449779173115
5441,27041.0,1.0,0.4046931810616462,0.5953068189383539
5442,27044.0,0.0,0.7145211331126654,0.2854788668873345
5443,27051.0,1.0,0.40040441003137156,0.5995955899686287
5444,27052.0,1.0,0.4772762520714709,0.5227237479285288
5445,27053.0,0.0,0.6686405810115914,0.3313594189884085
5446,27057.0,1.0,0.40576558334662993,0.5942344166533702
5447,27059.0,1.0,0.43220439949409906,0.5677956005059009
5448,27064.0,0.0,0.5093803223298142,0.49061967767018566
5449,27066.0,0.0,0.6244456049351428,0.3755543950648575
5450,27069.0,1.0,0.3894679737046274,0.6105320262953728
5451,27071.0,1.0,0.4589440238182504,0.5410559761817497
5452,27073.0,1.0,0.497362122536885,0.5026378774631148
5453,27075.0,0.0,0.5917552322651639,0.4082447677348363
5454,27090.0,1.0,0.4094678524352509,0.5905321475647491
5455,27095.0,0.0,0.5502011327187839,0.4497988672812162
5456,27114.0,1.0,0.4179946976862844,0.5820053023137157
5457,27115.0,1.0,0.41171846241052845,0.5882815375894714
5458,27118.0,1.0,0.4149065026423701,0.5850934973576298
5459,27119.0,1.0,0.36287739074161235,0.6371226092583879
5460,27124.0,1.0,0.4989345578556932,0.5010654421443068
5461,27125.0,0.0,0.5237439185548586,0.4762560814451413
5462,27135.0,0.0,0.5405169554578343,0.4594830445421657
5463,27136.0,0.0,0.6628832079893675,0.3371167920106327
5464,27137.0,0.0,0.5742074294826709,0.42579257051732905
5465,27138.0,0.0,0.5254209037765267,0.47457909622347316
5466,27143.0,1.0,0.3806536222875939,0.6193463777124063
5467,27147.0,1.0,0.05671142223130321,0.9432885777686968
5468,27151.0,1.0,0.4562089539076802,0.5437910460923197
5469,27168.0,0.0,0.6138171312578651,0.3861828687421348
5470,27174.0,1.0,0.3727245548453104,0.6272754451546897
5471,27180.0,0.0,0.5787476581139266,0.42125234188607313
5472,27181.0,0.0,0.5239044021915629,0.47609559780843713
5473,27184.0,1.0,0.3586996195563302,0.6413003804436701
5474,27185.0,1.0,0.4941337656391163,0.5058662343608835
5475,27194.0,0.0,0.589982035375805,0.41001796462419504
5476,27199.0,0.0,0.5101808202439685,0.4898191797560316
5477,27201.0,0.0,0.5400439836206723,0.45995601637932765
5478,27213.0,1.0,0.3958672718383294,0.6041327281616709
5479,27218.0,1.0,0.3922781612595957,0.6077218387404044
5480,27220.0,1.0,0.4694916596898602,0.5305083403101398
5481,27224.0,1.0,0.07528785252884392,0.9247121474711562
5482,27226.0,1.0,0.432517468897878,0.5674825311021221
5483,27239.0,0.0,0.5269342754074439,0.473065724592556
5484,27244.0,1.0,0.45674655757446136,0.5432534424255385
5485,27246.0,1.0,0.4149038944756019,0.5850961055243983
5486,27250.0,0.0,0.6236772154092994,0.3763227845907005
5487,27277.0,1.0,0.031552761253038256,0.9684472387469618
5488,27282.0,1.0,0.40476296888708707,0.595237031112913
5489,27283.0,0.0,0.6196295927239427,0.3803704072760572
5490,27287.0,0.0,0.548019808645179,0.451980191354821
5491,27291.0,0.0,0.5084317287623659,0.49156827123763414
5492,27293.0,0.0,0.5724602957411756,0.4275397042588244
5493,27296.0,0.0,0.6070597818474742,0.3929402181525256
5494,27297.0,0.0,0.5110570975972563,0.4889429024027438
5495,27301.0,1.0,0.495073616489018,0.504926383510982
5496,27304.0,1.0,0.05184831508524402,0.9481516849147559
5497,27312.0,1.0,0.42472135602946215,0.5752786439705379
5498,27313.0,0.0,0.6162009142968379,0.38379908570316196
5499,27317.0,1.0,0.4409999438422738,0.5590000561577263
5500,27321.0,1.0,0.37564029905328783,0.6243597009467127
5501,27323.0,1.0,0.030737775618235916,0.9692622243817639
5502,27332.0,1.0,0.4057269624497834,0.5942730375502169
5503,27337.0,1.0,0.38257250712486107,0.6174274928751393
5504,27339.0,1.0,0.39407412461673685,0.6059258753832633
5505,27344.0,1.0,0.41094675030116,0.5890532496988402
5506,27348.0,0.0,0.5546218220658878,0.44537817793411205
5507,27350.0,1.0,0.049590175989049017,0.9504098240109511
5508,27352.0,1.0,0.45208232593349834,0.5479176740665017
5509,27354.0,1.0,0.06365594421087303,0.936344055789127
5510,27360.0,1.0,0.4691992703783097,0.5308007296216901
5511,27362.0,0.0,0.5012006058733588,0.4987993941266412
5512,27376.0,0.0,0.5148345070200225,0.4851654929799774
5513,27384.0,1.0,0.03670614543405523,0.9632938545659449
5514,27388.0,1.0,0.4025105912519064,0.5974894087480935
5515,27393.0,1.0,0.4325563352559601,0.5674436647440398
5516,27398.0,0.0,0.5107208321497676,0.4892791678502323
5517,27401.0,1.0,0.40162186460397853,0.5983781353960216
5518,27405.0,0.0,0.5051378315553271,0.4948621684446728
5519,27409.0,0.0,0.6491196460629532,0.35088035393704653
5520,27416.0,0.0,0.5187654371656543,0.4812345628343456
5521,27418.0,1.0,0.46838016925273945,0.5316198307472605
5522,27422.0,0.0,0.5868945978002671,0.4131054021997332
5523,27426.0,1.0,0.4764099495544942,0.5235900504455057
5524,27430.0,1.0,0.06424575746798512,0.935754242532015
5525,27434.0,0.0,0.535973510832079,0.46402648916792105
5526,27435.0,0.0,0.5792906123911553,0.4207093876088447
5527,27441.0,1.0,0.4401677173864995,0.5598322826135007
5528,27442.0,0.0,0.6552315599623192,0.34476844003768065
5529,27453.0,1.0,0.0664843463941938,0.9335156536058062
5530,27461.0,0.0,0.6446629467216779,0.35533705327832243
5531,27471.0,0.0,0.5093219804074556,0.4906780195925443
5532,27480.0,1.0,0.4709637463027414,0.5290362536972585
5533,27484.0,1.0,0.4662647890592943,0.5337352109407056
5534,27488.0,1.0,0.4606938230569792,0.539306176943021
5535,27492.0,0.0,0.5526835520337453,0.4473164479662546
5536,27495.0,1.0,0.38119612387325286,0.6188038761267475
5537,27496.0,1.0,0.4477999083876085,0.5522000916123916
5538,27500.0,0.0,0.6230662064667899,0.37693379353321
5539,27511.0,1.0,0.41379430442628334,0.5862056955737167
5540,27512.0,1.0,0.4031090018712802,0.5968909981287198
5541,27513.0,1.0,0.42979027658746316,0.5702097234125367
5542,27516.0,0.0,0.5142576905747581,0.4857423094252418
5543,27519.0,1.0,0.4928205143158202,0.5071794856841799
5544,27523.0,1.0,0.4946013028404708,0.5053986971595293
5545,27526.0,1.0,0.4143525354359548,0.5856474645640454
5546,27527.0,0.0,0.6140300873936545,0.38596991260634544
5547,27535.0,0.0,0.5647300230888745,0.43526997691112546
5548,27536.0,1.0,0.020968597676597946,0.9790314023234022
5549,27540.0,0.0,0.5063697350901282,0.4936302649098717
5550,27545.0,0.0,0.5238979183758827,0.4761020816241173
5551,27546.0,1.0,0.40490860310690185,0.5950913968930981
5552,27550.0,1.0,0.10133229425124418,0.898667705748756
5553,27552.0,0.0,0.5660645821604121,0.43393541783958794
5554,27554.0,0.0,0.5850595840558658,0.41494041594413406
5555,27557.0,0.0,0.5914567678165767,0.4085432321834231
5556,27558.0,1.0,0.4831513511467868,0.5168486488532131
5557,27560.0,0.0,0.5540334534066735,0.4459665465933264
5558,27564.0,1.0,0.4846848855722126,0.5153151144277872
5559,27569.0,0.0,0.6421867226067559,0.35781327739324426
5560,27571.0,1.0,0.4867886141871527,0.5132113858128473
5561,27578.0,0.0,0.6419931669332789,0.35800683306672115
5562,27582.0,1.0,0.4425096478722102,0.55749035212779
5563,27583.0,1.0,0.47314424800149346,0.5268557519985068
5564,27591.0,0.0,0.6138264942681015,0.3861735057318986
5565,27612.0,1.0,0.40262147623749733,0.597378523762503
5566,27620.0,1.0,0.4830353738832085,0.5169646261167915
5567,27625.0,1.0,0.4514038168164696,0.5485961831835304
5568,27641.0,1.0,0.48530470721211266,0.5146952927878875
5569,27644.0,0.0,0.5865314684285916,0.41346853157140834
5570,27645.0,1.0,0.463148680311366,0.5368513196886339
5571,27651.0,0.0,0.653192050305873,0.34680794969412665
5572,27658.0,1.0,0.4435618551952249,0.556438144804775
5573,27662.0,1.0,0.45537585926698626,0.5446241407330138
5574,27664.0,1.0,0.4150573986153969,0.5849426013846032
5575,27665.0,1.0,0.4139242050599934,0.5860757949400067
5576,27673.0,1.0,0.49809594673927216,0.5019040532607278
5577,27681.0,1.0,0.01797773619949646,0.9820222638005036
5578,27684.0,1.0,0.43675993148419606,0.5632400685158041
5579,27689.0,1.0,0.4040104380000837,0.5959895619999164
5580,27692.0,1.0,0.49954856978789997,0.5004514302120999
5581,27693.0,1.0,0.38670469346180303,0.6132953065381972
5582,27694.0,0.0,0.5214378885779812,0.47856211142201865
5583,27697.0,0.0,0.631327665351936,0.36867233464806404
5584,27699.0,0.0,0.6145345964793498,0.38546540352065023
5585,27706.0,1.0,0.49044108372783923,0.5095589162721608
5586,27736.0,1.0,0.43445505643430143,0.5655449435656987
5587,27737.0,0.0,0.6255291138891546,0.37447088611084534
5588,27743.0,1.0,0.42269497624507807,0.577305023754922
5589,27750.0,1.0,0.38436381494979843,0.6156361850502017
5590,27752.0,1.0,0.414405593796197,0.5855944062038031
5591,27761.0,1.0,0.4895434212103803,0.5104565787896197
5592,27764.0,1.0,0.41295935667195766,0.5870406433280424
5593,27765.0,1.0,0.4826028141207317,0.5173971858792682
5594,27769.0,0.0,0.5638219325979335,0.43617806740206655
5595,27776.0,1.0,0.4861205003097636,0.5138794996902365
5596,27788.0,1.0,0.48094745652380083,0.5190525434761991
5597,27791.0,1.0,0.47687889481804646,0.5231211051819535
5598,27793.0,1.0,0.4995906122738954,0.5004093877261045
5599,27796.0,1.0,0.40580075022416023,0.5941992497758399
5600,27798.0,1.0,0.4451415181415607,0.5548584818584394
5601,27802.0,1.0,0.4064479237859957,0.5935520762140046
5602,27805.0,1.0,0.46413931890465365,0.5358606810953465
5603,27808.0,0.0,0.5377203809202292,0.4622796190797708
5604,27814.0,1.0,0.4465254322135442,0.5534745677864559
5605,27817.0,0.0,0.5265662310381819,0.47343376896181794
5606,27823.0,1.0,0.3854708237902841,0.6145291762097158
5607,27826.0,0.0,0.5840591849076234,0.41594081509237646
5608,27827.0,1.0,0.41916574330225315,0.5808342566977468
5609,27829.0,0.0,0.5933664494122941,0.4066335505877059
5610,27842.0,1.0,0.49750339083444123,0.5024966091655587
5611,27850.0,0.0,0.5389140307135767,0.46108596928642326
5612,27853.0,0.0,0.6035983756009751,0.39640162439902504
5613,27863.0,1.0,0.4705132119950842,0.5294867880049156
5614,27865.0,0.0,0.5814607333778884,0.4185392666221114
5615,27869.0,0.0,0.5450263944340632,0.45497360556593697
5616,27871.0,1.0,0.3620766418721497,0.6379233581278503
5617,27873.0,1.0,0.43269956576796637,0.5673004342320337
5618,27881.0,0.0,0.6359260610854837,0.36407393891451617
5619,27890.0,1.0,0.45569360122068014,0.5443063987793199
5620,27892.0,1.0,0.40514026803659303,0.594859731963407
5621,27908.0,0.0,0.5174970306586133,0.4825029693413867
5622,27922.0,0.0,0.5137529916549248,0.48624700834507506
5623,27926.0,1.0,0.4971922448536018,0.5028077551463982
5624,27933.0,1.0,0.019393147854429443,0.9806068521455704
5625,27938.0,0.0,0.5895010677101337,0.41049893228986634
5626,27939.0,1.0,0.4213041187823196,0.5786958812176803
5627,27941.0,0.0,0.5537017591307707,0.4462982408692293
5628,27945.0,1.0,0.40102679168667094,0.5989732083133291
5629,27952.0,1.0,0.4132963693459402,0.5867036306540598
5630,27966.0,0.0,0.6110020970428396,0.3889979029571603
5631,27968.0,0.0,0.580199219913128,0.419800780086872
5632,27971.0,1.0,0.3959701516184697,0.6040298483815303
5633,27975.0,1.0,0.39667164786476355,0.6033283521352364
5634,27979.0,0.0,0.6046365821226005,0.39536341787739937
5635,27983.0,0.0,0.5396372765442016,0.46036272345579826
5636,27984.0,1.0,0.07048022954141833,0.9295197704585816
5637,27986.0,1.0,0.4166761530407892,0.5833238469592108
5638,28000.0,1.0,0.42322164867332823,0.5767783513266719
5639,28009.0,1.0,0.37574644979462074,0.6242535502053796
5640,28018.0,1.0,0.49388810652530146,0.5061118934746986
5641,28023.0,0.0,0.5657339704341011,0.4342660295658988
5642,28024.0,1.0,0.48164056796451954,0.5183594320354805
5643,28026.0,1.0,0.027739775806748884,0.9722602241932513
5644,28029.0,0.0,0.7104053815929341,0.2895946184070659
5645,28033.0,1.0,0.46477605932526844,0.5352239406747316
5646,28036.0,0.0,0.5614429719581793,0.4385570280418208
5647,28037.0,1.0,0.42878781404737026,0.5712121859526299
5648,28038.0,1.0,0.4125343634719367,0.5874656365280632
5649,28044.0,0.0,0.5376981475889301,0.46230185241106997
5650,28045.0,1.0,0.398243884846445,0.601756115153555
5651,28046.0,1.0,0.40007182901130145,0.5999281709886987
5652,28047.0,0.0,0.5036248969914972,0.4963751030085028
5653,28055.0,0.0,0.5525478506042691,0.44745214939573075
5654,28061.0,0.0,0.5002526212265258,0.49974737877347414
5655,28063.0,1.0,0.3968719977546655,0.6031280022453346
5656,28064.0,1.0,0.3785353283331143,0.6214646716668857
5657,28069.0,1.0,0.40168566218970136,0.5983143378102987
5658,28072.0,0.0,0.5108316743935846,0.4891683256064154
5659,28084.0,0.0,0.5240924533541793,0.47590754664582063
5660,28086.0,1.0,0.053785982407471476,0.9462140175925284
5661,28089.0,0.0,0.5413789861993346,0.4586210138006654
5662,28096.0,1.0,0.41058234710790187,0.5894176528920982
5663,28097.0,1.0,0.41955706074962484,0.5804429392503755
5664,28109.0,1.0,0.046631118626289506,0.9533688813737105
5665,28112.0,1.0,0.4974422687243152,0.5025577312756847
5666,28113.0,0.0,0.5569344545385744,0.4430655454614255
5667,28127.0,0.0,0.7125844161395876,0.28741558386041255
5668,28128.0,0.0,0.5116210188390617,0.48837898116093825
5669,28134.0,1.0,0.48489182955150467,0.5151081704484953
5670,28139.0,0.0,0.5262675181231813,0.47373248187681866
5671,28142.0,1.0,0.401002258974858,0.5989977410251419
5672,28144.0,0.0,0.5979442503969044,0.4020557496030959
5673,28145.0,1.0,0.39482805158226886,0.6051719484177311
5674,28150.0,0.0,0.5127223251989274,0.4872776748010726
5675,28166.0,0.0,0.5526919524365206,0.44730804756347936
5676,28169.0,0.0,0.6147391482562682,0.3852608517437317
5677,28176.0,1.0,0.4042090020648347,0.5957909979351654
5678,28182.0,1.0,0.4716976140793576,0.5283023859206424
5679,28184.0,1.0,0.3603052658289013,0.6396947341710991
5680,28188.0,1.0,0.4589623351355677,0.5410376648644324
5681,28193.0,1.0,0.045952008417116455,0.9540479915828837
5682,28198.0,0.0,0.5376313361504615,0.4623686638495383
5683,28216.0,1.0,0.46169100944246744,0.5383089905575326
5684,28219.0,0.0,0.564139962500397,0.43586003749960306
5685,28220.0,0.0,0.5021250736179614,0.4978749263820385
5686,28226.0,1.0,0.3845125261519644,0.6154874738480358
5687,28227.0,0.0,0.5408364752596201,0.4591635247403799
5688,28233.0,1.0,0.4762027176495732,0.5237972823504268
5689,28241.0,1.0,0.4700778505072056,0.5299221494927944
5690,28246.0,1.0,0.3841760555120552,0.615823944487945
5691,28247.0,1.0,0.38907437707007275,0.6109256229299274
5692,28248.0,0.0,0.6855461022583733,0.31445389774162663
5693,28260.0,1.0,0.47430792003305916,0.5256920799669408
5694,28261.0,1.0,0.4169074002446606,0.5830925997553393
5695,28269.0,1.0,0.38484223572386744,0.6151577642761328
5696,28270.0,0.0,0.5107491896479719,0.4892508103520281
5697,28272.0,0.0,0.5001090300856293,0.49989096991437054
5698,28276.0,1.0,0.49457597932516306,0.5054240206748369
5699,28282.0,0.0,0.5672239188760299,0.43277608112397004
5700,28286.0,1.0,0.4475871808608398,0.5524128191391603
5701,28291.0,0.0,0.5417704523948683,0.45822954760513157
5702,28293.0,1.0,0.3929658425174607,0.6070341574825394
5703,28297.0,1.0,0.44700555227816674,0.5529944477218333
5704,28304.0,1.0,0.4937585733389978,0.5062414266610022
5705,28305.0,0.0,0.6760310152130538,0.3239689847869461
5706,28309.0,1.0,0.47439086381160417,0.5256091361883957
5707,28314.0,1.0,0.4685093889619622,0.5314906110380377
5708,28324.0,1.0,0.471141234162294,0.5288587658377061
5709,28330.0,0.0,0.5713183226901721,0.4286816773098277
5710,28332.0,1.0,0.49756321377202023,0.5024367862279797
5711,28335.0,1.0,0.38727210800822526,0.612727891991775
5712,28343.0,0.0,0.5624108438399876,0.43758915616001237
5713,28346.0,1.0,0.43066445303140005,0.5693355469685999
5714,28354.0,1.0,0.053320211948564726,0.9466797880514354
5715,28356.0,1.0,0.4585696631146349,0.5414303368853651
5716,28362.0,0.0,0.540215956981801,0.4597840430181989
5717,28377.0,0.0,0.5180267849744299,0.48197321502557
5718,28381.0,0.0,0.549134668259626,0.4508653317403741
5719,28384.0,0.0,0.5150216848304284,0.4849783151695717
5720,28396.0,1.0,0.45177572803346067,0.5482242719665393
5721,28397.0,1.0,0.3895262279038392,0.6104737720961609
5722,28404.0,0.0,0.6968713925558133,0.3031286074441871
5723,28412.0,1.0,0.4827806066506139,0.5172193933493863
5724,28413.0,0.0,0.5908711198690976,0.4091288801309021
5725,28415.0,1.0,0.39269365746357515,0.607306342536425
5726,28417.0,1.0,0.4733105653659069,0.5266894346340932
5727,28424.0,1.0,0.4728668483583672,0.5271331516416329
5728,28425.0,1.0,0.4738764780801904,0.5261235219198095
5729,28441.0,1.0,0.49446005635721724,0.5055399436427827
5730,28443.0,0.0,0.658675770926162,0.34132422907383775
5731,28447.0,1.0,0.4386808677383776,0.5613191322616224
5732,28452.0,1.0,0.4137181650165143,0.5862818349834857
5733,28481.0,0.0,0.5982381864457712,0.40176181355422863
5734,28489.0,0.0,0.5026323132684172,0.4973676867315829
5735,28494.0,1.0,0.4285866226754858,0.5714133773245141
5736,28499.0,0.0,0.5994676814463712,0.4005323185536287
5737,28500.0,1.0,0.4387767647214782,0.5612232352785217
5738,28502.0,1.0,0.394834559150705,0.6051654408492951
5739,28515.0,0.0,0.6179345240051923,0.3820654759948077
5740,28531.0,0.0,0.5091445035462414,0.4908554964537587
5741,28544.0,1.0,0.49225977172572977,0.5077402282742702
5742,28546.0,0.0,0.500755872194267,0.49924412780573296
5743,28557.0,1.0,0.38659161941935105,0.6134083805806491
5744,28560.0,1.0,0.3640471056726869,0.6359528943273133
5745,28562.0,0.0,0.5498674828210407,0.4501325171789592
5746,28565.0,1.0,0.37371210369130764,0.6262878963086925
5747,28566.0,0.0,0.6378427012680655,0.3621572987319342
5748,28569.0,1.0,0.34274181290433714,0.6572581870956631
5749,28572.0,0.0,0.6221901624386404,0.37780983756135955
5750,28576.0,1.0,0.394126879945448,0.6058731200545522
5751,28593.0,0.0,0.5577662240990451,0.44223377590095486
5752,28606.0,1.0,0.497540353187881,0.502459646812119
5753,28608.0,1.0,0.4809151916805357,0.5190848083194642
5754,28628.0,1.0,0.4074082757742389,0.5925917242257613
5755,28635.0,0.0,0.5535730674733312,0.44642693252666865
5756,28640.0,0.0,0.5318416973805002,0.4681583026194997
5757,28650.0,0.0,0.5469379983619822,0.4530620016380176
5758,28651.0,1.0,0.3988186358715926,0.6011813641284076
5759,28655.0,1.0,0.46051056450471944,0.5394894354952805
5760,28657.0,1.0,0.43014865788591017,0.5698513421140898
5761,28666.0,1.0,0.4037555494610709,0.5962444505389294
5762,28667.0,1.0,0.48907102141967784,0.5109289785803223
5763,28678.0,0.0,0.5132875130020331,0.48671248699796676
5764,28679.0,1.0,0.4581105739530046,0.5418894260469957
5765,28684.0,1.0,0.39972900658787686,0.6002709934121231
5766,28685.0,1.0,0.3838311476995234,0.6161688523004767
5767,28686.0,0.0,0.5730104422555236,0.42698955774447656
5768,28687.0,0.0,0.5240231264790104,0.4759768735209894
5769,28688.0,1.0,0.4329019473723274,0.5670980526276729
5770,28690.0,1.0,0.4988948526351332,0.5011051473648667
5771,28699.0,0.0,0.5040267376265468,0.49597326237345307
5772,28700.0,1.0,0.4465412034607855,0.5534587965392144
5773,28706.0,1.0,0.40792178271938034,0.5920782172806198
5774,28709.0,0.0,0.5182241771205902,0.48177582287940973
5775,28710.0,0.0,0.6308104603020552,0.3691895396979446
5776,28714.0,0.0,0.5731810179903157,0.42681898200968427
5777,28716.0,0.0,0.5443575379650862,0.45564246203491365
5778,28723.0,0.0,0.5541461257356202,0.4458538742643796
5779,28724.0,1.0,0.39094397125320696,0.6090560287467931
5780,28725.0,1.0,0.38739117160364794,0.6126088283963523
5781,28731.0,0.0,0.5283304115736083,0.4716695884263916
5782,28736.0,1.0,0.4178224829779994,0.5821775170220007
5783,28739.0,1.0,0.45090346062467157,0.5490965393753284
5784,28742.0,0.0,0.5733015848820727,0.42669841511792733
5785,28747.0,1.0,0.4803249090022832,0.5196750909977168
5786,28750.0,1.0,0.370661076292288,0.6293389237077119
5787,28754.0,0.0,0.5713536231294878,0.42864637687051216
5788,28761.0,1.0,0.43208569943430264,0.5679143005656974
5789,28763.0,1.0,0.45676312977170125,0.5432368702282987
5790,28770.0,0.0,0.5460372400930419,0.4539627599069579
5791,28771.0,1.0,0.07178223541262944,0.9282177645873705
5792,28784.0,0.0,0.6201126107773998,0.3798873892226001
5793,28793.0,0.0,0.6619028690545474,0.33809713094545274
5794,28795.0,0.0,0.5065850319462681,0.4934149680537319
5795,28809.0,0.0,0.5441445609303593,0.4558554390696406
5796,28818.0,0.0,0.5165668305722438,0.4834331694277561
5797,28820.0,0.0,0.5296165735469821,0.4703834264530179
5798,28825.0,0.0,0.5824295282284669,0.4175704717715332
5799,28827.0,0.0,0.6174489134202747,0.3825510865797252
5800,28831.0,1.0,0.47865841247805496,0.5213415875219449
5801,28835.0,1.0,0.033085477953559185,0.9669145220464408
5802,28836.0,1.0,0.40430967481751856,0.5956903251824816
5803,28842.0,0.0,0.5065455865022302,0.4934544134977697
5804,28843.0,1.0,0.3940082197980084,0.6059917802019917
5805,28846.0,1.0,0.4037972242827387,0.5962027757172613
5806,28853.0,0.0,0.5070508587638278,0.4929491412361722
5807,28858.0,1.0,0.43104126025296163,0.5689587397470385
5808,28859.0,0.0,0.6310421319099646,0.3689578680900351
5809,28863.0,1.0,0.40457205253722583,0.5954279474627743
5810,28867.0,1.0,0.43488726158072377,0.5651127384192762
5811,28875.0,0.0,0.5730639063409171,0.4269360936590826
5812,28879.0,1.0,0.4419540530326324,0.5580459469673675
5813,28888.0,0.0,0.6659195557176187,0.33408044428238126
5814,28889.0,0.0,0.5566685297695995,0.4433314702304005
5815,28891.0,1.0,0.4953016407560111,0.504698359243989
5816,28894.0,0.0,0.6144028159826529,0.3855971840173468
5817,28904.0,0.0,0.5018093187675253,0.4981906812324747
5818,28917.0,1.0,0.43907797176142305,0.560922028238577
5819,28918.0,1.0,0.04282208563036237,0.9571779143696378
5820,28920.0,1.0,0.43556050647621947,0.5644394935237806
5821,28922.0,1.0,0.40850452003570514,0.5914954799642946
5822,28932.0,1.0,0.49475690397312033,0.5052430960268797
5823,28947.0,1.0,0.433638057982278,0.5663619420177219
5824,28955.0,0.0,0.6233188466356038,0.37668115336439617
5825,28960.0,1.0,0.38018856883884516,0.619811431161155
5826,28962.0,1.0,0.022920582292110168,0.9770794177078899
5827,28967.0,1.0,0.42094698965962996,0.5790530103403702
5828,28972.0,0.0,0.5172114482793394,0.48278855172066043
5829,28974.0,1.0,0.44942144702346587,0.550578552976534
5830,28984.0,0.0,0.5665839140715936,0.4334160859284064
5831,28988.0,1.0,0.4371289888787191,0.562871011121281
5832,28990.0,1.0,0.4529261829123289,0.5470738170876711
5833,28993.0,0.0,0.5880162872863427,0.4119837127136573
5834,29000.0,1.0,0.44325968139656224,0.5567403186034379
5835,29006.0,1.0,0.3846027335356819,0.6153972664643181
5836,29014.0,1.0,0.4998982831449266,0.5001017168550732
5837,29019.0,1.0,0.4748094303355454,0.5251905696644547
5838,29030.0,0.0,0.5923311077596648,0.40766889224033526
5839,29037.0,0.0,0.6432017008208146,0.3567982991791854
5840,29038.0,1.0,0.40848951631998004,0.5915104836800201
5841,29041.0,0.0,0.5826813529088763,0.4173186470911235
5842,29043.0,1.0,0.3851159312743384,0.6148840687256617
5843,29046.0,1.0,0.4271641268370899,0.5728358731629102
5844,29049.0,0.0,0.5042659435659356,0.49573405643406443
5845,29052.0,1.0,0.056811945112978136,0.9431880548870218
5846,29055.0,1.0,0.40670511169353935,0.5932948883064608
5847,29056.0,1.0,0.4080965588840545,0.5919034411159455
5848,29059.0,0.0,0.5585150607179536,0.44148493928204646
5849,29065.0,0.0,0.5334102892601877,0.4665897107398122
5850,29076.0,1.0,0.37008208489948297,0.6299179151005171
5851,29078.0,1.0,0.032835064662000375,0.9671649353379996
5852,29082.0,0.0,0.6125549560265274,0.3874450439734727
5853,29087.0,1.0,0.38942942056916424,0.6105705794308361
5854,29106.0,1.0,0.48949302696912744,0.5105069730308727
5855,29108.0,1.0,0.43063524168269135,0.5693647583173087
5856,29109.0,1.0,0.4566267831109536,0.5433732168890465
5857,29110.0,1.0,0.42762414501001095,0.572375854989989
5858,29113.0,0.0,0.5827314173129572,0.4172685826870427
5859,29114.0,0.0,0.5004200545376096,0.4995799454623905
5860,29115.0,0.0,0.5081696582750045,0.4918303417249954
5861,29116.0,1.0,0.4128959321738935,0.5871040678261066
5862,29120.0,1.0,0.44983974670814947,0.5501602532918506
5863,29121.0,0.0,0.5532087369747729,0.446791263025227
5864,29128.0,1.0,0.44165535274550977,0.5583446472544905
5865,29132.0,1.0,0.4890603656987277,0.5109396343012723
5866,29133.0,0.0,0.5932940317409403,0.4067059682590598
5867,29140.0,1.0,0.49849128763098527,0.5015087123690146
5868,29143.0,0.0,0.559755434433385,0.4402445655666148
5869,29144.0,1.0,0.47818572497728395,0.521814275022716
5870,29145.0,1.0,0.4146668188845012,0.5853331811154988
5871,29149.0,1.0,0.37608361010896113,0.6239163898910393
5872,29150.0,1.0,0.3855855647751199,0.6144144352248803
5873,29152.0,0.0,0.5481824482440919,0.451817551755908
5874,29165.0,0.0,0.6502404557390278,0.34975954426097194
5875,29166.0,0.0,0.5839254800104233,0.4160745199895766
5876,29167.0,1.0,0.38405917333242007,0.61594082666758
5877,29176.0,1.0,0.4364618995796829,0.5635381004203172
5878,29180.0,1.0,0.44638440886369835,0.5536155911363018
5879,29182.0,1.0,0.42393430936472937,0.5760656906352706
5880,29187.0,1.0,0.027054342681589714,0.9729456573184103
5881,29188.0,1.0,0.36702693492180805,0.6329730650781921
5882,29198.0,1.0,0.4750579348913247,0.5249420651086754
5883,29202.0,1.0,0.40085122330632134,0.599148776693679
5884,29209.0,0.0,0.5306279791268016,0.46937202087319835
5885,29211.0,1.0,0.3774378792513247,0.6225621207486752
5886,29212.0,0.0,0.5125301796684586,0.48746982033154124
5887,29213.0,0.0,0.5688806083631627,0.43111939163683727
5888,29215.0,1.0,0.4884932877828267,0.5115067122171734
5889,29223.0,1.0,0.4129869769641095,0.5870130230358904
5890,29226.0,0.0,0.5303776382968544,0.46962236170314553
5891,29230.0,0.0,0.6160651084584593,0.3839348915415406
5892,29235.0,1.0,0.45229589205117876,0.5477041079488214
5893,29239.0,0.0,0.6206035561445118,0.37939644385548843
5894,29240.0,1.0,0.367360458813604,0.6326395411863961
5895,29243.0,1.0,0.025421145121186105,0.974578854878814
5896,29248.0,1.0,0.4733887237634271,0.5266112762365729
5897,29251.0,0.0,0.5872532144194286,0.41274678558057126
5898,29253.0,0.0,0.6456651139529318,0.35433488604706814
5899,29257.0,1.0,0.4342837238609443,0.565716276139056
5900,29267.0,0.0,0.6083310160102582,0.3916689839897418
5901,29273.0,1.0,0.42166386069554973,0.5783361393044502
5902,29276.0,1.0,0.4677589295479924,0.5322410704520077
5903,29278.0,1.0,0.4794665245832432,0.5205334754167568
5904,29294.0,1.0,0.04843555863806258,0.9515644413619374
5905,29310.0,1.0,0.44531425493635185,0.5546857450636484
5906,29312.0,1.0,0.48598651196527465,0.5140134880347255
5907,29313.0,0.0,0.6170734991362119,0.38292650086378804
5908,29328.0,0.0,0.5022223090917219,0.49777769090827806
5909,29329.0,1.0,0.46374541533007646,0.5362545846699236
5910,29332.0,0.0,0.5784042739402883,0.4215957260597117
5911,29333.0,0.0,0.6001683689834872,0.3998316310165128
5912,29337.0,1.0,0.47749871502885155,0.5225012849711486
5913,29340.0,0.0,0.647368442931419,0.35263155706858107
5914,29355.0,1.0,0.4925727007771182,0.507427299222882
5915,29362.0,0.0,0.530051050245591,0.46994894975440893
5916,29363.0,1.0,0.4201840790214473,0.5798159209785526
5917,29373.0,0.0,0.5879754051705187,0.4120245948294812
5918,29375.0,0.0,0.5849979647761534,0.41500203522384654
5919,29381.0,0.0,0.506044008691327,0.4939559913086729
5920,29385.0,0.0,0.5958589068443011,0.40414109315569907
5921,29387.0,0.0,0.6619315112375602,0.33806848876243967
5922,29388.0,1.0,0.44282313041205945,0.5571768695879404
5923,29389.0,1.0,0.39172360589870103,0.6082763941012991
5924,29391.0,1.0,0.4891913922918893,0.5108086077081108
5925,29392.0,1.0,0.4780290367662957,0.5219709632337044
5926,29395.0,1.0,0.47265127856817835,0.527348721431822
5927,29397.0,0.0,0.5262367059753081,0.4737632940246918
5928,29402.0,0.0,0.5672984747583352,0.4327015252416649
5929,29406.0,0.0,0.5217773260285241,0.4782226739714758
5930,29408.0,1.0,0.04575701012354406,0.9542429898764558
5931,29411.0,0.0,0.5576805274105194,0.44231947258948046
5932,29417.0,0.0,0.6006759924826073,0.39932400751739267
5933,29419.0,1.0,0.4929177678630106,0.5070822321369893
5934,29425.0,0.0,0.5333613728245666,0.4666386271754333
5935,29430.0,0.0,0.5855624504843394,0.41443754951566064
5936,29433.0,1.0,0.4218235005246159,0.5781764994753842
5937,29435.0,1.0,0.07007016993580993,0.9299298300641899
5938,29442.0,0.0,0.5649402178666614,0.4350597821333387
5939,29444.0,1.0,0.40237426501124496,0.5976257349887552
5940,29449.0,1.0,0.49585041738936914,0.5041495826106308
5941,29454.0,0.0,0.6770185185186728,0.3229814814813271
5942,29455.0,1.0,0.3604586577979625,0.6395413422020377
5943,29458.0,1.0,0.4946518840569753,0.5053481159430246
5944,29460.0,0.0,0.5895829092887348,0.4104170907112652
5945,29461.0,0.0,0.5713274198295618,0.4286725801704381
5946,29462.0,0.0,0.521513199149931,0.47848680085006884
5947,29464.0,0.0,0.5780160969892709,0.42198390301072897
5948,29465.0,0.0,0.5416066200372545,0.45839337996274554
5949,29477.0,1.0,0.4495545683928058,0.5504454316071944
5950,29479.0,0.0,0.6041838262816537,0.3958161737183463
5951,29495.0,0.0,0.6621325814134755,0.33786741858652447
5952,29503.0,0.0,0.6183700762785107,0.38162992372148913
5953,29513.0,1.0,0.401138937292518,0.5988610627074819
5954,29517.0,0.0,0.6285243922789568,0.37147560772104304
5955,29531.0,1.0,0.04178885570146522,0.9582111442985347
5956,29536.0,0.0,0.518296462627775,0.48170353737222504
5957,29542.0,1.0,0.3806447739454369,0.6193552260545633
5958,29545.0,1.0,0.4948727307162492,0.5051272692837508
5959,29552.0,1.0,0.4907234129785445,0.5092765870214554
5960,29564.0,0.0,0.5476877463408706,0.4523122536591292
5961,29565.0,1.0,0.4870342939680573,0.5129657060319428
5962,29577.0,0.0,0.5326821780029021,0.4673178219970978
5963,29582.0,0.0,0.6347964493920549,0.36520355060794507
5964,29586.0,1.0,0.4015714657309522,0.598428534269048
5965,29587.0,1.0,0.48854281896625773,0.5114571810337423
5966,29588.0,0.0,0.5146838988748499,0.48531610112515006
5967,29590.0,1.0,0.33899227024398093,0.661007729756019
5968,29596.0,1.0,0.4079686115885327,0.5920313884114674
5969,29598.0,1.0,0.38997672125153315,0.6100232787484671
5970,29603.0,1.0,0.4246812148689868,0.5753187851310131
5971,29615.0,0.0,0.5658324516793097,0.43416754832069016
5972,29616.0,1.0,0.3773079485392429,0.6226920514607572
5973,29620.0,1.0,0.4191988427750536,0.5808011572249465
5974,29621.0,1.0,0.4942978540542875,0.5057021459457124
5975,29624.0,1.0,0.4902123197853402,0.5097876802146597
5976,29633.0,0.0,0.5784485362457581,0.42155146375424174
5977,29638.0,0.0,0.5155849550739133,0.48441504492608656
5978,29643.0,0.0,0.6377420218278211,0.36225797817217903
5979,29644.0,0.0,0.6074864152578167,0.3925135847421835
5980,29662.0,1.0,0.029502072909663266,0.9704979270903368
5981,29665.0,1.0,0.38869203645919975,0.6113079635408003
5982,29677.0,1.0,0.4029771987741773,0.5970228012258226
5983,29685.0,0.0,0.590935975790797,0.4090640242092028
5984,29686.0,0.0,0.5960354248227381,0.4039645751772618
5985,29716.0,1.0,0.4671382193986321,0.532861780601368
5986,29717.0,0.0,0.6314260903705557,0.3685739096294443
5987,29721.0,0.0,0.5414506162350646,0.45854938376493537
5988,29724.0,0.0,0.551235373011001,0.448764626988999
5989,29753.0,1.0,0.40860376937842746,0.5913962306215725
5990,29754.0,1.0,0.03374328449324062,0.9662567155067593
5991,29756.0,0.0,0.5623527527179119,0.4376472472820882
5992,29757.0,1.0,0.465555408556339,0.534444591443661
5993,29779.0,0.0,0.6043736107109051,0.39562638928909494
5994,29786.0,1.0,0.4948976516768013,0.5051023483231988
5995,29790.0,0.0,0.6513982067097261,0.34860179329027396
5996,29791.0,1.0,0.43030103227148486,0.5696989677285152
5997,29792.0,0.0,0.5195316932098326,0.4804683067901675
5998,29794.0,1.0,0.4764951688520873,0.5235048311479127
5999,29797.0,1.0,0.4223714992606784,0.5776285007393216
6000,29808.0,0.0,0.5126830687256482,0.4873169312743519
6001,29811.0,1.0,0.49446405227058515,0.5055359477294149
6002,29818.0,1.0,0.4941203903357961,0.5058796096642039
6003,29824.0,1.0,0.4390317235788248,0.5609682764211751
6004,29831.0,1.0,0.4867553645730336,0.5132446354269663
6005,29845.0,1.0,0.19743197073604798,0.8025680292639522
6006,29849.0,0.0,0.5160905197019621,0.48390948029803793
6007,29860.0,1.0,0.4916522891617489,0.508347710838251
6008,29879.0,1.0,0.4379692720418876,0.5620307279581123
6009,29885.0,1.0,0.4243314312932749,0.5756685687067251
6010,29886.0,1.0,0.44216600526103383,0.5578339947389661
6011,29889.0,1.0,0.4555922210638832,0.5444077789361169
6012,29891.0,0.0,0.5383501940179162,0.4616498059820838
6013,29901.0,0.0,0.5337086965453903,0.46629130345460973
6014,29903.0,1.0,0.4513768996406932,0.5486231003593068
6015,29904.0,1.0,0.43264626945170115,0.567353730548299
6016,29906.0,0.0,0.5292383033569201,0.4707616966430798
6017,29917.0,1.0,0.4872995003434687,0.5127004996565314
6018,29925.0,0.0,0.5093687209944252,0.49063127900557485
6019,29938.0,0.0,0.569912224159558,0.4300877758404421
6020,29939.0,1.0,0.4806728888015609,0.5193271111984391
6021,29943.0,1.0,0.469574140188331,0.5304258598116691
6022,29953.0,1.0,0.44287202594059866,0.5571279740594016
6023,29954.0,1.0,0.4070378537048924,0.5929621462951076
6024,29956.0,1.0,0.41436480300811235,0.5856351969918877
6025,29958.0,0.0,0.5662628184392305,0.4337371815607694
6026,29961.0,1.0,0.45305053405233453,0.5469494659476658
6027,29968.0,0.0,0.5622512874584602,0.43774871254153985
6028,29974.0,1.0,0.4256307374979507,0.5743692625020491
6029,29978.0,0.0,0.5144601473473872,0.4855398526526127
6030,29979.0,1.0,0.4801372704779606,0.5198627295220395
6031,29991.0,1.0,0.48641911877771066,0.5135808812222893
6032,29995.0,0.0,0.5168892820334478,0.4831107179665521
6033,30002.0,0.0,0.5053264087719299,0.4946735912280701
6034,30003.0,1.0,0.4827342849258116,0.5172657150741885
6035,30008.0,1.0,0.4194870557281194,0.5805129442718807
6036,30010.0,1.0,0.48841429510640794,0.5115857048935921
6037,30012.0,1.0,0.3605404659402279,0.6394595340597723
6038,30021.0,1.0,0.4844598799625996,0.5155401200374002
6039,30026.0,0.0,0.5855266465312429,0.41447335346875697
6040,30032.0,0.0,0.5731394809245345,0.42686051907546557
6041,30040.0,0.0,0.5761751815984356,0.4238248184015642
6042,30041.0,1.0,0.46615210922796935,0.5338478907720308
6043,30052.0,1.0,0.386550180489235,0.6134498195107652
6044,30058.0,0.0,0.5181111267321254,0.4818888732678744
6045,30061.0,1.0,0.4913270937695922,0.5086729062304077
6046,30063.0,1.0,0.4045602664591488,0.5954397335408513
6047,30064.0,1.0,0.4717168118263996,0.5282831881736004
6048,30066.0,0.0,0.5112028387037628,0.48879716129623724
6049,30068.0,0.0,0.6026112183742737,0.39738878162572644
6050,30070.0,0.0,0.6104655526141662,0.38953444738583376
6051,30073.0,0.0,0.5246415071377953,0.4753584928622046
6052,30075.0,0.0,0.5880601483279303,0.4119398516720697
6053,30091.0,0.0,0.5861605690300656,0.41383943096993425
6054,30092.0,0.0,0.5383396385121072,0.4616603614878925
6055,30098.0,1.0,0.4731905773744514,0.5268094226255488
6056,30116.0,1.0,0.02170067757615489,0.978299322423845
6057,30123.0,1.0,0.4408664637366681,0.559133536263332
6058,30125.0,1.0,0.46601177752603384,0.5339882224739663
6059,30133.0,1.0,0.4470243818735183,0.5529756181264817
6060,30137.0,0.0,0.5555955990126618,0.44440440098733824
6061,30143.0,1.0,0.39912780530804104,0.600872194691959
6062,30146.0,0.0,0.6501512327407337,0.3498487672592663
6063,30153.0,0.0,0.5802289515145537,0.4197710484854462
6064,30158.0,0.0,0.6223508808712311,0.3776491191287688
6065,30160.0,1.0,0.026275638663319213,0.973724361336681
6066,30162.0,0.0,0.5970406833934253,0.4029593166065748
6067,30165.0,0.0,0.5010567960248076,0.49894320397519254
6068,30171.0,1.0,0.48313854425756675,0.5168614557424333
6069,30189.0,0.0,0.5183405167977966,0.48165948320220353
6070,30192.0,0.0,0.6117964092472898,0.38820359075271027
6071,30193.0,0.0,0.6225968131199808,0.377403186880019
6072,30196.0,0.0,0.5150106103569113,0.4849893896430888
6073,30203.0,1.0,0.40164804487184425,0.5983519551281558
6074,30206.0,1.0,0.44173894705573447,0.5582610529442654
6075,30213.0,1.0,0.48807107645436604,0.511928923545634
6076,30215.0,1.0,0.3841696710844535,0.6158303289155466
6077,30223.0,0.0,0.5092312906833678,0.49076870931663213
6078,30224.0,0.0,0.5036812538498646,0.49631874615013527
6079,30235.0,1.0,0.39614688485980315,0.603853115140197
6080,30242.0,1.0,0.39595820081116406,0.604041799188836
6081,30243.0,0.0,0.5681117539947634,0.4318882460052366
6082,30244.0,1.0,0.4248917948611858,0.5751082051388141
6083,30250.0,1.0,0.38938466858186316,0.6106153314181371
6084,30253.0,1.0,0.41155560359211585,0.5884443964078842
6085,30254.0,1.0,0.054658112306711255,0.9453418876932886
6086,30256.0,0.0,0.5615412866710611,0.43845871332893893
6087,30258.0,0.0,0.6660277699850377,0.33397223001496207
6088,30259.0,0.0,0.5416394887691951,0.4583605112308049
6089,30263.0,0.0,0.6675133461015795,0.3324866538984205
6090,30280.0,1.0,0.46656030131241955,0.5334396986875805
6091,30282.0,1.0,0.3803483937432277,0.6196516062567725
6092,30284.0,1.0,0.49932172362356053,0.5006782763764392
6093,30287.0,0.0,0.5438280292934699,0.45617197070653
6094,30290.0,1.0,0.4585620150261603,0.5414379849738399
6095,30299.0,1.0,0.4726375970156454,0.5273624029843547
6096,30300.0,1.0,0.4633555809645485,0.5366444190354517
6097,30304.0,1.0,0.02604505208533693,0.9739549479146629
6098,30307.0,1.0,0.4545600713268251,0.545439928673175
6099,30313.0,1.0,0.40712794998327523,0.5928720500167246
6100,30317.0,1.0,0.4866688944733728,0.5133311055266273
6101,30321.0,0.0,0.5258193924484453,0.4741806075515546
6102,30323.0,1.0,0.38973505110162904,0.6102649488983711
6103,30325.0,1.0,0.39920970233800146,0.6007902976619985
6104,30328.0,0.0,0.667033940162183,0.3329660598378172
6105,30332.0,1.0,0.4114185939748638,0.5885814060251363
6106,30334.0,0.0,0.5363636368188718,0.4636363631811282
6107,30341.0,0.0,0.5106663667205088,0.4893336332794913
6108,30342.0,0.0,0.5321088006832934,0.46789119931670664
6109,30355.0,0.0,0.5680303265475177,0.4319696734524821
6110,30358.0,0.0,0.6173400671564434,0.3826599328435567
6111,30363.0,1.0,0.4898543824461502,0.5101456175538499
6112,30364.0,0.0,0.5587797025934416,0.4412202974065583
6113,30369.0,0.0,0.5057486329826528,0.4942513670173472
6114,30371.0,0.0,0.6075158247105791,0.3924841752894206
6115,30372.0,1.0,0.48182973991293915,0.5181702600870609
6116,30377.0,1.0,0.4857603734396592,0.5142396265603407
6117,30378.0,1.0,0.3810583164871745,0.6189416835128256
6118,30406.0,0.0,0.5007063928888132,0.49929360711118675
6119,30408.0,1.0,0.49665431213517175,0.5033456878648281
6120,30409.0,0.0,0.6008598665588447,0.3991401334411554
6121,30420.0,1.0,0.037314127544242674,0.9626858724557575
6122,30423.0,1.0,0.3755958413143394,0.6244041586856607
6123,30425.0,0.0,0.6272281433167446,0.3727718566832553
6124,30453.0,1.0,0.4188568349428285,0.5811431650571716
6125,30460.0,0.0,0.6535123457741466,0.3464876542258534
6126,30465.0,1.0,0.08616367126508678,0.9138363287349133
6127,30467.0,0.0,0.5913192625827098,0.4086807374172902
6128,30468.0,0.0,0.5049115980771823,0.49508840192281767
6129,30470.0,1.0,0.4835344404593808,0.5164655595406193
6130,30472.0,0.0,0.6367525393800066,0.36324746061999313
6131,30474.0,1.0,0.33892964027923106,0.6610703597207693
6132,30475.0,0.0,0.6193647437295454,0.38063525627045464
6133,30478.0,1.0,0.4045938500983257,0.5954061499016743
6134,30488.0,1.0,0.3580455882150253,0.6419544117849747
6135,30490.0,1.0,0.4467145173685536,0.5532854826314464
6136,30496.0,1.0,0.03368687911056052,0.9663131208894398
6137,30500.0,1.0,0.483274696176448,0.516725303823552
6138,30526.0,0.0,0.5941927398562766,0.4058072601437235
6139,30538.0,1.0,0.3833728520412152,0.6166271479587849
6140,30554.0,0.0,0.6188160972528148,0.38118390274718505
6141,30562.0,1.0,0.4752383085898297,0.5247616914101702
6142,30564.0,1.0,0.4807312269605296,0.5192687730394704
6143,30566.0,1.0,0.4815541304397379,0.5184458695602622
6144,30567.0,0.0,0.508326530252516,0.49167346974748405
6145,30573.0,1.0,0.41391446224010536,0.5860855377598948
6146,30574.0,0.0,0.5426764911181527,0.45732350888184725
6147,30576.0,1.0,0.38837226911047407,0.6116277308895258
6148,30586.0,0.0,0.5144221349898986,0.48557786501010136
6149,30595.0,1.0,0.3953528866288815,0.6046471133711188
6150,30601.0,1.0,0.4746583661811652,0.5253416338188348
6151,30604.0,0.0,0.6210890654326514,0.3789109345673486
6152,30605.0,1.0,0.3382106572295177,0.6617893427704824
6153,30607.0,0.0,0.5820336225199503,0.4179663774800495
6154,30616.0,1.0,0.406284901720229,0.593715098279771
6155,30621.0,1.0,0.4431184433193737,0.5568815566806262
6156,30623.0,1.0,0.35836623537489665,0.6416337646251035
6157,30624.0,1.0,0.04854690506605908,0.9514530949339409
6158,30628.0,1.0,0.41588943469264295,0.5841105653073569
6159,30629.0,0.0,0.534496315926664,0.465503684073336
6160,30631.0,0.0,0.5893163374082033,0.41068366259179667
6161,30634.0,0.0,0.5351109411411089,0.46488905885889104
6162,30639.0,1.0,0.3967680736421809,0.6032319263578192
6163,30640.0,1.0,0.03421170349623717,0.965788296503763
6164,30666.0,1.0,0.4865694421927641,0.5134305578072359
6165,30675.0,0.0,0.6775173605305969,0.32248263946940303
6166,30679.0,1.0,0.08424803825972084,0.915751961740279
6167,30682.0,1.0,0.417440320803448,0.5825596791965517
6168,30686.0,0.0,0.5196842901421764,0.48031570985782346
6169,30694.0,1.0,0.4287877900109895,0.5712122099890106
6170,30696.0,0.0,0.5109077796011523,0.48909222039884775
6171,30697.0,1.0,0.06984697921568032,0.9301530207843196
6172,30700.0,1.0,0.09546107915954477,0.9045389208404555
6173,30706.0,1.0,0.4169051180117767,0.5830948819882233
6174,30709.0,0.0,0.6721842489036267,0.32781575109637356
6175,30712.0,1.0,0.4962210333596005,0.5037789666403996
6176,30715.0,0.0,0.6433012470291666,0.3566987529708332
6177,30726.0,1.0,0.36997841366316125,0.6300215863368389
6178,30739.0,1.0,0.4737194058611812,0.5262805941388187
6179,30740.0,0.0,0.5192064597295039,0.4807935402704962
6180,30742.0,1.0,0.4472526365280758,0.5527473634719243
6181,30746.0,0.0,0.5184499999136082,0.48155000008639176
6182,30754.0,1.0,0.47405496066629255,0.5259450393337075
6183,30755.0,1.0,0.3705848217788187,0.6294151782211818
6184,30757.0,0.0,0.5719602870099829,0.42803971299001736
6185,30763.0,1.0,0.4453425249429128,0.5546574750570872
6186,30773.0,1.0,0.41391174475509607,0.5860882552449042
6187,30774.0,1.0,0.4674802090816905,0.5325197909183094
6188,30794.0,1.0,0.027659681908942715,0.9723403180910573
6189,30803.0,1.0,0.3930653322120838,0.6069346677879163
6190,30804.0,0.0,0.6608496419284339,0.339150358071566
6191,30807.0,0.0,0.599185512141199,0.4008144878588012
6192,30808.0,1.0,0.4464005747721942,0.5535994252278058
6193,30809.0,0.0,0.593352717461616,0.4066472825383839
6194,30810.0,1.0,0.49475486950862757,0.5052451304913724
6195,30818.0,0.0,0.6205605919044768,0.37943940809552323
6196,30821.0,1.0,0.4958025309138958,0.5041974690861042
6197,30825.0,1.0,0.49425836337112494,0.505741636628875
6198,30827.0,0.0,0.5312078947957741,0.46879210520422576
6199,30831.0,1.0,0.41406779665776255,0.5859322033422375
6200,30833.0,1.0,0.45369752714120365,0.5463024728587963
6201,30837.0,0.0,0.6908826610806628,0.309117338919337
6202,30838.0,0.0,0.5881110182311327,0.41188898176886724
6203,30840.0,0.0,0.6298627791510325,0.37013722084896744
6204,30846.0,1.0,0.3975723930276208,0.6024276069723794
6205,30858.0,1.0,0.47094175177490555,0.5290582482250944
6206,30860.0,1.0,0.3948382617745163,0.6051617382254839
6207,30863.0,1.0,0.4859081490972957,0.5140918509027045
6208,30870.0,1.0,0.49675010282009735,0.5032498971799026
6209,30874.0,1.0,0.433195598521406,0.566804401478594
6210,30881.0,1.0,0.4035581645298627,0.5964418354701374
6211,30885.0,0.0,0.5261227886746617,0.47387721132533833
6212,30893.0,1.0,0.3887183094098503,0.6112816905901498
6213,30896.0,1.0,0.41354461635998524,0.5864553836400149
6214,30902.0,1.0,0.4457548175852286,0.5542451824147714
6215,30905.0,1.0,0.43885772275510915,0.5611422772448909
6216,30908.0,1.0,0.38682337470991013,0.6131766252900901
6217,30927.0,1.0,0.4730442460620042,0.526955753937996
6218,30936.0,0.0,0.6112732660741531,0.3887267339258468
6219,30938.0,1.0,0.4750048652002954,0.5249951347997046
6220,30943.0,1.0,0.33887037847817736,0.6611296215218228
6221,30944.0,0.0,0.5749014228681237,0.425098577131876
6222,30946.0,0.0,0.6808713747785816,0.3191286252214182
6223,30960.0,1.0,0.4448539982065555,0.5551460017934445
6224,30962.0,0.0,0.5038915079208715,0.4961084920791285
6225,30968.0,1.0,0.47027045704907244,0.5297295429509277
6226,30981.0,1.0,0.47014004836938733,0.5298599516306126
6227,30983.0,1.0,0.44283462698690795,0.5571653730130919
6228,30988.0,0.0,0.5106831285850082,0.4893168714149919
6229,30990.0,1.0,0.4104202461699276,0.5895797538300726
6230,30993.0,1.0,0.44879920287703196,0.551200797122968
6231,31002.0,1.0,0.386456271477112,0.6135437285228884
6232,31008.0,1.0,0.4696290300981873,0.5303709699018124
6233,31013.0,0.0,0.5687835645669111,0.4312164354330889
6234,31016.0,0.0,0.5169383078139715,0.48306169218602846
6235,31017.0,1.0,0.447658990486276,0.5523410095137241
6236,31020.0,1.0,0.40769077803613735,0.5923092219638628
6237,31028.0,0.0,0.5198758815254686,0.48012411847453124
6238,31032.0,1.0,0.48072978529732163,0.5192702147026785
6239,31043.0,0.0,0.5513558234048433,0.4486441765951566
6240,31044.0,1.0,0.39457406052894484,0.605425939471055
6241,31050.0,0.0,0.5999849735213536,0.40001502647864645
6242,31054.0,0.0,0.5072036386223094,0.4927963613776905
6243,31056.0,0.0,0.5439173392762134,0.45608266072378656
6244,31062.0,1.0,0.33941282051838295,0.6605871794816173
6245,31070.0,1.0,0.41773241106078635,0.5822675889392136
6246,31075.0,0.0,0.5857716674957207,0.41422833250427904
6247,31082.0,0.0,0.5715792096798459,0.428420790320154
6248,31084.0,0.0,0.5852024814629366,0.41479751853706337
6249,31087.0,1.0,0.05572424980614503,0.944275750193855
6250,31090.0,1.0,0.3948289964329073,0.6051710035670929
6251,31104.0,1.0,0.4167104165649213,0.5832895834350785
6252,31106.0,0.0,0.5432257763227631,0.456774223677237
6253,31108.0,1.0,0.4580569377281837,0.5419430622718165
6254,31112.0,1.0,0.37127175885011754,0.6287282411498829
6255,31113.0,1.0,0.4006667468788492,0.5993332531211509
6256,31116.0,1.0,0.4526484739715277,0.5473515260284725
6257,31118.0,1.0,0.47374688712987373,0.5262531128701262
6258,31119.0,1.0,0.4122891908716321,0.5877108091283678
6259,31123.0,1.0,0.49617184343537707,0.5038281565646229
6260,31124.0,1.0,0.4085955679420107,0.5914044320579893
6261,31146.0,0.0,0.5867733144441809,0.41322668555581904
6262,31154.0,0.0,0.5591039281271959,0.440896071872804
6263,31161.0,1.0,0.3908250144284229,0.6091749855715772
6264,31162.0,0.0,0.5107671833013121,0.48923281669868784
6265,31164.0,1.0,0.45342565020301767,0.5465743497969824
6266,31167.0,0.0,0.6714737170175266,0.32852628298247355
6267,31168.0,0.0,0.5437639914202393,0.4562360085797605
6268,31172.0,0.0,0.6346284707037507,0.3653715292962492
6269,31176.0,0.0,0.5854577766155525,0.41454222338444763
6270,31180.0,1.0,0.4954273400340519,0.504572659965948
6271,31184.0,1.0,0.3819126277892657,0.6180873722107344
6272,31185.0,0.0,0.5411842631290763,0.4588157368709237
6273,31189.0,0.0,0.6536628516625024,0.3463371483374975
6274,31196.0,1.0,0.4766512955356877,0.5233487044643124
6275,31200.0,0.0,0.5351718556146183,0.4648281443853818
6276,31215.0,1.0,0.061613300252833965,0.9383866997471659
6277,31220.0,1.0,0.41207909830952116,0.5879209016904788
6278,31223.0,1.0,0.41656730452262325,0.5834326954773768
6279,31229.0,1.0,0.47886091322597635,0.5211390867740235
6280,31242.0,1.0,0.38029070472937354,0.6197092952706265
6281,31244.0,0.0,0.5612150276426771,0.4387849723573229
6282,31245.0,1.0,0.42287415768548997,0.57712584231451
6283,31251.0,1.0,0.48214071785850865,0.5178592821414912
6284,31252.0,0.0,0.5797923325626146,0.42020766743738536
6285,31253.0,0.0,0.5188016611726147,0.48119833882738516
6286,31260.0,1.0,0.4486096175592864,0.5513903824407134
6287,31267.0,0.0,0.5190122048892472,0.4809877951107529
6288,31272.0,1.0,0.4056748575487406,0.5943251424512596
6289,31278.0,1.0,0.4320316911893199,0.5679683088106803
6290,31291.0,0.0,0.6095182684759118,0.39048173152408816
6291,31292.0,1.0,0.39221192881721684,0.6077880711827833
6292,31296.0,1.0,0.419290118380417,0.5807098816195829
6293,31315.0,1.0,0.38833644609494383,0.6116635539050562
6294,31326.0,1.0,0.3890229377147246,0.6109770622852758
6295,31331.0,0.0,0.6230535584573914,0.3769464415426085
6296,31334.0,1.0,0.4750872399399272,0.5249127600600728
6297,31335.0,0.0,0.6665662013730256,0.3334337986269743
6298,31338.0,1.0,0.41201226601745794,0.587987733982542
6299,31340.0,1.0,0.05716688079055293,0.942833119209447
6300,31360.0,1.0,0.4828791816509452,0.5171208183490548
6301,31361.0,1.0,0.4954376523901059,0.504562347609894
6302,31365.0,1.0,0.48169429312460416,0.5183057068753959
6303,31377.0,1.0,0.4152869507532981,0.5847130492467021
6304,31378.0,0.0,0.5625085443315162,0.43749145566848374
6305,31385.0,0.0,0.5856151212313236,0.4143848787686764
6306,31388.0,1.0,0.4700117948973178,0.5299882051026821
6307,31392.0,1.0,0.41569508757010476,0.5843049124298954
6308,31393.0,1.0,0.44845042651598327,0.5515495734840168
6309,31399.0,1.0,0.4885883870739189,0.5114116129260813
6310,31407.0,0.0,0.5039751546293845,0.4960248453706155
6311,31418.0,0.0,0.5381173058306077,0.46188269416939226
6312,31419.0,0.0,0.5114564694763162,0.4885435305236839
6313,31429.0,1.0,0.04871441324052986,0.9512855867594702
6314,31432.0,1.0,0.44605379004907525,0.5539462099509247
6315,31434.0,0.0,0.5653850801398668,0.43461491986013323
6316,31442.0,1.0,0.44355997967603394,0.5564400203239662
6317,31454.0,0.0,0.6376214448591285,0.3623785551408715
6318,31461.0,0.0,0.5166453220456753,0.48335467795432463
6319,31464.0,1.0,0.4808618546553741,0.5191381453446258
6320,31471.0,0.0,0.5014484330503299,0.49855156694967
6321,31485.0,1.0,0.42082362195313455,0.5791763780468654
6322,31486.0,1.0,0.4797849186619279,0.5202150813380721
6323,31496.0,1.0,0.04025994387047078,0.9597400561295294
6324,31505.0,0.0,0.6009882157716004,0.39901178422839956
6325,31509.0,1.0,0.4642636285753112,0.5357363714246888
6326,31511.0,0.0,0.5245380110030703,0.47546198899692965
6327,31513.0,0.0,0.5126272676857874,0.48737273231421246
6328,31514.0,0.0,0.5104394955451983,0.4895605044548017
6329,31521.0,1.0,0.4290386066351877,0.5709613933648122
6330,31525.0,1.0,0.4867256900864731,0.513274309913527
6331,31538.0,0.0,0.6857495611949009,0.3142504388050994
6332,31539.0,1.0,0.4116748755457186,0.5883251244542813
6333,31541.0,1.0,0.4421391775670269,0.5578608224329732
6334,31546.0,0.0,0.5281892907635216,0.47181070923647844
6335,31554.0,1.0,0.48799561176140555,0.5120043882385944
6336,31574.0,0.0,0.5539198289004594,0.4460801710995406
6337,31581.0,1.0,0.3682114632545599,0.6317885367454402
6338,31587.0,1.0,0.3707856495908033,0.6292143504091967
6339,31588.0,0.0,0.5223327180574766,0.4776672819425233
6340,31593.0,0.0,0.5798786644338716,0.420121335566128
6341,31597.0,1.0,0.49904771569810913,0.500952284301891
6342,31609.0,0.0,0.5958091865610183,0.4041908134389816
6343,31618.0,1.0,0.422708396318655,0.5772916036813448
6344,31619.0,1.0,0.4529457073397943,0.5470542926602059
6345,31622.0,1.0,0.3993223142614831,0.600677685738517
6346,31624.0,1.0,0.49867363423324057,0.5013263657667594
6347,31625.0,1.0,0.4702458864697194,0.5297541135302806
6348,31644.0,1.0,0.3854670034424165,0.6145329965575838
6349,31649.0,1.0,0.4431174755880565,0.5568825244119436
6350,31652.0,0.0,0.5597500292077775,0.44024997079222244
6351,31656.0,0.0,0.5179472818651384,0.48205271813486156
6352,31660.0,0.0,0.6341296897772732,0.36587031022272676
6353,31664.0,1.0,0.4191131630374819,0.5808868369625181
6354,31669.0,0.0,0.653526330968835,0.3464736690311651
6355,31676.0,0.0,0.5573451044641741,0.4426548955358257
6356,31688.0,1.0,0.46035403951294435,0.5396459604870557
6357,31691.0,1.0,0.3880943740059428,0.6119056259940573
6358,31695.0,1.0,0.38768117821310843,0.6123188217868918
6359,31698.0,1.0,0.44774924835418534,0.5522507516458148
6360,31702.0,1.0,0.46066950203085105,0.5393304979691489
6361,31709.0,1.0,0.4963680458844687,0.5036319541155313
6362,31710.0,1.0,0.4973354611379277,0.5026645388620724
6363,31716.0,0.0,0.54741039167391,0.45258960832609013
6364,31721.0,1.0,0.40536643065956285,0.594633569340437
6365,31728.0,1.0,0.39214117139625854,0.6078588286037415
6366,31729.0,1.0,0.48075508055899596,0.5192449194410039
6367,31732.0,0.0,0.5353444092216916,0.4646555907783083
6368,31745.0,0.0,0.6177994984622172,0.3822005015377829
6369,31748.0,0.0,0.5391465218375273,0.4608534781624725
6370,31753.0,1.0,0.4757977228231741,0.5242022771768259
6371,31757.0,1.0,0.48632252137463744,0.5136774786253625
6372,31762.0,1.0,0.030981415453660854,0.9690185845463393
6373,31764.0,0.0,0.5901275760253787,0.40987242397462154
6374,31766.0,0.0,0.5812070245246167,0.41879297547538313
6375,31771.0,0.0,0.6227811821082601,0.37721881789174005
6376,31774.0,1.0,0.044514175364112646,0.9554858246358875
6377,31775.0,1.0,0.4933695855414458,0.5066304144585542
6378,31777.0,1.0,0.473555844500099,0.5264441554999009
6379,31783.0,1.0,0.04593757657326096,0.9540624234267391
6380,31798.0,0.0,0.5282608991285375,0.47173910087146254
6381,31811.0,1.0,0.4486704480174749,0.5513295519825253
6382,31813.0,1.0,0.473010852005086,0.526989147994914
6383,31815.0,0.0,0.5037611455998536,0.49623885440014626
6384,31822.0,0.0,0.5396020598946604,0.46039794010533946
6385,31827.0,1.0,0.48071003242432,0.5192899675756799
6386,31830.0,0.0,0.5485112710389403,0.45148872896105985
6387,31834.0,0.0,0.5526450064359675,0.4473549935640324
6388,31837.0,1.0,0.024631519072421244,0.9753684809275789
6389,31849.0,0.0,0.6049219309317507,0.3950780690682493
6390,31854.0,1.0,0.4184927604183282,0.5815072395816717
6391,31869.0,1.0,0.45009767130865014,0.54990232869135
6392,31883.0,1.0,0.05333042671494858,0.9466695732850513
6393,31887.0,1.0,0.3734702106129323,0.626529789387068
6394,31890.0,1.0,0.39922269697183416,0.600777303028166
6395,31893.0,1.0,0.4173847156241843,0.5826152843758158
6396,31894.0,1.0,0.4877477292159431,0.5122522707840569
6397,31896.0,1.0,0.4737219760241785,0.5262780239758215
6398,31899.0,0.0,0.5341967184879519,0.4658032815120481
6399,31903.0,1.0,0.4094932169787115,0.5905067830212886
6400,31913.0,1.0,0.49829015976700847,0.5017098402329915
6401,31918.0,1.0,0.4207768020724236,0.5792231979275764
6402,31936.0,1.0,0.38822830896908933,0.6117716910309109
6403,31938.0,1.0,0.3772089867612639,0.6227910132387362
6404,31946.0,1.0,0.41116468807451384,0.5888353119254863
6405,31948.0,0.0,0.5039439132501893,0.49605608674981083
6406,31949.0,1.0,0.4684502877940499,0.5315497122059502
6407,31952.0,1.0,0.38127128176817865,0.6187287182318214
6408,31954.0,1.0,0.37419701307059755,0.6258029869294026
6409,31955.0,1.0,0.023747349365783883,0.9762526506342161
6410,31956.0,1.0,0.4853343489254754,0.5146656510745246
6411,31959.0,1.0,0.4188801814439836,0.5811198185560165
6412,31963.0,1.0,0.4834087622233227,0.5165912377766776
6413,31964.0,1.0,0.4585069267613581,0.541493073238642
6414,31968.0,1.0,0.04250662638481109,0.9574933736151888
6415,31975.0,1.0,0.485613497288996,0.514386502711004
6416,31979.0,0.0,0.6161142641793637,0.38388573582063645
6417,31980.0,1.0,0.3996078226857452,0.6003921773142548
6418,31981.0,1.0,0.36469436096267516,0.6353056390373253
6419,31986.0,0.0,0.5293896843084167,0.47061031569158324
6420,31987.0,1.0,0.4061175987182025,0.5938824012817974
6421,31997.0,1.0,0.03651103934861827,0.9634889606513818
6422,31998.0,0.0,0.5816943712799826,0.41830562872001736
6423,31999.0,1.0,0.4088421474998124,0.5911578525001875
6424,32001.0,1.0,0.4476112172464879,0.552388782753512
6425,32004.0,1.0,0.4326517420203054,0.5673482579796947
6426,32010.0,0.0,0.549600986048449,0.45039901395155096
6427,32011.0,1.0,0.38853756102253895,0.611462438977461
6428,32015.0,1.0,0.49239253255205384,0.5076074674479462
6429,32020.0,1.0,0.3950811950570135,0.6049188049429867
6430,32021.0,1.0,0.3987800843586838,0.601219915641316
6431,32027.0,1.0,0.0285418304558447,0.9714581695441553
6432,32029.0,1.0,0.3977822127755146,0.6022177872244855
6433,32031.0,1.0,0.38713266795098933,0.6128673320490107
6434,32032.0,1.0,0.49497114772215817,0.5050288522778419
6435,32038.0,1.0,0.39519465559602657,0.6048053444039736
6436,32040.0,0.0,0.5021473428471004,0.4978526571528995
6437,32041.0,0.0,0.5213329820348369,0.4786670179651631
6438,32048.0,0.0,0.6014745991118482,0.3985254008881517
6439,32061.0,1.0,0.4649414097332579,0.535058590266742
6440,32063.0,0.0,0.5175393610302642,0.4824606389697359
6441,32073.0,1.0,0.4129597353589512,0.5870402646410487
6442,32076.0,1.0,0.46326628904147754,0.5367337109585225
6443,32078.0,1.0,0.38623866279108277,0.6137613372089171
6444,32079.0,1.0,0.397555448018578,0.6024445519814222
6445,32088.0,0.0,0.5146909534638423,0.4853090465361577
6446,32091.0,0.0,0.607744361957701,0.39225563804229907
6447,32096.0,1.0,0.3983699132511538,0.6016300867488462
6448,32097.0,1.0,0.4791322751844285,0.5208677248155715
6449,32098.0,1.0,0.46752659169515626,0.5324734083048438
6450,32106.0,0.0,0.5038144661679719,0.49618553383202807
6451,32115.0,1.0,0.44725422700029044,0.5527457729997096
6452,32123.0,1.0,0.055274264712200684,0.9447257352877994
6453,32128.0,1.0,0.026596792521457625,0.9734032074785424
6454,32129.0,1.0,0.43009224598882384,0.5699077540111762
6455,32131.0,0.0,0.5066970710171708,0.4933029289828291
6456,32137.0,1.0,0.3984087562241666,0.6015912437758335
6457,32139.0,0.0,0.5464033748316193,0.45359662516838056
6458,32140.0,1.0,0.44239185595664987,0.5576081440433504
6459,32144.0,1.0,0.37373336539789165,0.6262666346021084
6460,32146.0,0.0,0.6486207467733083,0.3513792532266918
6461,32150.0,0.0,0.5851815358952467,0.4148184641047534
6462,32157.0,1.0,0.4850422320656317,0.5149577679343683
6463,32159.0,1.0,0.4861935936264924,0.5138064063735076
6464,32161.0,1.0,0.4719473786252889,0.528052621374711
6465,32164.0,0.0,0.563531804173304,0.436468195826696
6466,32180.0,1.0,0.3848939539166134,0.6151060460833868
6467,32188.0,1.0,0.46075709825652134,0.5392429017434787
6468,32196.0,1.0,0.47395721425789766,0.5260427857421024
6469,32207.0,1.0,0.45213570803175057,0.5478642919682494
6470,32211.0,1.0,0.4830693487032569,0.5169306512967431
6471,32212.0,1.0,0.43143834888636157,0.5685616511136385
6472,32214.0,0.0,0.5537198548929211,0.44628014510707886
6473,32216.0,1.0,0.43560485851522723,0.5643951414847729
6474,32221.0,0.0,0.5904699310880019,0.40953006891199806
6475,32226.0,0.0,0.5869071076633797,0.4130928923366203
6476,32233.0,1.0,0.0636808174329004,0.9363191825670998
6477,32235.0,1.0,0.04988018929220789,0.9501198107077922
6478,32241.0,0.0,0.5158945539865865,0.4841054460134135
6479,32250.0,1.0,0.3947650082286615,0.6052349917713385
6480,32251.0,0.0,0.510479786947155,0.489520213052845
6481,32257.0,0.0,0.5163880301942999,0.4836119698057002
6482,32265.0,1.0,0.40255331382911647,0.5974466861708837
6483,32274.0,1.0,0.45797572387554875,0.5420242761244514
6484,32276.0,1.0,0.3960262705060131,0.603973729493987
6485,32284.0,0.0,0.6804525292398137,0.3195474707601864
6486,32286.0,0.0,0.6328663949917533,0.36713360500824677
6487,32293.0,0.0,0.567338423451401,0.43266157654859905
6488,32294.0,1.0,0.49021291103837633,0.5097870889616236
6489,32300.0,1.0,0.47915479309760906,0.5208452069023911
6490,32308.0,0.0,0.5022028214259204,0.4977971785740795
6491,32320.0,0.0,0.5221340306349418,0.47786596936505804
6492,32323.0,1.0,0.3920971029988289,0.607902897001171
6493,32328.0,0.0,0.5160681676269001,0.4839318323730999
6494,32329.0,0.0,0.6717799706873794,0.3282200293126202
6495,32334.0,1.0,0.4949729048184277,0.5050270951815723
6496,32339.0,0.0,0.595240688922279,0.40475931107772106
6497,32340.0,1.0,0.47509992536351653,0.5249000746364836
6498,32342.0,1.0,0.41487879140389067,0.5851212085961093
6499,32348.0,0.0,0.5642644216093029,0.43573557839069715
6500,32350.0,1.0,0.04569907847382934,0.9543009215261706
6501,32355.0,1.0,0.034773121153367455,0.9652268788466326
6502,32359.0,0.0,0.5927937684574156,0.4072062315425841
6503,32379.0,1.0,0.45482942763485584,0.5451705723651441
6504,32389.0,0.0,0.5107709330206509,0.48922906697934915
6505,32390.0,0.0,0.5862058368474714,0.41379416315252854
6506,32391.0,1.0,0.38956483636376027,0.61043516363624
6507,32401.0,0.0,0.5014413970000917,0.49855860299990823
6508,32402.0,1.0,0.4999489981239519,0.500051001876048
6509,32404.0,0.0,0.6745647303775877,0.32543526962241237
6510,32413.0,1.0,0.4260077847096687,0.5739922152903314
6511,32425.0,0.0,0.5995502082123789,0.4004497917876212
6512,32438.0,0.0,0.5659972967523514,0.43400270324764834
6513,32465.0,1.0,0.0235148918763195,0.9764851081236805
6514,32469.0,0.0,0.5303544775146964,0.4696455224853034
6515,32475.0,0.0,0.5099280726692618,0.4900719273307383
6516,32477.0,1.0,0.46715825671073846,0.5328417432892614
6517,32487.0,1.0,0.0352385500831971,0.9647614499168029
6518,32492.0,0.0,0.5983052054772368,0.40169479452276335
6519,32493.0,0.0,0.5423534448563788,0.45764655514362135
6520,32500.0,1.0,0.06335991386627676,0.9366400861337232
6521,32507.0,1.0,0.44176225845484884,0.5582377415451512
6522,32508.0,1.0,0.3733007992277391,0.6266992007722613
6523,32509.0,1.0,0.4110815310678724,0.588918468932128
6524,32526.0,1.0,0.41977247753670743,0.5802275224632926
6525,32528.0,1.0,0.4074564235129013,0.5925435764870987
6526,32530.0,1.0,0.47029733402746343,0.5297026659725366
6527,32535.0,0.0,0.6155710594093289,0.3844289405906713
6528,32551.0,0.0,0.6440426880364447,0.3559573119635553
6529,32554.0,0.0,0.5295260565080987,0.47047394349190114
6530,32560.0,1.0,0.41630884644637517,0.583691153553625
6531,32569.0,1.0,0.3829112858638157,0.6170887141361843
6532,32575.0,0.0,0.6258591594686544,0.3741408405313452
6533,32578.0,0.0,0.5472985992420657,0.45270140075793414
6534,32589.0,1.0,0.40504974065812965,0.5949502593418705
6535,32594.0,1.0,0.37232893529862543,0.6276710647013748
6536,32596.0,0.0,0.5601744453410071,0.4398255546589928
6537,32600.0,1.0,0.4947428784517948,0.5052571215482051
6538,32603.0,1.0,0.4398012828008261,0.5601987171991739
6539,32606.0,0.0,0.5204344411025578,0.4795655588974422
6540,32608.0,1.0,0.4574812391663759,0.5425187608336242
6541,32617.0,0.0,0.6883797242183229,0.3116202757816772
6542,32628.0,0.0,0.5489590844426315,0.4510409155573686
6543,32636.0,1.0,0.40035925024840957,0.5996407497515905
6544,32641.0,1.0,0.4127668059310906,0.5872331940689094
6545,32643.0,0.0,0.5390782561432773,0.4609217438567225
6546,32653.0,0.0,0.5879145770791971,0.4120854229208028
6547,32659.0,0.0,0.5079828910870855,0.4920171089129145
6548,32661.0,0.0,0.5770095876878365,0.4229904123121635
6549,32663.0,1.0,0.4764331062947147,0.5235668937052853
6550,32674.0,0.0,0.5180264146964505,0.48197358530354933
6551,32679.0,1.0,0.43726178915065156,0.5627382108493485
6552,32694.0,1.0,0.3824316576359534,0.6175683423640467
6553,32696.0,0.0,0.5824099704239759,0.41759002957602415
6554,32698.0,1.0,0.4336069485051654,0.5663930514948347
6555,32699.0,0.0,0.5121461924708238,0.4878538075291762
6556,32704.0,0.0,0.5934044314815705,0.40659556851842943
6557,32715.0,1.0,0.4329076941934455,0.5670923058065547
6558,32717.0,0.0,0.5587639447964059,0.4412360552035942
6559,32723.0,1.0,0.4013491399509009,0.5986508600490993
6560,32728.0,0.0,0.5705462221852645,0.4294537778147353
6561,32735.0,1.0,0.41377966957557605,0.5862203304244239
6562,32736.0,1.0,0.4412326313008108,0.5587673686991892
6563,32737.0,1.0,0.47106023061204305,0.5289397693879568
6564,32754.0,1.0,0.4321172787980309,0.567882721201969
6565,32760.0,0.0,0.5606239342505501,0.4393760657494498
6566,32763.0,1.0,0.38774062971703904,0.6122593702829611
6567,32764.0,0.0,0.5545248032178451,0.4454751967821548
6568,32766.0,1.0,0.4275572011681018,0.5724427988318985
6569,32767.0,0.0,0.529626658525368,0.470373341474632
6570,32768.0,0.0,0.5355359109761999,0.46446408902379993
6571,32775.0,1.0,0.3904046443863505,0.6095953556136496
6572,32778.0,1.0,0.02404290250060364,0.9759570974993963
6573,32785.0,0.0,0.6271020879495987,0.3728979120504013
6574,32790.0,1.0,0.39664190034681096,0.603358099653189
6575,32796.0,0.0,0.5340910638653763,0.4659089361346237
6576,32797.0,1.0,0.4934581492597412,0.5065418507402589
6577,32801.0,0.0,0.5715743521249081,0.42842564787509196
6578,32805.0,0.0,0.55053724283415,0.4494627571658502
6579,32809.0,0.0,0.5391531774511368,0.46084682254886306
6580,32813.0,1.0,0.40650078023944636,0.5934992197605535
6581,32817.0,1.0,0.49742713559217266,0.5025728644078273
6582,32819.0,0.0,0.5429159165502362,0.4570840834497637
6583,32823.0,0.0,0.5415762565687643,0.4584237434312357
6584,32834.0,1.0,0.4962355426311456,0.5037644573688543
6585,32838.0,1.0,0.4102021245474837,0.5897978754525165
6586,32839.0,0.0,0.5643654150891682,0.435634584910832
6587,32847.0,1.0,0.46196690997470113,0.5380330900252988
6588,32850.0,1.0,0.40796109668802605,0.5920389033119741
6589,32858.0,1.0,0.4834777022702346,0.5165222977297653
6590,32859.0,1.0,0.40370142769094847,0.5962985723090516
6591,32860.0,0.0,0.606652012478511,0.3933479875214891
6592,32865.0,1.0,0.38261547684034286,0.617384523159657
6593,32877.0,1.0,0.4057452554655627,0.5942547445344373
6594,32883.0,1.0,0.40838179528289403,0.5916182047171058
6595,32895.0,0.0,0.5120564700981131,0.48794352990188694
6596,32902.0,0.0,0.6214068014249231,0.3785931985750771
6597,32904.0,0.0,0.559062521679001,0.4409374783209989
6598,32910.0,0.0,0.5669199456498627,0.43308005435013724
6599,32911.0,0.0,0.5386779965207148,0.46132200347928504
6600,32922.0,1.0,0.4001596592977097,0.5998403407022902
6601,32925.0,0.0,0.5852912333909043,0.41470876660909584
6602,32929.0,0.0,0.5441298830122275,0.45587011698777224
6603,32933.0,1.0,0.4523905109690692,0.5476094890309308
6604,32935.0,1.0,0.47200472220122536,0.5279952777987745
6605,32941.0,1.0,0.3942228956671331,0.6057771043328671
6606,32942.0,0.0,0.5464759018538893,0.4535240981461107
6607,32944.0,0.0,0.5686511618101454,0.4313488381898546
6608,32952.0,1.0,0.473948070834894,0.5260519291651061
6609,32970.0,0.0,0.5777738192051464,0.4222261807948536
6610,32978.0,1.0,0.4484787592778801,0.5515212407221199
6611,32982.0,0.0,0.5776599285880318,0.4223400714119684
6612,32985.0,1.0,0.07643323855557813,0.9235667614444218
6613,33012.0,1.0,0.39053423324550296,0.6094657667544974
6614,33019.0,1.0,0.36537099933004796,0.6346290006699522
6615,33020.0,0.0,0.5545105629777097,0.4454894370222901
6616,33025.0,0.0,0.605341980409347,0.39465801959065316
6617,33031.0,0.0,0.5198182031935923,0.4801817968064077
6618,33037.0,0.0,0.6428372683725143,0.3571627316274857
6619,33047.0,0.0,0.5791245698997045,0.4208754301002953
6620,33048.0,0.0,0.5432930157276791,0.45670698427232104
6621,33049.0,0.0,0.5166031462972493,0.4833968537027507
6622,33050.0,0.0,0.6765194940530308,0.3234805059469691
6623,33052.0,1.0,0.46921511281855516,0.5307848871814449
6624,33064.0,1.0,0.48017855219955635,0.5198214478004437
6625,33071.0,1.0,0.394998972367975,0.605001027632025
6626,33079.0,1.0,0.4397324074026987,0.5602675925973014
6627,33080.0,0.0,0.5809165907501957,0.4190834092498041
6628,33082.0,1.0,0.4970238778917494,0.5029761221082505
6629,33083.0,1.0,0.45673092341188204,0.5432690765881181
6630,33084.0,1.0,0.44656059293324063,0.5534394070667594
6631,33086.0,1.0,0.48564209819426046,0.5143579018057395
6632,33088.0,1.0,0.45933189976703487,0.5406681002329651
6633,33092.0,0.0,0.6664235816093939,0.33357641839060614
6634,33096.0,1.0,0.366237178563552,0.6337628214364484
6635,33098.0,1.0,0.41034531671299546,0.5896546832870048
6636,33103.0,0.0,0.6266770371420923,0.3733229628579074
6637,33107.0,1.0,0.38738367327211015,0.6126163267278902
6638,33114.0,1.0,0.0771696845232408,0.9228303154767593
6639,33118.0,1.0,0.38523351217662866,0.6147664878233716
6640,33119.0,0.0,0.6528869316514273,0.3471130683485725
6641,33125.0,0.0,0.5181152110689842,0.4818847889310158
6642,33127.0,1.0,0.4730266497712175,0.5269733502287823
6643,33135.0,1.0,0.3592624550338553,0.6407375449661449
6644,33140.0,0.0,0.5605071022625379,0.4394928977374621
6645,33149.0,1.0,0.4479853289421866,0.5520146710578131
6646,33154.0,1.0,0.4955980022014346,0.5044019977985654
6647,33160.0,1.0,0.4310469820691475,0.5689530179308526
6648,33163.0,1.0,0.44244547508280874,0.5575545249171914
6649,33171.0,1.0,0.4720670319214385,0.5279329680785615
6650,33172.0,0.0,0.560965767327055,0.43903423267294484
6651,33182.0,1.0,0.39819665676388893,0.6018033432361112
6652,33184.0,0.0,0.5626298293043417,0.43737017069565826
6653,33190.0,1.0,0.3985892874953483,0.6014107125046521
6654,33193.0,1.0,0.3993202383549953,0.6006797616450048
6655,33194.0,0.0,0.5063026457562392,0.49369735424376077
6656,33195.0,1.0,0.38475047851939365,0.6152495214806065
6657,33202.0,0.0,0.5398471974573854,0.46015280254261454
6658,33209.0,1.0,0.4635446690057432,0.5364553309942567
6659,33221.0,1.0,0.4951672278661386,0.5048327721338614
6660,33224.0,1.0,0.42019870304235374,0.5798012969576464
6661,33225.0,1.0,0.43248344379580017,0.5675165562041997
6662,33230.0,1.0,0.41559228967949385,0.5844077103205065
6663,33232.0,0.0,0.5122140614224723,0.4877859385775277
6664,33236.0,1.0,0.4558507429567161,0.5441492570432839
6665,33238.0,1.0,0.3880073454959416,0.6119926545040585
6666,33241.0,1.0,0.4592266021044804,0.5407733978955196
6667,33245.0,0.0,0.6948802406205482,0.30511975937945174
6668,33247.0,0.0,0.5504242834223183,0.44957571657768175
6669,33250.0,0.0,0.5513066079771745,0.44869339202282554
6670,33254.0,0.0,0.552591346414274,0.44740865358572607
6671,33256.0,1.0,0.39422894058903707,0.6057710594109629
6672,33271.0,1.0,0.39442197495177544,0.6055780250482247
6673,33289.0,1.0,0.40403547544985857,0.5959645245501418
6674,33290.0,1.0,0.40544275278787745,0.5945572472121226
6675,33294.0,0.0,0.5579178741263451,0.4420821258736548
6676,33297.0,0.0,0.6678658805464207,0.33213411945357935
6677,33302.0,0.0,0.5320507675393106,0.4679492324606894
6678,33303.0,1.0,0.49582706966960566,0.5041729303303945
6679,33314.0,1.0,0.4004335229600994,0.5995664770399008
6680,33320.0,1.0,0.4019279303786512,0.598072069621349
6681,33327.0,0.0,0.5416795783249123,0.4583204216750875
6682,33349.0,1.0,0.38155861414587966,0.6184413858541206
6683,33350.0,1.0,0.499476985252152,0.500523014747848
6684,33352.0,1.0,0.3612537800978942,0.6387462199021062
6685,33356.0,1.0,0.36203380267614377,0.6379661973238566
6686,33357.0,0.0,0.5994741278589238,0.40052587214107627
6687,33368.0,0.0,0.6449017170105849,0.35509828298941526
6688,33376.0,1.0,0.410764657077935,0.589235342922065
6689,33381.0,1.0,0.4200403961342183,0.5799596038657819
6690,33397.0,1.0,0.358914210948012,0.6410857890519884
6691,33400.0,1.0,0.44815934263362117,0.5518406573663789
6692,33405.0,1.0,0.4980553610094035,0.5019446389905964
6693,33413.0,1.0,0.4603300674355166,0.5396699325644836
6694,33424.0,1.0,0.4231314725527644,0.5768685274472355
6695,33426.0,1.0,0.0685731485679441,0.9314268514320557
6696,33441.0,0.0,0.5416708844643026,0.4583291155356974
6697,33448.0,0.0,0.6306520996404893,0.36934790035951076
6698,33451.0,0.0,0.585666536770145,0.4143334632298549
6699,33454.0,0.0,0.5749237439062291,0.42507625609377103
6700,33460.0,1.0,0.4366642320326162,0.5633357679673838
6701,33468.0,1.0,0.4234823139319153,0.5765176860680846
6702,33470.0,1.0,0.491453203992243,0.5085467960077569
6703,33474.0,1.0,0.4910239376058651,0.508976062394135
6704,33476.0,0.0,0.5719072641186588,0.42809273588134134
6705,33478.0,0.0,0.5654017627114256,0.43459823728857444
6706,33482.0,1.0,0.03406781315224653,0.9659321868477534
6707,33493.0,0.0,0.5500812245025921,0.44991877549740805
6708,33494.0,1.0,0.47476979391697777,0.5252302060830224
6709,33497.0,1.0,0.45954086027203056,0.5404591397279693
6710,33505.0,1.0,0.3900585922486737,0.6099414077513263
6711,33506.0,1.0,0.44679191099028126,0.5532080890097189
6712,33507.0,1.0,0.4916435432132609,0.508356456786739
6713,33509.0,0.0,0.5176504006463724,0.48234959935362764
6714,33526.0,1.0,0.42076871437592295,0.5792312856240772
6715,33529.0,0.0,0.5818231158855673,0.4181768841144327
6716,33534.0,1.0,0.4647905361693716,0.5352094638306284
6717,33539.0,1.0,0.41186198495515997,0.5881380150448403
6718,33540.0,1.0,0.3926003823724304,0.6073996176275699
6719,33545.0,1.0,0.4692233335615475,0.5307766664384524
6720,33550.0,1.0,0.4169446439156268,0.5830553560843732
6721,33553.0,1.0,0.42139456191488955,0.5786054380851107
6722,33556.0,0.0,0.6320967359564676,0.3679032640435321
6723,33566.0,0.0,0.5314826242656833,0.46851737573431684
6724,33568.0,1.0,0.39942476604823335,0.6005752339517667
6725,33569.0,0.0,0.6125115552816969,0.38748844471830324
6726,33570.0,0.0,0.5850853438332821,0.41491465616671774
6727,33588.0,1.0,0.3727125044637995,0.6272874955362007
6728,33594.0,1.0,0.48009888020658253,0.5199011197934174
6729,33596.0,0.0,0.6200591667894326,0.37994083321056743
6730,33601.0,1.0,0.4755015519132415,0.5244984480867586
6731,33602.0,1.0,0.49604227032333364,0.5039577296766664
6732,33604.0,0.0,0.5145895509014033,0.48541044909859665
6733,33613.0,0.0,0.6162138889408574,0.3837861110591427
6734,33621.0,0.0,0.5813831784103765,0.41861682158962366
6735,33629.0,1.0,0.4483358140755923,0.5516641859244078
6736,33632.0,0.0,0.5312030864130137,0.4687969135869864
6737,33635.0,1.0,0.40328420612137994,0.5967157938786203
6738,33643.0,1.0,0.44910454026203517,0.5508954597379646
6739,33645.0,1.0,0.022828763887495027,0.977171236112505
6740,33648.0,0.0,0.5288777858227188,0.47112221417728123
6741,33649.0,1.0,0.39227673071588376,0.6077232692841162
6742,33662.0,0.0,0.5374089727770005,0.4625910272229994
6743,33669.0,0.0,0.5390221103478464,0.4609778896521535
6744,33670.0,1.0,0.4967419858188898,0.5032580141811102
6745,33678.0,1.0,0.46317195651060916,0.5368280434893907
6746,33679.0,0.0,0.5569756768613917,0.44302432313860834
6747,33683.0,1.0,0.39733712854390746,0.6026628714560927
6748,33684.0,0.0,0.6525300291120004,0.34746997088799986
6749,33685.0,1.0,0.4888870784173182,0.5111129215826817
6750,33691.0,0.0,0.5035035240633552,0.49649647593664475
6751,33698.0,0.0,0.5823468154323814,0.41765318456761863
6752,33701.0,1.0,0.41872772806466374,0.5812722719353364
6753,33702.0,1.0,0.42623495040025733,0.5737650495997427
6754,33704.0,0.0,0.5229508800366601,0.4770491199633398
6755,33705.0,1.0,0.4813388615756932,0.5186611384243068
6756,33708.0,1.0,0.48153561466136635,0.5184643853386338
6757,33715.0,0.0,0.6493098816264297,0.3506901183735702
6758,33719.0,0.0,0.5316145157828703,0.46838548421712967
6759,33723.0,1.0,0.40711034766509435,0.5928896523349058
6760,33734.0,0.0,0.5228127088695682,0.47718729113043173
6761,33737.0,1.0,0.02540435227933448,0.9745956477206655
6762,33745.0,1.0,0.47861652800752774,0.5213834719924723
6763,33748.0,1.0,0.4964592586261278,0.5035407413738722
6764,33749.0,1.0,0.018859874059214243,0.9811401259407856
6765,33750.0,0.0,0.5291909939370701,0.47080900606292986
6766,33754.0,0.0,0.5512206522107256,0.4487793477892743
6767,33758.0,1.0,0.4666960464590766,0.5333039535409234
6768,33760.0,1.0,0.45014680223124176,0.5498531977687583
6769,33763.0,1.0,0.4513073812229645,0.5486926187770352
6770,33771.0,0.0,0.534206658944058,0.46579334105594206
6771,33784.0,1.0,0.37725302271607203,0.622746977283928
6772,33788.0,1.0,0.3650349730416146,0.6349650269583854
6773,33791.0,1.0,0.490555602904786,0.5094443970952139
6774,33792.0,1.0,0.021341687981602346,0.9786583120183977
6775,33794.0,0.0,0.6025580133827854,0.39744198661721447
6776,33796.0,0.0,0.5143105214893913,0.4856894785106086
6777,33799.0,1.0,0.49301182994237175,0.5069881700576283
6778,33805.0,1.0,0.3906859905775576,0.6093140094224424
6779,33810.0,0.0,0.6281758892293344,0.3718241107706654
6780,33815.0,0.0,0.5152030309713473,0.4847969690286527
6781,33816.0,1.0,0.4013166321653987,0.5986833678346014
6782,33817.0,0.0,0.5717478196278153,0.42825218037218477
6783,33819.0,1.0,0.41042201382083254,0.5895779861791673
6784,33822.0,0.0,0.5102443382531943,0.4897556617468057
6785,33826.0,1.0,0.43752745573600593,0.562472544263994
6786,33830.0,1.0,0.47604150125718175,0.5239584987428183
6787,33833.0,1.0,0.4447672513874094,0.5552327486125906
6788,33842.0,1.0,0.35569744611780196,0.6443025538821981
6789,33844.0,1.0,0.40390527485911515,0.5960947251408849
6790,33850.0,0.0,0.5395641622719103,0.46043583772808966
6791,33852.0,1.0,0.4590373368927019,0.5409626631072981
6792,33862.0,1.0,0.3968376995171491,0.6031623004828511
6793,33863.0,1.0,0.03243093398584802,0.9675690660141519
6794,33865.0,1.0,0.4426840992257425,0.5573159007742574
6795,33868.0,1.0,0.47594891975122755,0.5240510802487722
6796,33876.0,0.0,0.5528785541753435,0.44712144582465646
6797,33878.0,0.0,0.6072854933150904,0.3927145066849094
6798,33883.0,1.0,0.4729820511671465,0.5270179488328535
6799,33884.0,1.0,0.40098233292412083,0.5990176670758792
6800,33889.0,1.0,0.46787824393016125,0.5321217560698389
6801,33894.0,0.0,0.6128397068292426,0.3871602931707575
6802,33902.0,0.0,0.5247028169269017,0.4752971830730984
6803,33904.0,0.0,0.5360257485598594,0.46397425144014065
6804,33909.0,0.0,0.5203216238609297,0.4796783761390702
6805,33915.0,1.0,0.3834815065835004,0.6165184934164998
6806,33917.0,1.0,0.3894989390445687,0.6105010609554312
6807,33924.0,0.0,0.5800499981512782,0.4199500018487218
6808,33931.0,1.0,0.3725595298863608,0.6274404701136393
6809,33933.0,1.0,0.4902672396014712,0.5097327603985288
6810,33936.0,1.0,0.38485373806213813,0.615146261937862
6811,33938.0,0.0,0.562081990715045,0.437918009284955
6812,33943.0,1.0,0.46098333099043887,0.539016669009561
6813,33949.0,0.0,0.5358184608182585,0.46418153918174165
6814,33950.0,1.0,0.026107656408746772,0.9738923435912531
6815,33954.0,1.0,0.45192742809290337,0.5480725719070966
6816,33955.0,1.0,0.47414570307778936,0.5258542969222108
6817,33957.0,0.0,0.5754321439580273,0.4245678560419728
6818,33963.0,0.0,0.5482922940426754,0.4517077059573245
6819,33968.0,0.0,0.5420388071697181,0.4579611928302815
6820,33972.0,0.0,0.5095566228579201,0.4904433771420799
6821,33973.0,1.0,0.4848098957144616,0.5151901042855385
6822,33974.0,1.0,0.3855620969963336,0.6144379030036667
6823,33975.0,1.0,0.4635563908708902,0.5364436091291099
6824,33982.0,0.0,0.6257127809899588,0.37428721901004103
6825,33984.0,0.0,0.6336888173757601,0.3663111826242396
6826,33985.0,0.0,0.5407200224392619,0.4592799775607381
6827,33987.0,0.0,0.5211535255999636,0.4788464744000364
6828,33995.0,1.0,0.499993176595898,0.500006823404102
6829,33997.0,1.0,0.40162436002130336,0.5983756399786967
6830,33999.0,1.0,0.3733428598435581,0.626657140156442
6831,34005.0,0.0,0.6087831676750073,0.3912168323249927
6832,34009.0,0.0,0.5430484073224903,0.4569515926775096
6833,34012.0,1.0,0.3867399182560732,0.6132600817439269
6834,34014.0,1.0,0.4295155332190245,0.5704844667809756
6835,34017.0,0.0,0.5398950896228408,0.46010491037715906
6836,34019.0,0.0,0.5126505456027434,0.48734945439725663
6837,34020.0,1.0,0.47775580609045754,0.5222441939095425
6838,34024.0,1.0,0.49758919533119267,0.5024108046688073
6839,34037.0,1.0,0.44768307558319376,0.5523169244168064
6840,34047.0,1.0,0.46809990922138023,0.5319000907786198
6841,34056.0,1.0,0.39887973771043306,0.601120262289567
6842,34059.0,1.0,0.03190683441198677,0.9680931655880132
6843,34063.0,1.0,0.42486694573262057,0.5751330542673795
6844,34073.0,1.0,0.4591765599056273,0.5408234400943726
6845,34079.0,0.0,0.636875593092497,0.36312440690750314
6846,34081.0,1.0,0.4820174612633608,0.5179825387366391
6847,34084.0,0.0,0.5818827926798718,0.41811720732012825
6848,34090.0,0.0,0.5860055640585082,0.4139944359414917
6849,34097.0,0.0,0.5897203755450956,0.41027962445490446
6850,34100.0,1.0,0.47980698609408007,0.5201930139059199
6851,34111.0,1.0,0.42681776259472587,0.5731822374052742
6852,34114.0,0.0,0.5556725557438998,0.44432744425610016
6853,34124.0,0.0,0.5155708244720545,0.48442917552794545
6854,34129.0,1.0,0.4011133126314892,0.5988866873685106
6855,34141.0,1.0,0.04121576429814449,0.9587842357018556
6856,34145.0,0.0,0.6241291012163592,0.3758708987836409
6857,34146.0,0.0,0.5535913834072782,0.44640861659272174
6858,34154.0,0.0,0.6166501979539845,0.38334980204601554
6859,34161.0,1.0,0.3966064781693243,0.6033935218306758
6860,34166.0,0.0,0.5364428544820696,0.4635571455179304
6861,34173.0,1.0,0.4083827337149013,0.5916172662850986
6862,34182.0,0.0,0.5637011160769487,0.43629888392305133
6863,34189.0,1.0,0.43797692194924087,0.562023078050759
6864,34196.0,0.0,0.6343658325605194,0.36563416743948046
6865,34197.0,0.0,0.5533771761488517,0.4466228238511482
6866,34201.0,1.0,0.41711260436705655,0.5828873956329435
6867,34202.0,1.0,0.3578970116442289,0.6421029883557712
6868,34203.0,0.0,0.6446911674161835,0.35530883258381674
6869,34204.0,0.0,0.535047510824612,0.4649524891753879
6870,34210.0,1.0,0.4220545715264952,0.5779454284735047
6871,34213.0,0.0,0.6379949317947766,0.36200506820522343
6872,34215.0,0.0,0.5618188945465481,0.43818110545345185
6873,34220.0,0.0,0.5845212128977955,0.4154787871022044
6874,34225.0,1.0,0.437827131730667,0.562172868269333
6875,34236.0,1.0,0.49717376461085633,0.5028262353891437
6876,34240.0,0.0,0.5343115067974268,0.4656884932025732
6877,34253.0,1.0,0.026696145721839558,0.9733038542781606
6878,34254.0,1.0,0.4607740700704561,0.539225929929544
6879,34264.0,0.0,0.5331332811638972,0.46686671883610265
6880,34265.0,0.0,0.5953143424450552,0.4046856575549449
6881,34268.0,0.0,0.5507972902898471,0.44920270971015275
6882,34278.0,0.0,0.5357430930146034,0.46425690698539646
6883,34283.0,1.0,0.35360275263793406,0.6463972473620658
6884,34286.0,1.0,0.3628171304237464,0.6371828695762537
6885,34293.0,0.0,0.5246783568347534,0.47532164316524667
6886,34294.0,1.0,0.34323924570930503,0.6567607542906951
6887,34299.0,1.0,0.37618849544955574,0.6238115045504443
6888,34300.0,1.0,0.3927503420700129,0.6072496579299871
6889,34303.0,0.0,0.6299860019885504,0.37001399801144935
6890,34319.0,1.0,0.08693229067184842,0.9130677093281517
6891,34320.0,1.0,0.4576028686317803,0.5423971313682197
6892,34322.0,0.0,0.5607321753638798,0.43926782463612013
6893,34327.0,0.0,0.5007827672863967,0.4992172327136034
6894,34331.0,0.0,0.5830183892355381,0.416981610764462
6895,34339.0,1.0,0.03774163186488511,0.9622583681351148
6896,34343.0,0.0,0.5522126071150519,0.44778739288494784
6897,34347.0,1.0,0.47656381766729305,0.523436182332707
6898,34349.0,1.0,0.461716125456997,0.5382838745430031
6899,34353.0,0.0,0.5321697228113683,0.46783027718863146
6900,34355.0,0.0,0.6762063167596832,0.3237936832403168
6901,34357.0,1.0,0.3865923131437342,0.6134076868562661
6902,34364.0,0.0,0.5150587735376145,0.48494122646238536
6903,34372.0,1.0,0.40531241087256686,0.5946875891274331
6904,34380.0,0.0,0.5059538195051667,0.49404618049483334
6905,34395.0,0.0,0.6450099868393202,0.3549900131606795
6906,34404.0,1.0,0.017265595339113878,0.9827344046608861
6907,34407.0,1.0,0.45865264075076473,0.5413473592492353
6908,34408.0,0.0,0.5191368979074868,0.48086310209251315
6909,34413.0,0.0,0.6445304061532318,0.355469593846768
6910,34415.0,1.0,0.42404520726349637,0.5759547927365036
6911,34417.0,0.0,0.5149942674844632,0.4850057325155368
6912,34424.0,0.0,0.5493580681208639,0.4506419318791361
6913,34432.0,1.0,0.37171290677562346,0.6282870932243767
6914,34433.0,0.0,0.6753891906277937,0.3246108093722059
6915,34440.0,1.0,0.3774478953391715,0.6225521046608288
6916,34442.0,0.0,0.5509069995030738,0.44909300049692624
6917,34472.0,0.0,0.6519945947454189,0.3480054052545812
6918,34474.0,0.0,0.6141400933695929,0.3858599066304072
6919,34497.0,1.0,0.4705627259740557,0.5294372740259444
6920,34498.0,0.0,0.5664387782998745,0.43356122170012534
6921,34503.0,1.0,0.49466421163375884,0.505335788366241
6922,34505.0,0.0,0.5892157963795887,0.4107842036204113
6923,34509.0,1.0,0.43574685599454205,0.564253144005458
6924,34510.0,1.0,0.3662919359232872,0.6337080640767127
6925,34514.0,1.0,0.4700194801028509,0.529980519897149
6926,34516.0,1.0,0.4698841102539459,0.5301158897460542
6927,34518.0,1.0,0.3625850628338376,0.6374149371661624
6928,34527.0,1.0,0.07708140540283588,0.9229185945971642
6929,34532.0,1.0,0.44797528063354297,0.552024719366457
6930,34539.0,1.0,0.04623977505060493,0.953760224949395
6931,34547.0,1.0,0.43832045536750214,0.561679544632498
6932,34565.0,0.0,0.5373691235477692,0.46263087645223067
6933,34569.0,0.0,0.6892133878753023,0.31078661212469766
6934,34575.0,0.0,0.5921319520201578,0.40786804797984216
6935,34576.0,0.0,0.5095652076607967,0.49043479233920323
6936,34581.0,0.0,0.6537679989764947,0.34623200102350515
6937,34583.0,1.0,0.4174679346440531,0.582532065355947
6938,34591.0,1.0,0.45555983580596204,0.5444401641940378
6939,34594.0,0.0,0.5338800685037487,0.4661199314962511
6940,34597.0,1.0,0.053672959714417115,0.9463270402855829
6941,34599.0,0.0,0.5392184762332989,0.46078152376670095
6942,34600.0,1.0,0.48536402152008057,0.5146359784799195
6943,34602.0,0.0,0.6294735711556382,0.37052642884436165
6944,34605.0,0.0,0.5230175487273909,0.47698245127260896
6945,34612.0,1.0,0.39687306180216875,0.6031269381978315
6946,34613.0,1.0,0.4640317976321674,0.5359682023678327
6947,34615.0,1.0,0.4588286446941595,0.5411713553058405
6948,34616.0,1.0,0.4919611613276186,0.5080388386723814
6949,34636.0,0.0,0.5367978505799637,0.4632021494200364
6950,34652.0,1.0,0.4048923658236943,0.5951076341763059
6951,34659.0,1.0,0.40985495966600416,0.5901450403339961
6952,34670.0,0.0,0.5024735641082668,0.4975264358917332
6953,34671.0,1.0,0.435761592288993,0.564238407711007
6954,34672.0,1.0,0.4770310723532712,0.5229689276467289
6955,34678.0,1.0,0.07010757639295005,0.92989242360705
6956,34682.0,0.0,0.5436580514714671,0.45634194852853294
6957,34687.0,1.0,0.49735983190809496,0.502640168091905
6958,34689.0,1.0,0.03609616527550978,0.9639038347244901
6959,34691.0,0.0,0.5635591153249156,0.4364408846750844
6960,34696.0,1.0,0.46000908595348095,0.539990914046519
6961,34698.0,0.0,0.5911463397308079,0.40885366026919223
6962,34720.0,0.0,0.5019260743996852,0.4980739256003147
6963,34721.0,1.0,0.4057407141805535,0.5942592858194464
6964,34734.0,0.0,0.5188217599188093,0.4811782400811906
6965,34736.0,1.0,0.029088265381001146,0.970911734618999
6966,34737.0,1.0,0.4711942902290903,0.5288057097709098
6967,34745.0,0.0,0.5351072716606897,0.4648927283393103
6968,34748.0,1.0,0.4216111000845137,0.5783888999154864
6969,34750.0,1.0,0.37136761341271923,0.6286323865872812
6970,34751.0,1.0,0.42992322695945084,0.5700767730405493
6971,34753.0,1.0,0.48422735660628446,0.5157726433937156
6972,34754.0,1.0,0.4734886686334546,0.5265113313665454
6973,34759.0,1.0,0.3906407189281766,0.6093592810718236
6974,34763.0,1.0,0.04766133989825894,0.9523386601017413
6975,34764.0,1.0,0.04069614791899081,0.9593038520810091
6976,34767.0,0.0,0.5034274645650169,0.49657253543498314
6977,34768.0,1.0,0.38528993386472954,0.6147100661352706
6978,34771.0,1.0,0.39024220012322886,0.6097577998767713
6979,34780.0,1.0,0.3976262468337782,0.6023737531662219
6980,34790.0,0.0,0.5190903011671198,0.4809096988328801
6981,34791.0,0.0,0.5392615179758844,0.46073848202411555
6982,34797.0,0.0,0.640439791595698,0.35956020840430164
6983,34800.0,1.0,0.440712654647876,0.5592873453521239
6984,34803.0,0.0,0.5640771778128731,0.43592282218712697
6985,34806.0,0.0,0.5599545389641754,0.44004546103582465
6986,34808.0,1.0,0.4821998476630419,0.517800152336958
6987,34812.0,1.0,0.04809967680795386,0.9519003231920462
6988,34815.0,0.0,0.5225936249962064,0.4774063750037935
6989,34829.0,1.0,0.4390988799884944,0.5609011200115058
6990,34835.0,0.0,0.591955334408491,0.40804466559150937
6991,34839.0,0.0,0.6459652580004839,0.3540347419995164
6992,34844.0,1.0,0.438984656572886,0.561015343427114
6993,34845.0,0.0,0.5126554300444821,0.48734456995551795
6994,34851.0,1.0,0.405065720631395,0.594934279368605
6995,34855.0,0.0,0.6567216299737487,0.34327837002625144
6996,34859.0,1.0,0.42545947594152567,0.5745405240584744
6997,34865.0,0.0,0.5865900598361556,0.41340994016384436
6998,34871.0,1.0,0.39955940862005124,0.6004405913799488
6999,34873.0,1.0,0.48259480019675083,0.5174051998032492
7000,34875.0,1.0,0.499658290295785,0.5003417097042149
7001,34877.0,0.0,0.5452831405909837,0.454716859409016
7002,34880.0,1.0,0.47403438084301447,0.5259656191569856
7003,34886.0,0.0,0.5083285714736685,0.49167142852633156
7004,34898.0,1.0,0.4580351132701739,0.5419648867298262
7005,34915.0,1.0,0.44058939446255946,0.5594106055374407
7006,34924.0,0.0,0.5076481047837439,0.492351895216256
7007,34926.0,0.0,0.5479710470738679,0.45202895292613193
7008,34934.0,0.0,0.6064708596484618,0.39352914035153824
7009,34938.0,0.0,0.5501357184672419,0.44986428153275815
7010,34941.0,0.0,0.5507863872652535,0.4492136127347466
7011,34943.0,0.0,0.5341702182884399,0.4658297817115601
7012,34962.0,1.0,0.4572439885081986,0.5427560114918013
7013,34963.0,1.0,0.38124780027390004,0.6187521997261002
7014,34967.0,1.0,0.49137876341815384,0.5086212365818462
7015,34969.0,1.0,0.4831862370711326,0.5168137629288675
7016,34971.0,1.0,0.02392169434631835,0.9760783056536816
7017,34999.0,0.0,0.5001707975522834,0.49982920244771656
7018,35005.0,1.0,0.4904943509988138,0.5095056490011863
7019,35012.0,1.0,0.48615978894698264,0.5138402110530176
7020,35016.0,0.0,0.5623177868347398,0.43768221316526007
7021,35019.0,0.0,0.5480814429928687,0.45191855700713135
7022,35028.0,0.0,0.55442455737916,0.4455754426208403
7023,35041.0,1.0,0.4139182989677525,0.5860817010322474
7024,35044.0,0.0,0.6738678508375473,0.32613214916245276
7025,35051.0,0.0,0.5485906481164387,0.4514093518835613
7026,35052.0,1.0,0.3329007083981294,0.6670992916018708
7027,35058.0,0.0,0.5250570003722485,0.47494299962775144
7028,35062.0,1.0,0.4654825868294995,0.5345174131705006
7029,35071.0,1.0,0.377854812622019,0.6221451873779812
7030,35076.0,0.0,0.5883546595346828,0.411645340465317
7031,35078.0,1.0,0.39578882519848263,0.6042111748015174
7032,35080.0,0.0,0.6047225525296753,0.39527744747032484
7033,35084.0,1.0,0.4945554389928442,0.5054445610071557
7034,35092.0,0.0,0.5364357897361739,0.46356421026382594
7035,35100.0,0.0,0.5928653695606788,0.4071346304393213
7036,35101.0,1.0,0.4193760491343469,0.5806239508656532
7037,35102.0,0.0,0.5653541130741113,0.43464588692588885
7038,35110.0,0.0,0.536349702294163,0.4636502977058371
7039,35112.0,0.0,0.5539312369479328,0.44606876305206716
7040,35113.0,1.0,0.38825164443558785,0.6117483555644121
7041,35114.0,0.0,0.5784433618007,0.4215566381993
7042,35117.0,1.0,0.4323253308516064,0.5676746691483937
7043,35120.0,1.0,0.43266471860561373,0.5673352813943863
7044,35124.0,0.0,0.5058719053353194,0.4941280946646805
7045,35141.0,1.0,0.03396881912356276,0.9660311808764374
7046,35143.0,0.0,0.6430296054791895,0.3569703945208104
7047,35151.0,1.0,0.43161673051812904,0.568383269481871
7048,35154.0,1.0,0.43424960866034007,0.5657503913396599
7049,35155.0,0.0,0.6404704930222926,0.3595295069777072
7050,35157.0,0.0,0.5199652537868209,0.480034746213179
7051,35159.0,1.0,0.4578027018088274,0.5421972981911727
7052,35163.0,1.0,0.4074375318636112,0.5925624681363888
7053,35171.0,0.0,0.5327681724241093,0.4672318275758905
7054,35175.0,0.0,0.5749237542337423,0.42507624576625763
7055,35179.0,1.0,0.39189508022528885,0.6081049197747113
7056,35184.0,0.0,0.5305726423986318,0.4694273576013681
7057,35189.0,0.0,0.56494362985766,0.43505637014234
7058,35192.0,1.0,0.46968810907194647,0.5303118909280535
7059,35198.0,1.0,0.01296469489528169,0.9870353051047184
7060,35199.0,1.0,0.489300454797274,0.510699545202726
7061,35201.0,1.0,0.45529020098411055,0.5447097990158895
7062,35205.0,0.0,0.5707627695114155,0.42923723048858464
7063,35212.0,0.0,0.5056951478328089,0.4943048521671911
7064,35213.0,0.0,0.590511362308987,0.409488637691013
7065,35225.0,1.0,0.012708846453297873,0.9872911535467022
7066,35228.0,1.0,0.48823720675234455,0.5117627932476555
7067,35229.0,1.0,0.4098171782268305,0.5901828217731697
7068,35240.0,1.0,0.044980404193635,0.955019595806365
7069,35252.0,1.0,0.38712851334718246,0.6128714866528179
7070,35258.0,0.0,0.6342135735001313,0.3657864264998686
7071,35266.0,1.0,0.41531031973057153,0.5846896802694286
7072,35269.0,1.0,0.43433157877780454,0.5656684212221953
7073,35274.0,1.0,0.03416208974466674,0.9658379102553333
7074,35284.0,1.0,0.38481301118422223,0.6151869888157779
7075,35289.0,0.0,0.6622538534108885,0.33774614658911156
7076,35295.0,0.0,0.55677830126718,0.4432216987328199
7077,35313.0,1.0,0.4055459527642827,0.5944540472357173
7078,35314.0,1.0,0.09207855831641913,0.9079214416835808
7079,35315.0,0.0,0.608539336714043,0.3914606632859571
7080,35319.0,0.0,0.648538136859765,0.35146186314023503
7081,35323.0,0.0,0.5969588373955316,0.4030411626044684
7082,35327.0,0.0,0.5050700330746443,0.4949299669253557
7083,35334.0,1.0,0.46981318389641397,0.5301868161035862
7084,35337.0,0.0,0.5538039791662581,0.446196020833742
7085,35344.0,1.0,0.366323975809314,0.6336760241906864
7086,35345.0,0.0,0.5051048043880646,0.4948951956119354
7087,35351.0,0.0,0.5716524944797728,0.42834750552022727
7088,35356.0,0.0,0.5008329568048588,0.49916704319514127
7089,35361.0,1.0,0.3893211685472819,0.6106788314527184
7090,35364.0,0.0,0.5483623883126744,0.45163761168732564
7091,35365.0,1.0,0.4302514004535162,0.5697485995464838
7092,35366.0,1.0,0.44255158262660116,0.5574484173733988
7093,35369.0,1.0,0.4400788199896848,0.5599211800103152
7094,35379.0,1.0,0.4082236802882905,0.5917763197117096
7095,35380.0,0.0,0.5760676181149682,0.4239323818850319
7096,35383.0,0.0,0.5813183705101814,0.41868162948981846
7097,35392.0,0.0,0.6185884725828279,0.38141152741717227
7098,35397.0,0.0,0.578088166975596,0.42191183302440405
7099,35398.0,0.0,0.5462683082210271,0.45373169177897277
7100,35399.0,0.0,0.5119876580281667,0.4880123419718334
7101,35401.0,0.0,0.5380476044243102,0.46195239557568973
7102,35405.0,1.0,0.3578783435736247,0.6421216564263755
7103,35411.0,1.0,0.4759890520016706,0.5240109479983294
7104,35413.0,0.0,0.573498283958379,0.426501716041621
7105,35423.0,1.0,0.4618387143179744,0.5381612856820256
7106,35424.0,1.0,0.4442355799583253,0.5557644200416745
7107,35446.0,0.0,0.5555547799627965,0.4444452200372035
7108,35454.0,1.0,0.4811029720525673,0.5188970279474328
7109,35456.0,0.0,0.5114960636279148,0.4885039363720853
7110,35457.0,0.0,0.5094773467412783,0.4905226532587216
7111,35460.0,1.0,0.4060267922546483,0.5939732077453516
7112,35462.0,0.0,0.6465751637533265,0.3534248362466734
7113,35473.0,1.0,0.4499162290858961,0.5500837709141038
7114,35475.0,1.0,0.49776720304995437,0.5022327969500456
7115,35478.0,0.0,0.5166827626029843,0.48331723739701565
7116,35479.0,1.0,0.4901030024017814,0.5098969975982185
7117,35482.0,1.0,0.4385484519268917,0.5614515480731082
7118,35484.0,1.0,0.4787982718473285,0.5212017281526717
7119,35485.0,0.0,0.6272492723344054,0.3727507276655946
7120,35493.0,0.0,0.5396438870892727,0.4603561129107272
7121,35503.0,1.0,0.4993271953684603,0.5006728046315394
7122,35509.0,1.0,0.40336714325227824,0.5966328567477219
7123,35537.0,1.0,0.38214730857605916,0.617852691423941
7124,35540.0,0.0,0.5382026070238269,0.46179739297617295
7125,35543.0,1.0,0.04520666431869876,0.9547933356813013
7126,35549.0,1.0,0.42997244059498774,0.5700275594050123
7127,35554.0,1.0,0.38075420932307025,0.6192457906769299
7128,35560.0,1.0,0.3719338246518631,0.6280661753481369
7129,35564.0,1.0,0.40874982568591617,0.5912501743140838
7130,35567.0,1.0,0.4161718441345063,0.5838281558654939
7131,35570.0,1.0,0.4668909636506974,0.5331090363493026
7132,35577.0,0.0,0.5377176713668029,0.4622823286331971
7133,35578.0,1.0,0.4929957610203138,0.5070042389796862
7134,35584.0,1.0,0.023493478083542227,0.9765065219164576
7135,35590.0,1.0,0.4378556184183683,0.5621443815816318
7136,35595.0,1.0,0.37751856324287714,0.6224814367571233
7137,35602.0,1.0,0.4905884759615284,0.5094115240384716
7138,35605.0,0.0,0.5679073675164044,0.43209263248359564
7139,35608.0,1.0,0.4815616499130562,0.5184383500869438
7140,35609.0,0.0,0.5586055134898258,0.44139448651017416
7141,35613.0,1.0,0.48478830478856944,0.5152116952114307
7142,35617.0,1.0,0.48011000571094264,0.5198899942890575
7143,35621.0,1.0,0.49960809235377146,0.5003919076462287
7144,35622.0,1.0,0.38221010910994613,0.6177898908900541
7145,35624.0,0.0,0.5562439332377288,0.4437560667622709
7146,35640.0,1.0,0.4190970037724888,0.580902996227511
7147,35643.0,0.0,0.594157409872203,0.4058425901277969
7148,35655.0,0.0,0.502757855346238,0.49724214465376204
7149,35660.0,0.0,0.5280403723991307,0.4719596276008693
7150,35666.0,1.0,0.04925986909526088,0.950740130904739
7151,35675.0,1.0,0.438800965809167,0.5611990341908331
7152,35677.0,0.0,0.5375372475295457,0.4624627524704543
7153,35686.0,0.0,0.5669929766689706,0.4330070233310295
7154,35694.0,0.0,0.5992142125496391,0.4007857874503609
7155,35710.0,1.0,0.4677534350621896,0.5322465649378103
7156,35712.0,0.0,0.647582747107636,0.3524172528923639
7157,35716.0,0.0,0.5708219885678251,0.42917801143217493
7158,35725.0,0.0,0.5462167431738624,0.4537832568261375
7159,35728.0,0.0,0.5164234745699207,0.4835765254300793
7160,35740.0,1.0,0.3661235754963452,0.6338764245036548
7161,35753.0,0.0,0.5243846212450269,0.475615378754973
7162,35756.0,0.0,0.5607274751317282,0.4392725248682718
7163,35757.0,1.0,0.044825245450736205,0.9551747545492639
7164,35763.0,1.0,0.45671905099127913,0.5432809490087209
7165,35766.0,0.0,0.5177085744263377,0.4822914255736622
7166,35768.0,1.0,0.49941850401677435,0.5005814959832255
7167,35772.0,0.0,0.6784369735403156,0.3215630264596843
7168,35774.0,0.0,0.5625178872332917,0.43748211276670845
7169,35775.0,0.0,0.6117710381355471,0.3882289618644531
7170,35778.0,1.0,0.44733377502490823,0.5526662249750919
7171,35779.0,1.0,0.3796892115239383,0.6203107884760617
7172,35796.0,0.0,0.5263154856202601,0.47368451437973996
7173,35800.0,1.0,0.38376204174757783,0.6162379582524223
7174,35802.0,0.0,0.6786216249974436,0.32137837500255656
7175,35818.0,0.0,0.5277980719228705,0.4722019280771294
7176,35819.0,0.0,0.5344525514039756,0.4655474485960244
7177,35836.0,1.0,0.4088319446130104,0.5911680553869896
7178,35840.0,1.0,0.4076720073859482,0.592327992614052
7179,35853.0,1.0,0.43489943562894573,0.565100564371054
7180,35854.0,1.0,0.019873103483804878,0.9801268965161951
7181,35860.0,0.0,0.5454020805778513,0.4545979194221485
7182,35864.0,1.0,0.49992354080817675,0.5000764591918231
7183,35866.0,0.0,0.613863968256453,0.38613603174354677
7184,35882.0,0.0,0.5041947372898302,0.4958052627101697
7185,35887.0,1.0,0.49729044045730914,0.5027095595426909
7186,35889.0,0.0,0.662017629297376,0.3379823707026238
7187,35890.0,1.0,0.4652815854029462,0.5347184145970538
7188,35892.0,1.0,0.3898357743356349,0.610164225664365
7189,35898.0,1.0,0.4081882618090076,0.5918117381909924
7190,35917.0,1.0,0.4776046741502845,0.5223953258497154
7191,35937.0,1.0,0.3886292428371486,0.6113707571628513
7192,35943.0,0.0,0.5556848979202704,0.4443151020797297
7193,35951.0,1.0,0.4649774093205126,0.5350225906794875
7194,35953.0,1.0,0.43423223207226647,0.5657677679277336
7195,35957.0,0.0,0.5504040970574338,0.44959590294256635
7196,35963.0,1.0,0.3909412260858856,0.6090587739141147
7197,35968.0,0.0,0.5566216679891801,0.44337833201081994
7198,35973.0,0.0,0.6118186460176445,0.3881813539823555
7199,35975.0,1.0,0.4144139069365344,0.5855860930634657
7200,35983.0,1.0,0.35113342856258134,0.6488665714374189
7201,35994.0,1.0,0.34475665115600684,0.6552433488439934
7202,35995.0,0.0,0.524202797589276,0.47579720241072393
7203,35996.0,0.0,0.6046712864972237,0.3953287135027764
7204,35997.0,0.0,0.6408507452818987,0.3591492547181014
7205,36011.0,1.0,0.4517052372242933,0.5482947627757069
7206,36018.0,1.0,0.3953716141319689,0.6046283858680311
7207,36019.0,1.0,0.3061245316620808,0.6938754683379191
7208,36026.0,0.0,0.5373228186056488,0.46267718139435116
7209,36049.0,1.0,0.4049943211939727,0.5950056788060273
7210,36061.0,0.0,0.5683448829856387,0.4316551170143614
7211,36064.0,0.0,0.5575799009642932,0.4424200990357068
7212,36071.0,1.0,0.4416945722653176,0.5583054277346823
7213,36073.0,0.0,0.5003876832917964,0.49961231670820344
7214,36075.0,1.0,0.38852546039160485,0.6114745396083953
7215,36085.0,0.0,0.626061880295378,0.37393811970462193
7216,36087.0,0.0,0.5447840733350282,0.4552159266649718
7217,36088.0,0.0,0.5515091534920433,0.4484908465079566
7218,36089.0,1.0,0.49722386664535023,0.5027761333546498
7219,36090.0,1.0,0.4442190228415023,0.555780977158498
7220,36100.0,0.0,0.5958222441592708,0.4041777558407292
7221,36101.0,0.0,0.6177124610569984,0.38228753894300177
7222,36103.0,0.0,0.5000065757542478,0.49999342424575216
7223,36106.0,1.0,0.46293419374795985,0.5370658062520401
7224,36125.0,0.0,0.502935115145565,0.497064884854435
7225,36126.0,0.0,0.5814607106397983,0.4185392893602017
7226,36133.0,1.0,0.04575497794876094,0.9542450220512392
7227,36142.0,0.0,0.5514316706883944,0.44856832931160545
7228,36157.0,0.0,0.6705292843791547,0.3294707156208452
7229,36159.0,1.0,0.4376596853806191,0.5623403146193809
7230,36160.0,1.0,0.49378959123937444,0.5062104087606256
7231,36163.0,0.0,0.5195902434136775,0.4804097565863224
7232,36183.0,1.0,0.4646911014266091,0.535308898573391
7233,36184.0,1.0,0.4316251573955612,0.5683748426044388
7234,36196.0,0.0,0.5368241139378582,0.4631758860621419
7235,36201.0,1.0,0.48520480362762003,0.51479519637238
7236,36218.0,0.0,0.5204142513771969,0.479585748622803
7237,36220.0,1.0,0.3979175359799807,0.6020824640200196
7238,36221.0,0.0,0.5579143636882042,0.44208563631179587
7239,36224.0,1.0,0.3866063944863968,0.6133936055136034
7240,36225.0,1.0,0.3767958639891391,0.623204136010861
7241,36242.0,1.0,0.41904926353090066,0.5809507364690994
7242,36252.0,1.0,0.45171511657445973,0.54828488342554
7243,36263.0,0.0,0.5946786084706092,0.40532139152939073
7244,36265.0,0.0,0.5289802194364538,0.47101978056354626
7245,36270.0,1.0,0.49099652684260947,0.5090034731573906
7246,36276.0,0.0,0.5554799079577846,0.4445200920422155
7247,36283.0,0.0,0.5077775933938053,0.49222240660619465
7248,36291.0,0.0,0.5445320385828789,0.4554679614171209
7249,36299.0,1.0,0.45685409596891235,0.5431459040310876
7250,36301.0,1.0,0.40460643983673455,0.5953935601632654
7251,36307.0,0.0,0.5450075341244909,0.45499246587550907
7252,36311.0,0.0,0.6539929831925113,0.34600701680748863
7253,36317.0,1.0,0.45589371789006244,0.5441062821099377
7254,36324.0,1.0,0.3880125537275022,0.6119874462724979
7255,36329.0,1.0,0.4787474587727274,0.5212525412272727
7256,36334.0,1.0,0.3782530054038476,0.6217469945961528
7257,36343.0,0.0,0.5012518281599722,0.49874817184002773
7258,36350.0,0.0,0.6894949346988071,0.31050506530119293
7259,36357.0,1.0,0.4145348458669978,0.5854651541330023
7260,36362.0,0.0,0.5371856331283384,0.4628143668716616
7261,36366.0,0.0,0.5156210273116916,0.4843789726883084
7262,36373.0,0.0,0.5493048013221414,0.45069519867785857
7263,36376.0,0.0,0.6118762488256082,0.38812375117439174
7264,36381.0,1.0,0.46500276768421756,0.5349972323157826
7265,36384.0,1.0,0.47090470219307945,0.5290952978069206
7266,36385.0,0.0,0.5456111746800394,0.45438882531996055
7267,36387.0,0.0,0.5203010846372775,0.47969891536272236
7268,36388.0,1.0,0.47579396178187644,0.5242060382181235
7269,36392.0,1.0,0.45699847787406045,0.5430015221259396
7270,36393.0,0.0,0.5496567504144736,0.4503432495855265
7271,36395.0,1.0,0.41995635538337345,0.5800436446166265
7272,36398.0,1.0,0.41424171962887,0.5857582803711303
7273,36403.0,1.0,0.40237543765323475,0.5976245623467653
7274,36404.0,0.0,0.5715340470070557,0.4284659529929444
7275,36412.0,0.0,0.6055522715409856,0.3944477284590144
7276,36424.0,1.0,0.383936460306502,0.6160635396934979
7277,36425.0,1.0,0.3878939831600674,0.6121060168399329
7278,36429.0,0.0,0.6099084173905398,0.3900915826094603
7279,36436.0,0.0,0.5153746473434421,0.4846253526565579
7280,36446.0,0.0,0.5064064110015962,0.4935935889984037
7281,36447.0,1.0,0.021868609067178614,0.9781313909328214
7282,36448.0,1.0,0.4059110108553397,0.5940889891446606
7283,36454.0,0.0,0.6210577594089414,0.37894224059105874
7284,36471.0,0.0,0.5013075722835199,0.4986924277164802
7285,36476.0,1.0,0.39269241257859716,0.6073075874214029
7286,36484.0,0.0,0.5695247730125039,0.43047522698749596
7287,36487.0,1.0,0.40067649133238353,0.5993235086676165
7288,36493.0,1.0,0.3676071414634742,0.6323928585365259
7289,36497.0,0.0,0.5188160939691009,0.48118390603089906
7290,36499.0,1.0,0.48968972647406217,0.5103102735259379
7291,36501.0,0.0,0.5348889952856521,0.46511100471434774
7292,36502.0,1.0,0.42705790354413026,0.5729420964558697
7293,36514.0,1.0,0.39018430608748,0.60981569391252
7294,36526.0,0.0,0.6377247989408267,0.36227520105917344
7295,36528.0,0.0,0.5167647391239758,0.4832352608760243
7296,36532.0,1.0,0.36047597578590634,0.6395240242140939
7297,36534.0,1.0,0.4308660072383949,0.5691339927616054
7298,36536.0,1.0,0.36783761625972594,0.6321623837402744
7299,36538.0,0.0,0.5790206652972215,0.42097933470277854
7300,36539.0,1.0,0.4525176280874973,0.547482371912503
7301,36543.0,0.0,0.5971319215229681,0.4028680784770318
7302,36550.0,0.0,0.5879809561029454,0.41201904389705485
7303,36556.0,1.0,0.41974036210754845,0.5802596378924517
7304,36564.0,0.0,0.5222171996192091,0.4777828003807908
7305,36567.0,1.0,0.4417398973388963,0.5582601026611037
7306,36576.0,0.0,0.5035028466338676,0.4964971533661324
7307,36579.0,0.0,0.5910191387466289,0.40898086125337124
7308,36585.0,1.0,0.4666998191205577,0.5333001808794423
7309,36593.0,1.0,0.4179909038948624,0.5820090961051378
7310,36596.0,1.0,0.4526317380619298,0.5473682619380703
7311,36598.0,0.0,0.5220388079840272,0.4779611920159727
7312,36604.0,1.0,0.38789794338377276,0.6121020566162274
7313,36606.0,0.0,0.5459945419245492,0.4540054580754508
7314,36608.0,0.0,0.5687597314615175,0.43124026853848235
7315,36613.0,1.0,0.41405806376065035,0.5859419362393496
7316,36619.0,1.0,0.3898083163010082,0.610191683698992
7317,36623.0,1.0,0.45174330233627175,0.5482566976637283
7318,36626.0,1.0,0.43187536500842166,0.5681246349915786
7319,36628.0,0.0,0.5495612279402957,0.4504387720597042
7320,36636.0,1.0,0.38093713454038464,0.6190628654596155
7321,36639.0,1.0,0.3902443243618622,0.6097556756381379
7322,36641.0,1.0,0.04528868102177728,0.9547113189782226
7323,36645.0,1.0,0.4667877639572663,0.5332122360427338
7324,36653.0,0.0,0.5857638737096899,0.41423612629031
7325,36659.0,0.0,0.5242445087439138,0.4757554912560861
7326,36676.0,1.0,0.41116525516672076,0.5888347448332795
7327,36678.0,0.0,0.6506175087246291,0.34938249127537097
7328,36679.0,1.0,0.4167757239326685,0.5832242760673316
7329,36688.0,0.0,0.6801593359608824,0.31984066403911754
7330,36692.0,1.0,0.4090846975324937,0.5909153024675063
7331,36696.0,1.0,0.4139772234344463,0.5860227765655537
7332,36704.0,0.0,0.5178543124229583,0.48214568757704135
7333,36709.0,1.0,0.4607341143785282,0.5392658856214719
7334,36723.0,0.0,0.6479506447564641,0.3520493552435358
7335,36724.0,1.0,0.39621454346402424,0.6037854565359758
7336,36728.0,1.0,0.3743707840607236,0.6256292159392766
7337,36729.0,0.0,0.6136018005699807,0.3863981994300194
7338,36733.0,0.0,0.5143724288917578,0.485627571108242
7339,36736.0,1.0,0.4854195894404903,0.5145804105595096
7340,36739.0,0.0,0.5979927232211869,0.40200727677881326
7341,36751.0,0.0,0.5319519111244808,0.468048088875519
7342,36758.0,1.0,0.49274176750028964,0.5072582324997105
7343,36759.0,1.0,0.40963691399796365,0.5903630860020362
7344,36771.0,1.0,0.01563778269293126,0.9843622173070687
7345,36780.0,0.0,0.5160899594443114,0.48391004055568865
7346,36785.0,1.0,0.48049108552171726,0.5195089144782827
7347,36790.0,1.0,0.45696614557201143,0.5430338544279886
7348,36794.0,1.0,0.48086226954864064,0.5191377304513594
7349,36798.0,1.0,0.44644351076794975,0.5535564892320503
7350,36800.0,1.0,0.39220008962880226,0.6077999103711977
7351,36806.0,1.0,0.468886132488747,0.531113867511253
7352,36811.0,1.0,0.3797720829346286,0.6202279170653716
7353,36817.0,1.0,0.3664838049501649,0.6335161950498354
7354,36827.0,0.0,0.5515298140662034,0.44847018593379645
7355,36836.0,1.0,0.4794644393480975,0.5205355606519024
7356,36842.0,0.0,0.5588609149130617,0.4411390850869384
7357,36843.0,1.0,0.40315189864008927,0.5968481013599107
7358,36853.0,0.0,0.5268844652197483,0.47311553478025176
7359,36854.0,1.0,0.37709461624769397,0.6229053837523062
7360,36856.0,1.0,0.3902945522127629,0.6097054477872372
7361,36866.0,0.0,0.5933912644168856,0.4066087355831144
7362,36874.0,0.0,0.5262247545604073,0.47377524543959276
7363,36883.0,0.0,0.5312684506509376,0.4687315493490622
7364,36887.0,1.0,0.37758053390465784,0.6224194660953423
7365,36888.0,0.0,0.6054789424003433,0.3945210575996566
7366,36894.0,0.0,0.5816057271035713,0.41839427289642855
7367,36895.0,0.0,0.5256135686476879,0.47438643135231195
7368,36898.0,1.0,0.37933712231778693,0.6206628776822134
7369,36908.0,1.0,0.4532033528915463,0.5467966471084537
7370,36909.0,0.0,0.5554385530131695,0.44456144698683064
7371,36912.0,1.0,0.38200407650469775,0.6179959234953023
7372,36921.0,1.0,0.397623383507701,0.602376616492299
7373,36924.0,1.0,0.4222635632159713,0.5777364367840288
7374,36928.0,0.0,0.5859510444056639,0.4140489555943361
7375,36934.0,1.0,0.44467409873868813,0.555325901261312
7376,36940.0,0.0,0.5868634269078336,0.41313657309216645
7377,36946.0,1.0,0.4578851809237336,0.5421148190762664
7378,36947.0,0.0,0.5900267965085353,0.40997320349146493
7379,36949.0,0.0,0.5312506724944402,0.46874932750555975
7380,36953.0,1.0,0.05885181305245703,0.9411481869475431
7381,36965.0,1.0,0.4143131637340872,0.5856868362659127
7382,36966.0,0.0,0.5106989893307176,0.4893010106692825
7383,36974.0,0.0,0.5208535387516419,0.479146461248358
7384,36977.0,1.0,0.44709926654837057,0.5529007334516294
7385,37001.0,1.0,0.4825157849650473,0.5174842150349526
7386,37003.0,0.0,0.7221833796880116,0.27781662031198817
7387,37006.0,1.0,0.36424349143318635,0.6357565085668139
7388,37010.0,0.0,0.6320853074676556,0.3679146925323443
7389,37039.0,0.0,0.5500822490499833,0.44991775095001685
7390,37048.0,1.0,0.47621252094323163,0.5237874790567684
7391,37050.0,1.0,0.40287370158730007,0.5971262984126999
7392,37067.0,0.0,0.5278113688922008,0.4721886311077992
7393,37076.0,1.0,0.38174615244401666,0.6182538475559834
7394,37077.0,1.0,0.44951585174166536,0.5504841482583345
7395,37079.0,1.0,0.437311100772563,0.562688899227437
7396,37084.0,0.0,0.5527792297745286,0.44722077022547135
7397,37085.0,1.0,0.458192117668035,0.5418078823319648
7398,37096.0,0.0,0.6074451467811239,0.3925548532188759
7399,37105.0,0.0,0.5138691232931556,0.4861308767068444
7400,37110.0,0.0,0.55496001980095,0.4450399801990498
7401,37112.0,1.0,0.4412689268166414,0.5587310731833586
7402,37114.0,1.0,0.412957482300976,0.5870425176990239
7403,37115.0,0.0,0.5686647974664106,0.4313352025335895
7404,37126.0,0.0,0.5411189055944544,0.45888109440554553
7405,37127.0,0.0,0.5048914742182926,0.4951085257817074
7406,37129.0,0.0,0.5466949650593567,0.45330503494064345
7407,37131.0,1.0,0.40961951705157884,0.5903804829484212
7408,37135.0,0.0,0.5208073067429462,0.47919269325705366
7409,37137.0,1.0,0.3914947472350304,0.6085052527649696
7410,37138.0,0.0,0.5998556582359733,0.4001443417640267
7411,37140.0,0.0,0.572750348400596,0.4272496515994038
7412,37141.0,0.0,0.6281683014443467,0.37183169855565323
7413,37152.0,1.0,0.40609624878090167,0.5939037512190986
7414,37153.0,1.0,0.40772779526728004,0.59227220473272
7415,37155.0,0.0,0.5024165592618653,0.4975834407381346
7416,37173.0,1.0,0.4772498550382285,0.5227501449617714
7417,37174.0,1.0,0.49174802121836536,0.5082519787816345
7418,37177.0,0.0,0.5613422489495533,0.4386577510504466
7419,37181.0,0.0,0.5451444445206994,0.45485555547930046
7420,37228.0,1.0,0.036096588007124036,0.9639034119928759
7421,37229.0,0.0,0.5619744364320955,0.4380255635679044
7422,37234.0,1.0,0.3977765667807764,0.6022234332192238
7423,37246.0,0.0,0.5732874305302696,0.42671256946973024
7424,37250.0,0.0,0.5713829828592444,0.42861701714075556
7425,37255.0,1.0,0.4728531448604745,0.5271468551395256
7426,37258.0,0.0,0.5369119084048873,0.4630880915951126
7427,37260.0,0.0,0.5273449883833123,0.4726550116166876
7428,37262.0,1.0,0.49071434450400625,0.5092856554959936
7429,37267.0,0.0,0.5800794932921218,0.41992050670787817
7430,37271.0,0.0,0.5233575497205794,0.4766424502794206
7431,37272.0,1.0,0.3926537746502899,0.6073462253497103
7432,37273.0,1.0,0.4989112945949149,0.501088705405085
7433,37274.0,0.0,0.5285823454718476,0.4714176545281525
7434,37280.0,1.0,0.37378057743405035,0.6262194225659501
7435,37293.0,1.0,0.3903084349430512,0.609691565056949
7436,37294.0,1.0,0.4145572687329444,0.5854427312670558
7437,37296.0,0.0,0.5594072823873768,0.4405927176126233
7438,37300.0,1.0,0.4868382797708658,0.5131617202291341
7439,37309.0,1.0,0.4938626210370989,0.506137378962901
7440,37328.0,1.0,0.4567238981758673,0.543276101824133
7441,37332.0,1.0,0.38984975831972624,0.6101502416802738
7442,37340.0,1.0,0.4418192779479267,0.5581807220520734
7443,37343.0,1.0,0.3832746743794908,0.6167253256205094
7444,37344.0,0.0,0.5155119002112449,0.484488099788755
7445,37348.0,0.0,0.59752627572315,0.40247372427685
7446,37359.0,0.0,0.6101594282422238,0.38984057175777637
7447,37367.0,0.0,0.5788784644724616,0.42112153552753845
7448,37385.0,1.0,0.43638372822251886,0.5636162717774813
7449,37387.0,1.0,0.3974952660268295,0.6025047339731705
7450,37392.0,1.0,0.3355335168436288,0.6644664831563712
7451,37395.0,1.0,0.3971771225555269,0.6028228774444733
7452,37400.0,1.0,0.3889290905480683,0.6110709094519318
7453,37403.0,0.0,0.5614539553584402,0.43854604464155966
7454,37414.0,1.0,0.41259094239068406,0.5874090576093159
7455,37419.0,0.0,0.6460365535964167,0.35396344640358335
7456,37420.0,1.0,0.4324703441490608,0.5675296558509392
7457,37421.0,1.0,0.47537477138835627,0.5246252286116437
7458,37424.0,0.0,0.5468626112083339,0.4531373887916661
7459,37427.0,0.0,0.6477271174049364,0.3522728825950638
7460,37429.0,1.0,0.4641981427757385,0.5358018572242614
7461,37433.0,1.0,0.3973982420805661,0.6026017579194338
7462,37436.0,1.0,0.41084858313552625,0.5891514168644739
7463,37439.0,1.0,0.4169687462304518,0.5830312537695483
7464,37444.0,1.0,0.48837381276168945,0.5116261872383105
7465,37458.0,1.0,0.40630373282193877,0.593696267178061
7466,37460.0,1.0,0.4751118697853763,0.5248881302146239
7467,37473.0,1.0,0.03485457407075277,0.9651454259292475
7468,37474.0,1.0,0.41767658895386023,0.5823234110461398
7469,37475.0,1.0,0.440106570805601,0.5598934291943991
7470,37485.0,1.0,0.4413610844081867,0.5586389155918133
7471,37486.0,0.0,0.533451975001041,0.4665480249989589
7472,37490.0,0.0,0.5664236402889746,0.4335763597110251
7473,37494.0,0.0,0.5015768320004894,0.49842316799951064
7474,37495.0,1.0,0.4507070030294915,0.5492929969705085
7475,37499.0,0.0,0.5958534013840384,0.40414659861596147
7476,37501.0,1.0,0.439117825299319,0.5608821747006811
7477,37505.0,0.0,0.52126361808009,0.4787363819199101
7478,37514.0,1.0,0.07750622429471077,0.9224937757052893
7479,37527.0,1.0,0.4819324233689231,0.5180675766310769
7480,37529.0,1.0,0.025142746727916457,0.9748572532720834
7481,37543.0,0.0,0.5608959148163902,0.4391040851836099
7482,37552.0,1.0,0.38175881771792997,0.6182411822820701
7483,37556.0,1.0,0.4710599459900916,0.5289400540099084
7484,37560.0,1.0,0.3982944925582202,0.6017055074417802
7485,37568.0,1.0,0.40697230606401985,0.5930276939359803
7486,37569.0,1.0,0.4491617550265615,0.5508382449734385
7487,37577.0,1.0,0.3541390382579359,0.6458609617420641
7488,37579.0,1.0,0.4201378187341041,0.5798621812658961
7489,37591.0,0.0,0.5325538530056286,0.46744614699437137
7490,37592.0,0.0,0.5478275103471332,0.45217248965286666
7491,37596.0,1.0,0.46731825327317855,0.5326817467268213
7492,37607.0,1.0,0.054562063131108986,0.945437936868891
7493,37611.0,0.0,0.5316138473942692,0.4683861526057307
7494,37612.0,1.0,0.45924732905207805,0.5407526709479219
7495,37615.0,1.0,0.4156123617544625,0.5843876382455376
7496,37625.0,1.0,0.054536032571677835,0.9454639674283222
7497,37627.0,0.0,0.5053759581350444,0.4946240418649556
7498,37632.0,0.0,0.65524377903649,0.34475622096351016
7499,37633.0,1.0,0.3811550106202927,0.6188449893797074
7500,37638.0,1.0,0.46814546770817406,0.5318545322918258
7501,37654.0,1.0,0.4891503306752669,0.5108496693247331
7502,37658.0,1.0,0.4102247286917375,0.5897752713082626
7503,37659.0,1.0,0.3868068469988701,0.6131931530011301
7504,37671.0,1.0,0.3875044356426164,0.6124955643573837
7505,37673.0,0.0,0.6415959284338196,0.35840407156618037
7506,37677.0,0.0,0.6273645839624321,0.37263541603756783
7507,37682.0,1.0,0.36891009635072464,0.6310899036492755
7508,37692.0,1.0,0.43796828590779424,0.5620317140922056
7509,37694.0,1.0,0.03945519547267074,0.9605448045273292
7510,37695.0,0.0,0.5791936022693146,0.42080639773068557
7511,37704.0,0.0,0.5325730923576129,0.46742690764238715
7512,37709.0,0.0,0.6490543539180215,0.350945646081979
7513,37710.0,0.0,0.5205660468191077,0.4794339531808922
7514,37711.0,0.0,0.5118287619030522,0.48817123809694785
7515,37713.0,0.0,0.5120894201400162,0.4879105798599837
7516,37718.0,1.0,0.023212649394528207,0.9767873506054718
7517,37723.0,1.0,0.08899031444016373,0.9110096855598364
7518,37726.0,1.0,0.45529251446995644,0.5447074855300436
7519,37728.0,1.0,0.40202663725967425,0.5979733627403256
7520,37730.0,1.0,0.41024578214732194,0.5897542178526781
7521,37742.0,1.0,0.48412677447389185,0.515873225526108
7522,37748.0,1.0,0.4891515406320621,0.5108484593679379
7523,37751.0,0.0,0.5139678826520439,0.48603211734795615
7524,37758.0,1.0,0.04188958009759146,0.9581104199024084
7525,37766.0,1.0,0.4847945577168879,0.5152054422831122
7526,37773.0,1.0,0.40536482016866776,0.5946351798313324
7527,37776.0,1.0,0.4808274768477435,0.5191725231522565
7528,37780.0,1.0,0.46635183934291796,0.5336481606570821
7529,37782.0,0.0,0.6061645439540485,0.3938354560459516
7530,37784.0,1.0,0.41367826360436216,0.5863217363956377
7531,37796.0,1.0,0.37197576964467716,0.6280242303553228
7532,37797.0,0.0,0.525135796703346,0.4748642032966539
7533,37799.0,1.0,0.49279966020654387,0.5072003397934561
7534,37801.0,0.0,0.6222493446102955,0.37775065538970454
7535,37808.0,1.0,0.04809914119576035,0.9519008588042397
7536,37814.0,0.0,0.5509562677989592,0.44904373220104077
7537,37831.0,0.0,0.5208262150078836,0.4791737849921164
7538,37835.0,0.0,0.5289296544165275,0.47107034558347244
7539,37836.0,1.0,0.44497689759198017,0.55502310240802
7540,37853.0,1.0,0.47422738064228204,0.5257726193577177
7541,37858.0,1.0,0.4785427053317212,0.521457294668279
7542,37860.0,0.0,0.6335990531215845,0.36640094687841507
7543,37862.0,0.0,0.5167308829784318,0.48326911702156816
7544,37864.0,1.0,0.35814125515350426,0.6418587448464957
7545,37866.0,1.0,0.4813212886639711,0.5186787113360288
7546,37870.0,1.0,0.044622783545174995,0.9553772164548251
7547,37871.0,0.0,0.5483756241230608,0.451624375876939
7548,37876.0,1.0,0.4713072903721182,0.5286927096278817
7549,37878.0,1.0,0.041951758042227366,0.9580482419577727
7550,37883.0,0.0,0.5229253693941661,0.47707463060583394
7551,37887.0,1.0,0.48547348167658977,0.5145265183234102
7552,37889.0,0.0,0.5094730907680058,0.49052690923199427
7553,37892.0,0.0,0.5599403599910919,0.4400596400089082
7554,37898.0,1.0,0.051936528638530405,0.9480634713614697
7555,37904.0,0.0,0.6769003795584316,0.32309962044156815
7556,37907.0,1.0,0.4916426718700373,0.5083573281299628
7557,37912.0,1.0,0.38812724723115927,0.611872752768841
7558,37914.0,1.0,0.42018297443873187,0.5798170255612681
7559,37920.0,1.0,0.4031279904012108,0.5968720095987894
7560,37924.0,0.0,0.5610608808305639,0.43893911916943595
7561,37925.0,0.0,0.5275464540495501,0.47245354595044986
7562,37930.0,0.0,0.5027587660008602,0.4972412339991398
7563,37932.0,1.0,0.45091678236243615,0.549083217637564
7564,37936.0,0.0,0.5095696364986417,0.49043036350135827
7565,37938.0,1.0,0.3969717126582956,0.6030282873417044
7566,37940.0,1.0,0.43248902594828276,0.5675109740517172
7567,37942.0,1.0,0.06206070368876073,0.9379392963112392
7568,37961.0,0.0,0.5142851688283714,0.48571483117162856
7569,37967.0,0.0,0.5561239065669324,0.44387609343306755
7570,37969.0,0.0,0.5014064812475609,0.49859351875243924
7571,37979.0,1.0,0.48408386263639586,0.5159161373636042
7572,37980.0,1.0,0.41784885536653066,0.5821511446334696
7573,37988.0,1.0,0.41441721170056156,0.5855827882994384
7574,37997.0,1.0,0.4729691159744732,0.5270308840255268
7575,38000.0,1.0,0.479709997967171,0.5202900020328289
7576,38005.0,1.0,0.054329704268991905,0.9456702957310078
7577,38007.0,1.0,0.03036077719928003,0.96963922280072
7578,38008.0,1.0,0.4888727931684766,0.5111272068315234
7579,38013.0,1.0,0.39571497253395216,0.6042850274660477
7580,38019.0,0.0,0.5972616602892783,0.40273833971072187
7581,38022.0,1.0,0.4154378940957122,0.5845621059042879
7582,38030.0,1.0,0.4692437219705053,0.5307562780294948
7583,38035.0,0.0,0.5588732433626395,0.4411267566373604
7584,38038.0,0.0,0.622498644035331,0.3775013559646686
7585,38039.0,1.0,0.4905674455117007,0.5094325544882993
7586,38041.0,0.0,0.5186404956706467,0.48135950432935315
7587,38043.0,1.0,0.36851689955809425,0.631483100441906
7588,38054.0,0.0,0.5074978104211632,0.49250218957883685
7589,38058.0,1.0,0.4013639054643723,0.5986360945356278
7590,38061.0,1.0,0.38790574881799134,0.6120942511820087
7591,38070.0,1.0,0.39465496830953384,0.6053450316904663
7592,38074.0,0.0,0.5460704755527236,0.45392952444727624
7593,38076.0,1.0,0.4823383049527342,0.5176616950472659
7594,38080.0,1.0,0.35202144039677336,0.6479785596032268
7595,38091.0,1.0,0.42144626182709893,0.5785537381729011
7596,38092.0,0.0,0.5646817714685354,0.4353182285314648
7597,38100.0,1.0,0.4169886546432506,0.5830113453567494
7598,38101.0,1.0,0.3530143781060952,0.6469856218939048
7599,38115.0,1.0,0.38854968815936275,0.6114503118406374
7600,38116.0,1.0,0.4923483054386264,0.5076516945613736
7601,38118.0,1.0,0.4464960244140936,0.5535039755859066
7602,38124.0,1.0,0.4549605131638559,0.5450394868361442
7603,38125.0,0.0,0.6088445165916003,0.3911554834083998
7604,38129.0,1.0,0.3728033327400469,0.6271966672599533
7605,38130.0,1.0,0.4946116078174059,0.505388392182594
7606,38132.0,0.0,0.6196495334247766,0.3803504665752234
7607,38138.0,0.0,0.5140517903218585,0.48594820967814134
7608,38147.0,1.0,0.49253679862872873,0.5074632013712713
7609,38157.0,0.0,0.6715062021361797,0.3284937978638199
7610,38159.0,1.0,0.4373745461445114,0.5626254538554887
7611,38166.0,1.0,0.4761340120360483,0.5238659879639518
7612,38169.0,0.0,0.6524675203313735,0.34753247966862655
7613,38171.0,1.0,0.40932483197010144,0.5906751680298985
7614,38172.0,0.0,0.5657279202494587,0.4342720797505414
7615,38174.0,1.0,0.03215259360734288,0.9678474063926571
7616,38176.0,0.0,0.5478769357668395,0.4521230642331605
7617,38181.0,1.0,0.41723986380799927,0.5827601361920008
7618,38183.0,0.0,0.5076210091109735,0.4923789908890264
7619,38184.0,1.0,0.39636482832523284,0.6036351716747673
7620,38186.0,0.0,0.6098598275145632,0.390140172485437
7621,38194.0,1.0,0.4318061508785722,0.568193849121428
7622,38199.0,1.0,0.4612243575037459,0.538775642496254
7623,38208.0,1.0,0.46679228248355015,0.5332077175164498
7624,38210.0,0.0,0.5800720198142129,0.4199279801857873
7625,38211.0,1.0,0.47318542347506987,0.5268145765249299
7626,38212.0,1.0,0.41048777196810177,0.5895122280318982
7627,38214.0,1.0,0.4620141788442707,0.5379858211557292
7628,38219.0,1.0,0.42709602201964075,0.5729039779803592
7629,38221.0,1.0,0.39924333121506317,0.600756668784937
7630,38223.0,0.0,0.5393349451765116,0.46066505482348824
7631,38230.0,0.0,0.5624317388146318,0.43756826118536807
7632,38241.0,1.0,0.014748952475302217,0.9852510475246977
7633,38244.0,1.0,0.37658327654447793,0.6234167234555222
7634,38258.0,1.0,0.3690773641204824,0.6309226358795178
7635,38260.0,1.0,0.3815390502152173,0.6184609497847829
7636,38262.0,1.0,0.48984278522212565,0.5101572147778743
7637,38263.0,0.0,0.5739874449194721,0.42601255508052793
7638,38265.0,0.0,0.5740050666680357,0.42599493333196425
7639,38268.0,0.0,0.520131815809375,0.479868184190625
7640,38269.0,1.0,0.438001820715,0.5619981792850001
7641,38273.0,0.0,0.5311896613986287,0.46881033860137145
7642,38283.0,0.0,0.5153572392297038,0.4846427607702962
7643,38286.0,1.0,0.050185981264372785,0.9498140187356272
7644,38288.0,1.0,0.42901492919623857,0.5709850708037615
7645,38292.0,0.0,0.6238869736235064,0.37611302637649346
7646,38295.0,0.0,0.5466978833205939,0.453302116679406
7647,38300.0,0.0,0.5585760880203339,0.44142391197966596
7648,38304.0,1.0,0.4488365486458024,0.5511634513541973
7649,38314.0,0.0,0.595346131949899,0.4046538680501008
7650,38317.0,0.0,0.5357883491500783,0.4642116508499216
7651,38325.0,1.0,0.45410589115304667,0.5458941088469534
7652,38349.0,0.0,0.5225995510507415,0.4774004489492584
7653,38358.0,1.0,0.46888449938244015,0.5311155006175597
7654,38360.0,1.0,0.4017386031948466,0.5982613968051537
7655,38361.0,0.0,0.5489862385086611,0.4510137614913388
7656,38371.0,0.0,0.5950941693111065,0.4049058306888936
7657,38372.0,1.0,0.38041491595120536,0.6195850840487949
7658,38377.0,1.0,0.4397895790732156,0.5602104209267843
7659,38379.0,0.0,0.5375103233472293,0.46248967665277085
7660,38391.0,0.0,0.5640109176473554,0.4359890823526446
7661,38393.0,0.0,0.6521527425606988,0.3478472574393011
7662,38398.0,1.0,0.41755455239507866,0.5824454476049215
7663,38401.0,0.0,0.523278225287858,0.476721774712142
7664,38404.0,1.0,0.4903328722571918,0.5096671277428081
7665,38405.0,1.0,0.4524375120437954,0.5475624879562047
7666,38414.0,1.0,0.46399566309793683,0.5360043369020633
7667,38419.0,0.0,0.5487944853689528,0.451205514631047
7668,38422.0,0.0,0.5604066918785218,0.4395933081214782
7669,38428.0,0.0,0.5757280605582982,0.4242719394417018
7670,38432.0,0.0,0.5887544574879062,0.41124554251209366
7671,38439.0,0.0,0.5125824932139043,0.4874175067860957
7672,38441.0,0.0,0.5559945185439629,0.44400548145603713
7673,38443.0,0.0,0.5630900272607451,0.4369099727392549
7674,38454.0,0.0,0.5145433592443398,0.48545664075566025
7675,38458.0,1.0,0.3785062094621658,0.6214937905378344
7676,38463.0,0.0,0.5328855065853126,0.4671144934146872
7677,38466.0,0.0,0.5778218562408481,0.4221781437591518
7678,38469.0,1.0,0.48727366386193827,0.5127263361380617
7679,38470.0,0.0,0.5980144333429485,0.40198556665705176
7680,38475.0,0.0,0.5401557695683805,0.45984423043161926
7681,38476.0,0.0,0.5145730288250412,0.4854269711749589
7682,38478.0,1.0,0.3831306181353467,0.6168693818646536
7683,38491.0,1.0,0.48181725231220107,0.5181827476877988
7684,38502.0,0.0,0.6458444480934818,0.35415555190651815
7685,38507.0,1.0,0.43158977627938205,0.5684102237206182
7686,38515.0,0.0,0.5183570826334651,0.4816429173665348
7687,38526.0,0.0,0.5798294855526293,0.4201705144473708
7688,38527.0,0.0,0.5157998587830805,0.48420014121691934
7689,38534.0,0.0,0.5445249936024226,0.45547500639757726
7690,38535.0,1.0,0.499121069454221,0.5008789305457788
7691,38539.0,1.0,0.44287968217415014,0.5571203178258499
7692,38542.0,1.0,0.3742083579012368,0.6257916420987634
7693,38560.0,1.0,0.4480607634904335,0.5519392365095666
7694,38561.0,1.0,0.45493373316561864,0.5450662668343812
7695,38566.0,1.0,0.3993773403850729,0.6006226596149274
7696,38581.0,1.0,0.427907641862218,0.572092358137782
7697,38582.0,1.0,0.409624785889105,0.5903752141108952
7698,38583.0,1.0,0.48872660840598753,0.5112733915940124
7699,38595.0,1.0,0.4100803492177639,0.5899196507822362
7700,38596.0,1.0,0.4126192963344746,0.5873807036655255
7701,38602.0,1.0,0.3665219787954614,0.6334780212045387
7702,38604.0,0.0,0.5356973993461831,0.46430260065381673
7703,38612.0,1.0,0.4722110555933947,0.5277889444066054
7704,38623.0,1.0,0.4171844176782374,0.5828155823217626
7705,38627.0,1.0,0.3805591516181269,0.6194408483818732
7706,38631.0,1.0,0.38615649184370576,0.6138435081562946
7707,38632.0,1.0,0.39069651935368194,0.6093034806463181
7708,38633.0,0.0,0.5480989921947451,0.4519010078052551
7709,38645.0,1.0,0.4571180146043872,0.5428819853956127
7710,38646.0,1.0,0.4369568293520898,0.5630431706479103
7711,38648.0,0.0,0.5136757475892781,0.4863242524107219
7712,38654.0,1.0,0.384624387333358,0.6153756126666423
7713,38664.0,0.0,0.5904574131324392,0.40954258686756084
7714,38674.0,1.0,0.4235543519937307,0.5764456480062692
7715,38677.0,1.0,0.3816731625821656,0.6183268374178345
7716,38680.0,1.0,0.42571539311304407,0.5742846068869558
7717,38684.0,1.0,0.4803942038818804,0.5196057961181196
7718,38688.0,1.0,0.4039784890741505,0.5960215109258495
7719,38696.0,1.0,0.07225830470121163,0.9277416952987885
7720,38698.0,1.0,0.479916179235711,0.5200838207642889
7721,38705.0,1.0,0.4183751755166734,0.5816248244833268
7722,38709.0,0.0,0.5900147815529043,0.40998521844709573
7723,38713.0,0.0,0.5069525365993166,0.49304746340068334
7724,38715.0,1.0,0.04032206868667287,0.9596779313133271
7725,38719.0,1.0,0.3858845606052417,0.6141154393947585
7726,38722.0,0.0,0.5096929932056016,0.49030700679439837
7727,38724.0,1.0,0.4344348721644861,0.5655651278355139
7728,38735.0,1.0,0.06483740015957788,0.9351625998404223
7729,38738.0,1.0,0.4092898293552247,0.5907101706447753
7730,38756.0,1.0,0.4689707895016953,0.5310292104983046
7731,38758.0,0.0,0.6296155612489553,0.3703844387510447
7732,38760.0,1.0,0.4309913573968451,0.5690086426031552
7733,38770.0,1.0,0.4619747188082179,0.5380252811917822
7734,38771.0,1.0,0.016916993306336968,0.983083006693663
7735,38777.0,1.0,0.4348998993252223,0.5651001006747778
7736,38780.0,0.0,0.6395111828813129,0.36048881711868686
7737,38781.0,0.0,0.5953849767551006,0.4046150232448994
7738,38782.0,0.0,0.50442388427984,0.4955761157201601
7739,38793.0,1.0,0.031179971324143487,0.9688200286758566
7740,38796.0,1.0,0.41447790596657685,0.5855220940334234
7741,38797.0,1.0,0.4342911396342737,0.5657088603657264
7742,38816.0,0.0,0.5125471166218991,0.4874528833781009
7743,38822.0,0.0,0.5242193971580172,0.4757806028419827
7744,38826.0,1.0,0.4107149174575912,0.5892850825424091
7745,38828.0,0.0,0.5020313917660819,0.4979686082339181
7746,38841.0,1.0,0.4176453556538426,0.5823546443461575
7747,38842.0,1.0,0.437066964691854,0.5629330353081459
7748,38847.0,0.0,0.5891680946897855,0.4108319053102145
7749,38851.0,0.0,0.5450447423567336,0.4549552576432664
7750,38853.0,1.0,0.39938757727458307,0.6006124227254171
7751,38862.0,1.0,0.44383005684335347,0.5561699431566466
7752,38863.0,0.0,0.5240815897694542,0.4759184102305457
7753,38865.0,1.0,0.39043910623306766,0.6095608937669325
7754,38866.0,1.0,0.4095827747626061,0.590417225237394
7755,38869.0,1.0,0.36338486054389413,0.6366151394561061
7756,38872.0,0.0,0.698703038464204,0.30129696153579594
7757,38875.0,1.0,0.4923863101289939,0.5076136898710062
7758,38876.0,0.0,0.5518854914807412,0.44811450851925877
7759,38883.0,1.0,0.48765040458687536,0.5123495954131246
7760,38898.0,1.0,0.46824308524220654,0.5317569147577934
7761,38900.0,1.0,0.4740305292737155,0.5259694707262844
7762,38902.0,0.0,0.5938850254411701,0.4061149745588299
7763,38906.0,0.0,0.5853099868367392,0.4146900131632609
7764,38910.0,0.0,0.5471635482619777,0.4528364517380224
7765,38916.0,0.0,0.6373529702418217,0.36264702975817853
7766,38918.0,1.0,0.3806394029968494,0.6193605970031508
7767,38922.0,0.0,0.5552473530739883,0.4447526469260116
7768,38923.0,1.0,0.07258422138429248,0.9274157786157075
7769,38929.0,1.0,0.04669161231482997,0.95330838768517
7770,38940.0,0.0,0.5017741062196945,0.4982258937803053
7771,38944.0,0.0,0.5352531854771945,0.46474681452280536
7772,38948.0,0.0,0.5707085046885078,0.4292914953114922
7773,38962.0,0.0,0.5624246062719881,0.4375753937280119
7774,38966.0,0.0,0.5635251620801489,0.43647483791985103
7775,38975.0,1.0,0.42881641379535773,0.5711835862046423
7776,39000.0,1.0,0.37386473797663156,0.6261352620233683
7777,39013.0,1.0,0.06072875523208694,0.939271244767913
7778,39014.0,1.0,0.4300130390501235,0.5699869609498763
7779,39020.0,1.0,0.4781267594343566,0.5218732405656433
7780,39028.0,1.0,0.0432020187058037,0.9567979812941962
7781,39032.0,0.0,0.5592302062643293,0.44076979373567066
7782,39036.0,0.0,0.6869262849226865,0.31307371507731363
7783,39052.0,1.0,0.3907387560784912,0.609261243921509
7784,39063.0,1.0,0.4598128057574866,0.5401871942425133
7785,39064.0,1.0,0.47483669093112413,0.525163309068876
7786,39074.0,1.0,0.47542453140956026,0.5245754685904397
7787,39075.0,0.0,0.5540553444833962,0.4459446555166038
7788,39077.0,0.0,0.5360020968060671,0.4639979031939328
7789,39089.0,1.0,0.037384360405868386,0.9626156395941315
7790,39096.0,1.0,0.37553843145916205,0.624461568540838
7791,39105.0,0.0,0.527276468472596,0.4727235315274038
7792,39106.0,0.0,0.5119782739450767,0.4880217260549232
7793,39109.0,1.0,0.4799253313319036,0.5200746686680965
7794,39114.0,0.0,0.5355385866967672,0.4644614133032327
7795,39124.0,1.0,0.32187139788826896,0.678128602111731
7796,39131.0,1.0,0.41398709936636413,0.5860129006336359
7797,39136.0,1.0,0.4601158849624334,0.5398841150375666
7798,39139.0,1.0,0.3835623326793218,0.6164376673206782
7799,39141.0,0.0,0.5594261476323876,0.44057385236761226
7800,39142.0,1.0,0.4017431956193068,0.5982568043806933
7801,39144.0,1.0,0.4076999005025477,0.5923000994974524
7802,39149.0,1.0,0.40673270348180357,0.5932672965181964
7803,39151.0,1.0,0.4470226180033449,0.5529773819966551
7804,39152.0,0.0,0.5575276699300499,0.4424723300699502
7805,39159.0,1.0,0.4944082061425547,0.5055917938574451
7806,39172.0,1.0,0.38613305135212256,0.6138669486478776
7807,39176.0,1.0,0.41363159663328863,0.5863684033667114
7808,39177.0,0.0,0.5237521768075464,0.4762478231924537
7809,39184.0,0.0,0.5063520459601701,0.49364795403982975
7810,39186.0,0.0,0.5884615079245864,0.4115384920754138
7811,39190.0,1.0,0.4707125193184488,0.5292874806815511
7812,39191.0,0.0,0.5249931503606483,0.4750068496393516
7813,39195.0,1.0,0.4708514734067039,0.5291485265932963
7814,39197.0,0.0,0.5342998501329672,0.46570014986703273
7815,39216.0,1.0,0.3744261832653907,0.6255738167346093
7816,39219.0,1.0,0.4655377962631123,0.5344622037368879
7817,39226.0,0.0,0.6428853404167598,0.35711465958323996
7818,39228.0,1.0,0.4074866533955365,0.5925133466044636
7819,39229.0,1.0,0.4345655956690156,0.5654344043309846
7820,39236.0,0.0,0.5414652352188505,0.45853476478114963
7821,39239.0,0.0,0.5533329198629918,0.4466670801370083
7822,39243.0,0.0,0.5144792728400458,0.4855207271599542
7823,39248.0,1.0,0.43771716163042834,0.5622828383695717
7824,39250.0,1.0,0.3959060764508788,0.6040939235491215
7825,39255.0,0.0,0.6203005244248109,0.37969947557518907
7826,39265.0,1.0,0.40999146860345403,0.5900085313965461
7827,39267.0,1.0,0.4443926115787273,0.5556073884212727
7828,39272.0,1.0,0.3748486979693845,0.6251513020306155
7829,39277.0,0.0,0.5619124305643441,0.43808756943565585
7830,39281.0,0.0,0.591856775200849,0.408143224799151
7831,39284.0,1.0,0.4299089046139596,0.5700910953860404
7832,39286.0,1.0,0.37338375197335305,0.6266162480266471
7833,39287.0,0.0,0.5579311998639226,0.4420688001360776
7834,39289.0,0.0,0.5827693456409214,0.41723065435907836
7835,39296.0,1.0,0.4837819971888009,0.5162180028111991
7836,39300.0,1.0,0.030297541245608746,0.9697024587543913
7837,39311.0,0.0,0.5300514706802322,0.4699485293197678
7838,39323.0,0.0,0.5190445452718473,0.4809554547281526
7839,39327.0,1.0,0.4538071723220031,0.5461928276779969
7840,39331.0,1.0,0.392306110082219,0.6076938899177812
7841,39335.0,1.0,0.4420318083855952,0.5579681916144048
7842,39341.0,0.0,0.5627333283331876,0.43726667166681243
7843,39344.0,0.0,0.6163017081861881,0.38369829181381193
7844,39345.0,0.0,0.6739038286000829,0.32609617139991703
7845,39348.0,0.0,0.5053994959625571,0.494600504037443
7846,39351.0,0.0,0.5511691766336027,0.44883082336639724
7847,39352.0,0.0,0.5794358677634457,0.4205641322365545
7848,39353.0,1.0,0.42080945748026144,0.5791905425197386
7849,39354.0,1.0,0.3914183136211704,0.6085816863788298
7850,39364.0,0.0,0.5098735723910888,0.4901264276089111
7851,39371.0,1.0,0.03103329928070906,0.9689667007192909
7852,39373.0,1.0,0.055317580512641074,0.944682419487359
7853,39374.0,0.0,0.5356331053987561,0.46436689460124414
7854,39379.0,1.0,0.41315020575735173,0.5868497942426482
7855,39380.0,0.0,0.6491435513214947,0.35085644867850546
7856,39387.0,0.0,0.5112258679687914,0.4887741320312087
7857,39396.0,1.0,0.4090878173507692,0.590912182649231
7858,39398.0,0.0,0.5468632273554256,0.4531367726445745
7859,39402.0,1.0,0.4977452760359737,0.5022547239640263
7860,39403.0,1.0,0.40546370906916257,0.5945362909308375
7861,39410.0,1.0,0.07173733946645204,0.9282626605335481
7862,39411.0,0.0,0.5535796568771295,0.44642034312287054
7863,39412.0,1.0,0.01588305114919418,0.9841169488508059
7864,39413.0,1.0,0.3805834106077322,0.619416589392268
7865,39420.0,1.0,0.4749042909185702,0.5250957090814298
7866,39421.0,0.0,0.5214495567765877,0.4785504432234123
7867,39429.0,1.0,0.43224558828876886,0.5677544117112312
7868,39432.0,1.0,0.46681101872663516,0.5331889812733648
7869,39438.0,1.0,0.3734409399778194,0.6265590600221806
7870,39447.0,0.0,0.5489021234996639,0.45109787650033617
7871,39449.0,0.0,0.6145041778637931,0.385495822136207
7872,39451.0,0.0,0.5533218674695762,0.446678132530424
7873,39454.0,1.0,0.45767619441690754,0.5423238055830926
7874,39457.0,1.0,0.491203711689538,0.508796288310462
7875,39458.0,0.0,0.5926618247061891,0.40733817529381094
7876,39461.0,0.0,0.5149038957731994,0.4850961042268006
7877,39464.0,1.0,0.40494585502524655,0.5950541449747535
7878,39466.0,1.0,0.4162100609971538,0.5837899390028461
7879,39470.0,1.0,0.49223944104330836,0.5077605589566918
7880,39475.0,1.0,0.49851535167134275,0.5014846483286572
7881,39479.0,1.0,0.4513386353529913,0.5486613646470088
7882,39480.0,0.0,0.5243370621351587,0.47566293786484115
7883,39483.0,1.0,0.40657110044688766,0.5934288995531123
7884,39486.0,0.0,0.5341554818453116,0.4658445181546884
7885,39492.0,0.0,0.5258519760702299,0.47414802392976996
7886,39495.0,1.0,0.4080798134379578,0.5919201865620423
7887,39501.0,1.0,0.38868997288181695,0.6113100271181833
7888,39502.0,1.0,0.48660395255035127,0.5133960474496486
7889,39506.0,1.0,0.4990399623993834,0.5009600376006165
7890,39509.0,1.0,0.4641489754361095,0.5358510245638907
7891,39521.0,0.0,0.5302742600874137,0.46972573991258615
7892,39527.0,1.0,0.4786115215409302,0.5213884784590699
7893,39530.0,1.0,0.47387363537138233,0.5261263646286176
7894,39542.0,1.0,0.3949054408239601,0.6050945591760398
7895,39545.0,1.0,0.4012360288854303,0.5987639711145697
7896,39548.0,1.0,0.40211500426956875,0.5978849957304313
7897,39549.0,0.0,0.5012832914881322,0.4987167085118678
7898,39551.0,1.0,0.46269272392655353,0.5373072760734465
7899,39556.0,1.0,0.39461902296618784,0.6053809770338122
7900,39557.0,1.0,0.3953190596841539,0.604680940315846
7901,39575.0,1.0,0.37382761764900907,0.626172382350991
7902,39593.0,1.0,0.43934054153509694,0.5606594584649031
7903,39594.0,0.0,0.5631329021213552,0.43686709787864464
7904,39595.0,1.0,0.4753584432519603,0.5246415567480396
7905,39599.0,0.0,0.5694106007849187,0.43058939921508127
7906,39608.0,1.0,0.4656317569327437,0.534368243067256
7907,39619.0,1.0,0.3896808779098159,0.6103191220901841
7908,39626.0,1.0,0.0406954238844474,0.9593045761155525
7909,39627.0,1.0,0.3790429179375648,0.6209570820624355
7910,39628.0,1.0,0.417233379833798,0.582766620166202
7911,39632.0,1.0,0.48537054652316086,0.5146294534768392
7912,39644.0,0.0,0.6144613178318893,0.3855386821681103
7913,39645.0,0.0,0.6194501701162253,0.38054982988377467
7914,39648.0,0.0,0.6798261699347851,0.32017383006521505
7915,39650.0,0.0,0.509719197164731,0.490280802835269
7916,39654.0,1.0,0.47471540769559417,0.5252845923044058
7917,39663.0,1.0,0.4233573927692101,0.57664260723079
7918,39670.0,1.0,0.49837084390909775,0.5016291560909023
7919,39672.0,0.0,0.685730565834207,0.3142694341657932
7920,39677.0,0.0,0.6548737031235157,0.3451262968764842
7921,39685.0,1.0,0.4258430451338234,0.5741569548661767
7922,39703.0,0.0,0.5818348223237186,0.41816517767628136
7923,39708.0,1.0,0.4838428670394825,0.5161571329605176
7924,39714.0,1.0,0.3654068720285094,0.6345931279714907
7925,39719.0,1.0,0.446799749579592,0.5532002504204079
7926,39740.0,1.0,0.47165466113774407,0.5283453388622559
7927,39741.0,1.0,0.4600186137149956,0.5399813862850045
7928,39745.0,1.0,0.46586963494152356,0.5341303650584766
7929,39750.0,0.0,0.54676754584589,0.4532324541541098
7930,39752.0,1.0,0.4497184777920294,0.5502815222079707
7931,39753.0,1.0,0.3744947099241825,0.6255052900758176
7932,39763.0,0.0,0.517240073549592,0.48275992645040794
7933,39778.0,1.0,0.4996348795798018,0.5003651204201982
7934,39783.0,0.0,0.5630119680414096,0.4369880319585904
7935,39786.0,1.0,0.401509254849197,0.5984907451508031
7936,39794.0,1.0,0.0544655503420217,0.9455344496579784
7937,39810.0,1.0,0.03212199521347296,0.967878004786527
7938,39813.0,0.0,0.5740641662692864,0.4259358337307135
7939,39814.0,0.0,0.518313385669985,0.4816866143300151
7940,39824.0,1.0,0.42982699349188297,0.5701730065081171
7941,39829.0,1.0,0.3149136600867441,0.6850863399132558
7942,39839.0,1.0,0.40422704126280323,0.5957729587371968
7943,39840.0,1.0,0.3621450218231103,0.63785497817689
7944,39843.0,0.0,0.5219552504030752,0.4780447495969247
7945,39845.0,1.0,0.43209120248419103,0.5679087975158089
7946,39849.0,1.0,0.3824508591321449,0.6175491408678554
7947,39851.0,1.0,0.3625225744754048,0.6374774255245957
7948,39860.0,0.0,0.5182906488949216,0.48170935110507856
7949,39875.0,1.0,0.3699637533662651,0.6300362466337351
7950,39881.0,1.0,0.3793769196758587,0.6206230803241415
7951,39882.0,0.0,0.6749160378362674,0.3250839621637329
7952,39886.0,1.0,0.4540288736570306,0.5459711263429695
7953,39891.0,0.0,0.5495607043197559,0.45043929568024405
7954,39892.0,1.0,0.43754354432780024,0.5624564556721999
7955,39896.0,0.0,0.5130329916642932,0.48696700833570694
7956,39902.0,1.0,0.4752766036335221,0.5247233963664779
7957,39912.0,0.0,0.5091664057926615,0.4908335942073385
7958,39929.0,1.0,0.09739653438635303,0.9026034656136471
7959,39942.0,0.0,0.5319182933433197,0.46808170665668014
7960,39944.0,0.0,0.6660784834821043,0.3339215165178955
7961,39952.0,1.0,0.49718508352784696,0.5028149164721532
7962,39953.0,0.0,0.5377670383566912,0.46223296164330874
7963,39956.0,1.0,0.39850056235771736,0.6014994376422828
7964,39966.0,0.0,0.5615588466361823,0.43844115336381767
7965,39970.0,0.0,0.6449743321279068,0.35502566787209333
7966,39972.0,0.0,0.5490539455482935,0.45094605445170644
7967,39974.0,1.0,0.41580478568911894,0.584195214310881
7968,39982.0,0.0,0.6752032766930358,0.324796723306964
7969,39991.0,0.0,0.6044362317546504,0.39556376824534956
7970,39994.0,1.0,0.4530744092796937,0.5469255907203062
7971,39998.0,1.0,0.4312779644161949,0.5687220355838052
7972,40004.0,0.0,0.5026748099667967,0.49732519003320325
7973,40017.0,1.0,0.4398947837499009,0.5601052162500995
7974,40024.0,0.0,0.6004347429377929,0.3995652570622068
7975,40029.0,0.0,0.5658185772443516,0.43418142275564847
7976,40032.0,0.0,0.5793608066784366,0.4206391933215634
7977,40033.0,1.0,0.40358475757735207,0.596415242422648
7978,40035.0,1.0,0.4248166550209021,0.575183344979098
7979,40037.0,0.0,0.6797361204472695,0.3202638795527304
7980,40046.0,0.0,0.5584261580957901,0.44157384190421006
7981,40047.0,0.0,0.6166513419203529,0.3833486580796473
7982,40048.0,0.0,0.6131177108139734,0.38688228918602624
7983,40051.0,0.0,0.5345197929246776,0.46548020707532245
7984,40057.0,1.0,0.45907197538360656,0.5409280246163933
7985,40075.0,1.0,0.41129541351600557,0.5887045864839945
7986,40089.0,0.0,0.5191205465701818,0.4808794534298182
7987,40093.0,0.0,0.5694691928526746,0.4305308071473252
7988,40098.0,1.0,0.4223545643014724,0.5776454356985277
7989,40108.0,1.0,0.43307212443896076,0.5669278755610391
7990,40111.0,1.0,0.38057314312100293,0.6194268568789972
7991,40115.0,1.0,0.3674051256778004,0.6325948743221997
7992,40128.0,1.0,0.01953773744670042,0.9804622625532996
7993,40138.0,1.0,0.4529397987009055,0.5470602012990944
7994,40139.0,1.0,0.4070559039854285,0.5929440960145717
7995,40148.0,1.0,0.44059244170962697,0.5594075582903728
7996,40151.0,1.0,0.3820022148465129,0.6179977851534872
7997,40155.0,1.0,0.47274916563692476,0.5272508343630752
7998,40159.0,1.0,0.3721983025736016,0.6278016974263985
7999,40167.0,0.0,0.5700183601662363,0.4299816398337636
8000,40169.0,1.0,0.42413862015038384,0.5758613798496163
8001,40177.0,0.0,0.6406792493659439,0.35932075063405605
8002,40182.0,0.0,0.5134426098374305,0.4865573901625694
8003,40195.0,1.0,0.47769971379019466,0.5223002862098054
8004,40196.0,1.0,0.43797388343866367,0.5620261165613365
8005,40197.0,0.0,0.6689983032798559,0.3310016967201444
8006,40212.0,1.0,0.40494068462567945,0.5950593153743206
8007,40227.0,0.0,0.5430363594151165,0.4569636405848834
8008,40228.0,1.0,0.4849964432444399,0.51500355675556
8009,40231.0,0.0,0.5707866443790794,0.4292133556209206
8010,40235.0,1.0,0.3969735587974749,0.6030264412025251
8011,40236.0,1.0,0.34273009483708117,0.6572699051629189
8012,40239.0,1.0,0.3862602478807635,0.6137397521192367
8013,40241.0,0.0,0.5434964758362738,0.45650352416372625
8014,40246.0,0.0,0.643794335446686,0.35620566455331387
8015,40251.0,1.0,0.4316078326033574,0.5683921673966428
8016,40253.0,1.0,0.39649941990305676,0.6035005800969432
8017,40255.0,1.0,0.43049908956770255,0.5695009104322974
8018,40258.0,1.0,0.42198853549765447,0.5780114645023455
8019,40260.0,0.0,0.546896273562367,0.45310372643763297
8020,40261.0,0.0,0.5002980514053521,0.4997019485946479
8021,40264.0,0.0,0.5554289427296526,0.4445710572703473
8022,40273.0,1.0,0.3886203767370512,0.6113796232629489
8023,40281.0,0.0,0.6726902112448719,0.3273097887551276
8024,40290.0,1.0,0.4803321012210391,0.5196678987789609
8025,40297.0,0.0,0.6440959104328604,0.3559040895671395
8026,40311.0,0.0,0.557753617270685,0.44224638272931505
8027,40312.0,0.0,0.516213051540174,0.483786948459826
8028,40313.0,0.0,0.5560013026960781,0.4439986973039219
8029,40314.0,1.0,0.3777869568234774,0.6222130431765229
8030,40315.0,1.0,0.3997203999346228,0.6002796000653773
8031,40317.0,0.0,0.5078488934625578,0.49215110653744226
8032,40330.0,1.0,0.040626777790630814,0.9593732222093692
8033,40335.0,0.0,0.6293420581253134,0.3706579418746865
8034,40342.0,1.0,0.02869284850063039,0.9713071514993693
8035,40344.0,0.0,0.5869834503025131,0.413016549697487
8036,40345.0,1.0,0.39055517033433435,0.6094448296656658
8037,40346.0,1.0,0.061829117607040726,0.9381708823929593
8038,40350.0,0.0,0.5117652855305175,0.4882347144694824
8039,40354.0,0.0,0.5693901026413175,0.4306098973586825
8040,40356.0,1.0,0.4710723376800564,0.5289276623199437
8041,40371.0,1.0,0.3669366002724701,0.6330633997275303
8042,40375.0,1.0,0.41393981387568296,0.5860601861243172
8043,40378.0,1.0,0.4795317737356914,0.5204682262643086
8044,40386.0,1.0,0.44730061128848925,0.5526993887115107
8045,40389.0,0.0,0.5968786225406045,0.40312137745939536
8046,40394.0,1.0,0.49879021652582906,0.5012097834741709
8047,40397.0,0.0,0.584657665136263,0.41534233486373695
8048,40424.0,1.0,0.39364777197992923,0.6063522280200709
8049,40426.0,0.0,0.5605116005247878,0.4394883994752123
8050,40427.0,0.0,0.539223113910007,0.460776886089993
8051,40442.0,0.0,0.5200341755936309,0.4799658244063691
8052,40455.0,0.0,0.6175820832214823,0.3824179167785175
8053,40466.0,0.0,0.5616629748610148,0.4383370251389851
8054,40469.0,1.0,0.4039708244091711,0.596029175590829
8055,40475.0,0.0,0.5625877983703235,0.4374122016296764
8056,40478.0,0.0,0.6177026547731728,0.38229734522682723
8057,40482.0,1.0,0.4503614870119985,0.5496385129880017
8058,40483.0,0.0,0.5042937696493102,0.49570623035068984
8059,40490.0,0.0,0.5200303196941397,0.47996968030586024
8060,40496.0,0.0,0.5230975037686728,0.47690249623132713
8061,40497.0,0.0,0.554187584756678,0.44581241524332205
8062,40503.0,0.0,0.5527797877808817,0.4472202122191181
8063,40506.0,1.0,0.4704246287857659,0.5295753712142343
8064,40509.0,0.0,0.5206827077430161,0.479317292256984
8065,40518.0,0.0,0.5364999114082254,0.4635000885917747
8066,40525.0,1.0,0.351809034590637,0.6481909654093632
8067,40527.0,1.0,0.43290348201370854,0.5670965179862915
8068,40529.0,1.0,0.4029257311407072,0.5970742688592929
8069,40532.0,1.0,0.48940706005901413,0.510592939940986
8070,40534.0,1.0,0.4722349486250742,0.5277650513749257
8071,40552.0,1.0,0.49420396757340085,0.5057960324265991
8072,40556.0,1.0,0.4557435383110151,0.5442564616889851
8073,40560.0,0.0,0.6841741484802012,0.3158258515197986
8074,40562.0,0.0,0.5327058347436896,0.4672941652563103
8075,40570.0,0.0,0.5695581612073461,0.43044183879265385
8076,40572.0,0.0,0.5394797994898131,0.4605202005101868
8077,40573.0,1.0,0.4426069711171307,0.5573930288828692
8078,40596.0,1.0,0.4077691921868603,0.5922308078131396
8079,40601.0,1.0,0.44177040791082467,0.5582295920891753
8080,40606.0,1.0,0.41701848954041276,0.5829815104595872
8081,40610.0,0.0,0.5991645819015692,0.40083541809843076
8082,40615.0,1.0,0.399588061041267,0.600411938958733
8083,40616.0,1.0,0.495031849433637,0.5049681505663629
8084,40617.0,1.0,0.4074405847819835,0.5925594152180166
8085,40623.0,0.0,0.5136154456150963,0.48638455438490363
8086,40627.0,0.0,0.524659926166862,0.475340073833138
8087,40633.0,1.0,0.46766075182927497,0.5323392481707251
8088,40635.0,0.0,0.6600561366241096,0.33994386337589044
8089,40647.0,0.0,0.5726552554353386,0.4273447445646614
8090,40657.0,1.0,0.409136428621377,0.5908635713786231
8091,40658.0,0.0,0.5398642972319427,0.46013570276805715
8092,40663.0,1.0,0.49490532910107254,0.5050946708989273
8093,40665.0,1.0,0.017926571497449886,0.9820734285025502
8094,40666.0,1.0,0.053257253308388444,0.9467427466916115
8095,40674.0,1.0,0.3015448665634676,0.6984551334365326
8096,40686.0,1.0,0.06286977980086657,0.9371302201991335
8097,40690.0,0.0,0.7131133567556612,0.28688664324433844
8098,40697.0,1.0,0.4658905960782137,0.5341094039217864
8099,40709.0,0.0,0.528332811920171,0.4716671880798289
8100,40713.0,1.0,0.34671797200363264,0.6532820279963674
8101,40714.0,0.0,0.5269584703900091,0.4730415296099909
8102,40715.0,0.0,0.5527397948614886,0.44726020513851134
8103,40717.0,1.0,0.45245322845578073,0.5475467715442193
8104,40719.0,0.0,0.6479097931622303,0.3520902068377699
8105,40720.0,0.0,0.5425773605840611,0.45742263941593886
8106,40728.0,1.0,0.4443320312725775,0.5556679687274226
8107,40731.0,1.0,0.4522421159491485,0.5477578840508517
8108,40735.0,1.0,0.4931857929265117,0.5068142070734881
8109,40738.0,0.0,0.582545065804292,0.41745493419570806
8110,40750.0,1.0,0.4494424716225002,0.5505575283774997
8111,40754.0,0.0,0.5445439835406648,0.45545601645933503
8112,40757.0,0.0,0.5753745140938671,0.4246254859061331
8113,40759.0,0.0,0.5448713065105028,0.4551286934894973
8114,40764.0,1.0,0.4304302565036404,0.5695697434963598
8115,40766.0,1.0,0.4509453821240531,0.549054617875947
8116,40773.0,1.0,0.40682516773323213,0.5931748322667678
8117,40776.0,1.0,0.49549279175275474,0.5045072082472452
8118,40777.0,1.0,0.3722551278100989,0.6277448721899013
8119,40778.0,0.0,0.5895111855875137,0.4104888144124862
8120,40780.0,0.0,0.515181549496759,0.48481845050324096
8121,40784.0,1.0,0.4827511900211979,0.5172488099788023
8122,40785.0,1.0,0.40084602013184567,0.5991539798681547
8123,40802.0,0.0,0.5277743333050313,0.47222566669496857
8124,40811.0,1.0,0.4768227817388367,0.5231772182611634
8125,40816.0,0.0,0.5244953094064929,0.4755046905935072
8126,40819.0,0.0,0.5092676566956564,0.49073234330434345
8127,40820.0,1.0,0.39279334732369875,0.6072066526763014
8128,40821.0,1.0,0.392912718139084,0.6070872818609161
8129,40827.0,1.0,0.40930654039953285,0.5906934596004673
8130,40834.0,1.0,0.3813408834084446,0.6186591165915556
8131,40837.0,0.0,0.6551511727746074,0.3448488272253926
8132,40844.0,1.0,0.4226098558827939,0.577390144117206
8133,40847.0,1.0,0.3661786043418541,0.6338213956581462
8134,40852.0,0.0,0.5463344293832822,0.4536655706167176
8135,40853.0,1.0,0.028315664011648364,0.9716843359883517
8136,40854.0,0.0,0.6050427978279073,0.39495720217209274
8137,40863.0,0.0,0.5856991060314265,0.4143008939685735
8138,40874.0,1.0,0.48568339272572436,0.5143166072742757
8139,40877.0,0.0,0.6135961078372548,0.3864038921627451
8140,40881.0,1.0,0.46976094471597746,0.5302390552840225
8141,40901.0,0.0,0.5905380923426727,0.4094619076573272
8142,40906.0,1.0,0.3514763583714678,0.6485236416285324
8143,40909.0,1.0,0.3985457167853235,0.6014542832146766
8144,40918.0,0.0,0.7544355305030743,0.24556446949692567
8145,40922.0,1.0,0.49521643953767525,0.5047835604623248
8146,40923.0,1.0,0.3866690134082995,0.6133309865917006
8147,40925.0,0.0,0.6483261370372817,0.3516738629627181
8148,40926.0,1.0,0.4684951226133878,0.5315048773866121
8149,40938.0,0.0,0.6022649784993358,0.3977350215006642
8150,40942.0,0.0,0.61765952992817,0.38234047007182986
8151,40945.0,0.0,0.5456162374352234,0.45438376256477675
8152,40951.0,0.0,0.6190479296903837,0.3809520703096162
8153,40953.0,1.0,0.49844739781441405,0.501552602185586
8154,40954.0,1.0,0.438908452111727,0.5610915478882731
8155,40957.0,0.0,0.5820963962882757,0.4179036037117244
8156,40966.0,1.0,0.060252268274882184,0.9397477317251179
8157,40969.0,1.0,0.3825380048850468,0.6174619951149535
8158,40970.0,1.0,0.4385791649642091,0.5614208350357908
8159,40971.0,0.0,0.5000720376601798,0.4999279623398201
8160,40979.0,0.0,0.5277392342254986,0.47226076577450127
8161,40980.0,1.0,0.4970230123710111,0.502976987628989
8162,40985.0,1.0,0.43631265689304466,0.5636873431069553
8163,40994.0,1.0,0.4216726596535534,0.5783273403464466
8164,40996.0,0.0,0.5109147368086184,0.4890852631913814
8165,40997.0,1.0,0.41531768269382185,0.5846823173061783
8166,40998.0,1.0,0.018322287537801896,0.981677712462198
8167,41004.0,0.0,0.6325318455351403,0.3674681544648596
8168,41006.0,1.0,0.44764621862658877,0.5523537813734113
8169,41010.0,1.0,0.4180503111837413,0.5819496888162589
8170,41014.0,1.0,0.4324072462006563,0.5675927537993439
8171,41030.0,1.0,0.46859326898513987,0.5314067310148601
8172,41033.0,0.0,0.5506198223909294,0.4493801776090705
8173,41034.0,1.0,0.06013779327844873,0.9398622067215513
8174,41038.0,1.0,0.4788520903350846,0.5211479096649154
8175,41046.0,0.0,0.570418756475493,0.4295812435245069
8176,41047.0,0.0,0.5471826440610941,0.4528173559389057
8177,41050.0,1.0,0.032780565226444305,0.9672194347735557
8178,41053.0,1.0,0.44905504610981717,0.5509449538901828
8179,41054.0,0.0,0.5368316988950581,0.4631683011049417
8180,41059.0,0.0,0.5005499007602644,0.4994500992397357
8181,41062.0,1.0,0.05669168252168304,0.9433083174783168
8182,41072.0,1.0,0.37934993311110027,0.6206500668889
8183,41076.0,0.0,0.6567468449585202,0.34325315504147996
8184,41077.0,1.0,0.39502968853503506,0.6049703114649653
8185,41078.0,1.0,0.4620435073329039,0.5379564926670962
8186,41079.0,1.0,0.4359356524494882,0.5640643475505118
8187,41087.0,1.0,0.4811590707144227,0.5188409292855772
8188,41092.0,1.0,0.4824753697779491,0.5175246302220509
8189,41112.0,0.0,0.5832575416995198,0.41674245830048023
8190,41126.0,0.0,0.6340162142311994,0.36598378576880064
8191,41134.0,0.0,0.5756707981694208,0.42432920183057915
8192,41136.0,1.0,0.487771863930961,0.5122281360690389
8193,41155.0,1.0,0.4264037055716055,0.5735962944283944
8194,41157.0,0.0,0.5826999273001828,0.4173000726998173
8195,41159.0,1.0,0.49428264862062854,0.5057173513793715
8196,41177.0,0.0,0.5490443759073371,0.45095562409266265
8197,41182.0,1.0,0.45551056995233985,0.5444894300476603
8198,41184.0,1.0,0.4713722669169376,0.5286277330830624
8199,41191.0,1.0,0.499729273520835,0.5002707264791649
8200,41193.0,0.0,0.5703587149865327,0.42964128501346727
8201,41195.0,1.0,0.4769847903113567,0.5230152096886435
8202,41196.0,1.0,0.033411005430949645,0.9665889945690505
8203,41198.0,1.0,0.0364742963715332,0.9635257036284668
8204,41201.0,1.0,0.3625911992486938,0.6374088007513066
8205,41206.0,0.0,0.5465825044059097,0.45341749559409017
8206,41210.0,1.0,0.4201962186451139,0.5798037813548861
8207,41226.0,1.0,0.34414079662447244,0.6558592033755275
8208,41237.0,1.0,0.4082903330381405,0.5917096669618597
8209,41243.0,0.0,0.5716835416032604,0.42831645839673954
8210,41245.0,1.0,0.46548362808598903,0.5345163719140109
8211,41249.0,1.0,0.04696257882136158,0.9530374211786383
8212,41259.0,1.0,0.4583858229224078,0.5416141770775921
8213,41270.0,0.0,0.5129775055991707,0.48702249440082923
8214,41273.0,0.0,0.5348461337737279,0.46515386622627214
8215,41285.0,0.0,0.5663369235384538,0.43366307646154634
8216,41288.0,1.0,0.45378365571308793,0.5462163442869121
8217,41290.0,1.0,0.43940797323189185,0.5605920267681079
8218,41295.0,0.0,0.5553870290298231,0.44461297097017677
8219,41304.0,0.0,0.5353022929419141,0.4646977070580857
8220,41314.0,1.0,0.47480864647168525,0.5251913535283148
8221,41328.0,1.0,0.4489404713960296,0.5510595286039703
8222,41337.0,1.0,0.4460200629274549,0.5539799370725451
8223,41355.0,0.0,0.653659891200247,0.3463401087997526
8224,41359.0,1.0,0.4865766960750444,0.5134233039249557
8225,41365.0,0.0,0.6296096606228958,0.3703903393771041
8226,41372.0,1.0,0.020868967713614007,0.9791310322863861
8227,41377.0,1.0,0.4585941539702319,0.5414058460297682
8228,41378.0,1.0,0.4493891050782819,0.5506108949217182
8229,41383.0,0.0,0.533975954596108,0.466024045403892
8230,41385.0,1.0,0.4989887735148448,0.5010112264851552
8231,41388.0,1.0,0.44846899041328014,0.5515310095867199
8232,41391.0,0.0,0.5570523047740915,0.4429476952259084
8233,41396.0,1.0,0.46011988114357144,0.5398801188564287
8234,41408.0,0.0,0.569743492252813,0.43025650774718693
8235,41416.0,0.0,0.5843759124663606,0.41562408753363933
8236,41419.0,1.0,0.4888676114910421,0.5111323885089579
8237,41420.0,1.0,0.40790521051709755,0.5920947894829025
8238,41421.0,1.0,0.03445383292290161,0.9655461670770984
8239,41425.0,1.0,0.3918996909343584,0.6081003090656416
8240,41427.0,0.0,0.5378598327049782,0.4621401672950218
8241,41435.0,1.0,0.3946808894230394,0.6053191105769605
8242,41436.0,1.0,0.443534047742896,0.5564659522571042
8243,41445.0,1.0,0.49452686263510237,0.5054731373648975
8244,41446.0,1.0,0.49312984231888657,0.5068701576811134
8245,41448.0,0.0,0.5205483875007829,0.4794516124992169
8246,41451.0,0.0,0.6536812667670204,0.34631873323297924
8247,41456.0,0.0,0.5454258502199589,0.45457414978004074
8248,41461.0,0.0,0.5033616205052157,0.4966383794947843
8249,41463.0,1.0,0.4949364325494667,0.5050635674505333
8250,41471.0,0.0,0.6519607911970289,0.3480392088029709
8251,41472.0,0.0,0.5078194530413919,0.4921805469586081
8252,41474.0,1.0,0.4385862131777656,0.5614137868222344
8253,41480.0,1.0,0.42970606036061637,0.5702939396393838
8254,41486.0,1.0,0.01936638708864493,0.9806336129113551
8255,41487.0,0.0,0.6402826102651649,0.359717389734835
8256,41488.0,1.0,0.44258176830413803,0.5574182316958621
8257,41491.0,0.0,0.5350419027275514,0.4649580972724485
8258,41492.0,1.0,0.4817529984402416,0.5182470015597584
8259,41501.0,0.0,0.5598261302086696,0.4401738697913304
8260,41504.0,1.0,0.4404233643804249,0.5595766356195749
8261,41509.0,1.0,0.4466014196928608,0.5533985803071392
8262,41510.0,1.0,0.41404075110136984,0.5859592488986302
8263,41512.0,1.0,0.4683080968068342,0.5316919031931657
8264,41515.0,0.0,0.517253097629881,0.4827469023701189
8265,41522.0,1.0,0.47283269943526973,0.5271673005647303
8266,41540.0,1.0,0.4037082619530404,0.5962917380469597
8267,41542.0,1.0,0.447658139459925,0.5523418605400752
8268,41543.0,0.0,0.5404620813389736,0.45953791866102633
8269,41555.0,0.0,0.5557380460607654,0.44426195393923446
8270,41558.0,1.0,0.46132717239960624,0.5386728276003937
8271,41570.0,1.0,0.4101916001472179,0.5898083998527821
8272,41573.0,0.0,0.5447871349098742,0.45521286509012576
8273,41580.0,1.0,0.4055099790723434,0.5944900209276567
8274,41581.0,0.0,0.5976705114052975,0.4023294885947024
8275,41588.0,1.0,0.45352634306084466,0.5464736569391553
8276,41593.0,0.0,0.5304892664977404,0.4695107335022594
8277,41595.0,1.0,0.40059520362427714,0.5994047963757229
8278,41599.0,1.0,0.4829149820276706,0.5170850179723295
8279,41602.0,0.0,0.5711119020149001,0.4288880979851
8280,41603.0,0.0,0.5490174170344811,0.4509825829655189
8281,41604.0,0.0,0.5101519057823041,0.489848094217696
8282,41619.0,1.0,0.45632736987583344,0.5436726301241667
8283,41623.0,1.0,0.4204901390443312,0.5795098609556688
8284,41627.0,0.0,0.5639468533628444,0.43605314663715544
8285,41628.0,0.0,0.5351841795893695,0.46481582041063035
8286,41631.0,1.0,0.47773699912873013,0.52226300087127
8287,41632.0,0.0,0.5145659599295863,0.4854340400704135
8288,41640.0,1.0,0.026455014472481303,0.9735449855275187
8289,41643.0,1.0,0.41208269793229696,0.5879173020677032
8290,41651.0,1.0,0.4542456968212406,0.5457543031787594
8291,41655.0,1.0,0.496314987391046,0.503685012608954
8292,41657.0,1.0,0.4434027766225737,0.5565972233774262
8293,41666.0,0.0,0.5135318184545214,0.4864681815454786
8294,41667.0,0.0,0.5974039291412911,0.40259607085870874
8295,41670.0,1.0,0.08606971012703657,0.9139302898729634
8296,41672.0,1.0,0.45607473607759047,0.5439252639224094
8297,41676.0,1.0,0.39754888316922277,0.6024511168307773
8298,41679.0,1.0,0.4334216726014418,0.5665783273985583
8299,41686.0,0.0,0.6160944273371829,0.38390557266281705
8300,41690.0,1.0,0.4147681136067762,0.585231886393224
8301,41692.0,0.0,0.5539569313642349,0.44604306863576476
8302,41695.0,0.0,0.6020721038669579,0.3979278961330423
8303,41698.0,0.0,0.6965965236518363,0.3034034763481639
8304,41702.0,1.0,0.4518363816555954,0.5481636183444045
8305,41706.0,1.0,0.41899737996301034,0.5810026200369898
8306,41707.0,0.0,0.5035532595984502,0.49644674040154974
8307,41712.0,0.0,0.5420046317790501,0.45799536822094994
8308,41715.0,1.0,0.4652831925204839,0.5347168074795163
8309,41720.0,0.0,0.5932790299685261,0.40672097003147356
8310,41723.0,1.0,0.05938495426737652,0.9406150457326236
8311,41732.0,1.0,0.4565600624558488,0.5434399375441512
8312,41737.0,1.0,0.47062223646486606,0.5293777635351339
8313,41739.0,1.0,0.39188280029957745,0.6081171997004224
8314,41748.0,1.0,0.42005896796014064,0.5799410320398592
8315,41752.0,1.0,0.3433344740457118,0.6566655259542884
8316,41753.0,1.0,0.4620844440122165,0.5379155559877835
8317,41754.0,0.0,0.5346916081986699,0.4653083918013302
8318,41758.0,1.0,0.4996129485875329,0.5003870514124671
8319,41759.0,0.0,0.5286170651889038,0.471382934811096
8320,41761.0,0.0,0.5922434276968712,0.4077565723031287
8321,41765.0,0.0,0.5737032609940895,0.4262967390059103
8322,41767.0,0.0,0.589353240632465,0.41064675936753503
8323,41772.0,1.0,0.3911987841659107,0.6088012158340894
8324,41779.0,1.0,0.36584809067710344,0.6341519093228968
8325,41782.0,1.0,0.4042911994464603,0.5957088005535398
8326,41787.0,0.0,0.5677344283108695,0.4322655716891303
8327,41800.0,0.0,0.5040491817735869,0.4959508182264131
8328,41807.0,0.0,0.6250281227171045,0.37497187728289555
8329,41819.0,1.0,0.4328196486078588,0.5671803513921412
8330,41820.0,0.0,0.5405511114608944,0.45944888853910554
8331,41844.0,1.0,0.37523914611169035,0.6247608538883099
8332,41853.0,0.0,0.5094198014255403,0.4905801985744596
8333,41854.0,0.0,0.6660937155488433,0.33390628445115667
8334,41857.0,0.0,0.5786905907956582,0.4213094092043417
8335,41860.0,0.0,0.5065421741963229,0.493457825803677
8336,41866.0,1.0,0.3789242902391978,0.6210757097608023
8337,41872.0,1.0,0.3998459853069422,0.600154014693058
8338,41876.0,0.0,0.5123259580553771,0.487674041944623
8339,41879.0,0.0,0.5248956684180593,0.4751043315819405
8340,41883.0,1.0,0.4753852452445044,0.5246147547554956
8341,41886.0,1.0,0.43890299751898076,0.5610970024810193
8342,41889.0,1.0,0.37284666662379273,0.6271533333762075
8343,41892.0,0.0,0.6293682135411995,0.3706317864588005
8344,41893.0,0.0,0.5816327188221542,0.4183672811778457
8345,41899.0,0.0,0.5319461860185529,0.46805381398144696
8346,41906.0,1.0,0.430061118680824,0.5699388813191759
8347,41910.0,1.0,0.3766612460618234,0.6233387539381767
8348,41934.0,0.0,0.524187215810612,0.47581278418938794
8349,41941.0,1.0,0.48099438470136974,0.5190056152986303
8350,41943.0,1.0,0.4144363394645931,0.5855636605354071
8351,41950.0,0.0,0.552991966768505,0.44700803323149496
8352,41955.0,1.0,0.4217301887454352,0.578269811254565
8353,41965.0,1.0,0.3876292508511135,0.6123707491488868
8354,41969.0,1.0,0.38058639687451334,0.6194136031254869
8355,41971.0,0.0,0.5972857201910408,0.40271427980895935
8356,41972.0,1.0,0.05071341231783861,0.9492865876821612
8357,41973.0,0.0,0.5194284703363472,0.4805715296636525
8358,41974.0,1.0,0.46384430986678693,0.5361556901332132
8359,41975.0,1.0,0.4928917434512183,0.5071082565487817
8360,41979.0,1.0,0.4195871145412059,0.5804128854587943
8361,41981.0,1.0,0.4502034967416585,0.5497965032583415
8362,41996.0,1.0,0.37169004436697406,0.6283099556330262
8363,42011.0,1.0,0.38685057764465797,0.6131494223553423
8364,42017.0,0.0,0.5037806028306934,0.4962193971693067
8365,42018.0,0.0,0.5470619498168006,0.4529380501831994
8366,42024.0,1.0,0.43052067879692707,0.5694793212030727
8367,42031.0,1.0,0.42203108457254607,0.5779689154274541
8368,42034.0,1.0,0.47834796072407704,0.5216520392759229
8369,42035.0,1.0,0.46607851950558077,0.5339214804944192
8370,42038.0,1.0,0.4375434142311772,0.562456585768823
8371,42039.0,1.0,0.3852109833873601,0.6147890166126403
8372,42046.0,0.0,0.5349912468898327,0.46500875311016726
8373,42048.0,0.0,0.5594299745818226,0.4405700254181773
8374,42054.0,1.0,0.031724446664677365,0.9682755533353226
8375,42069.0,1.0,0.4797356495841115,0.5202643504158885
8376,42070.0,1.0,0.43840015954580175,0.5615998404541981
8377,42072.0,1.0,0.3606638937882658,0.6393361062117343
8378,42073.0,1.0,0.40044887832730713,0.5995511216726929
8379,42084.0,1.0,0.3867656127278455,0.6132343872721546
8380,42097.0,1.0,0.3948396675481224,0.6051603324518778
8381,42099.0,0.0,0.5649443469382647,0.4350556530617353
8382,42100.0,1.0,0.3663605131236368,0.6336394868763635
8383,42105.0,1.0,0.3686252019519553,0.6313747980480447
8384,42111.0,0.0,0.5531321327276476,0.4468678672723522
8385,42115.0,1.0,0.407787505698582,0.592212494301418
8386,42119.0,1.0,0.44424805527700073,0.5557519447229994
8387,42128.0,0.0,0.5194238509557362,0.4805761490442637
8388,42129.0,1.0,0.3596600496009726,0.6403399503990276
8389,42132.0,0.0,0.5830642451619767,0.4169357548380232
8390,42134.0,1.0,0.03197290624401393,0.9680270937559863
8391,42144.0,0.0,0.651524316124096,0.348475683875904
8392,42145.0,1.0,0.4928051203267099,0.5071948796732901
8393,42152.0,0.0,0.586621305211835,0.4133786947881648
8394,42154.0,1.0,0.3415805328659005,0.6584194671340995
8395,42161.0,1.0,0.4449872233270156,0.5550127766729844
8396,42162.0,1.0,0.4413645384758659,0.5586354615241342
8397,42170.0,0.0,0.5780450502413734,0.42195494975862646
8398,42171.0,1.0,0.38414206467066714,0.615857935329333
8399,42173.0,0.0,0.6025489485679523,0.39745105143204784
8400,42175.0,1.0,0.44253688938677077,0.5574631106132292
8401,42179.0,0.0,0.5330735008877489,0.4669264991122511
8402,42190.0,1.0,0.4100564293170249,0.589943570682975
8403,42191.0,1.0,0.3570271990186775,0.6429728009813225
8404,42200.0,0.0,0.5414441840329353,0.4585558159670645
8405,42205.0,0.0,0.6071980743176087,0.39280192568239086
8406,42214.0,1.0,0.41357535405075635,0.5864246459492436
8407,42215.0,0.0,0.7020697264279374,0.29793027357206264
8408,42217.0,0.0,0.637240938879328,0.3627590611206719
8409,42218.0,0.0,0.5359779389636377,0.46402206103636245
8410,42229.0,1.0,0.42267588653333626,0.5773241134666638
8411,42230.0,1.0,0.44331030991712367,0.5566896900828764
8412,42236.0,1.0,0.3976571251988682,0.6023428748011319
8413,42237.0,0.0,0.5155608516938521,0.4844391483061477
8414,42241.0,1.0,0.4621167597375123,0.5378832402624877
8415,42247.0,1.0,0.4862016478891554,0.5137983521108446
8416,42252.0,0.0,0.6233936635384708,0.37660633646152886
8417,42254.0,1.0,0.46247471232273507,0.5375252876772652
8418,42257.0,1.0,0.4683912663884245,0.5316087336115753
8419,42262.0,1.0,0.4301501160526488,0.5698498839473511
8420,42263.0,1.0,0.4284957515329477,0.5715042484670522
8421,42269.0,1.0,0.42602573081841927,0.5739742691815806
8422,42274.0,0.0,0.5595404143555313,0.44045958564446847
8423,42276.0,0.0,0.6337348981515694,0.3662651018484306
8424,42277.0,1.0,0.4154169762332019,0.5845830237667983
8425,42279.0,1.0,0.4753382522680613,0.5246617477319386
8426,42281.0,0.0,0.6153859058475735,0.38461409415242626
8427,42292.0,1.0,0.4708573258760028,0.5291426741239972
8428,42299.0,0.0,0.5557540906941172,0.4442459093058828
8429,42301.0,1.0,0.37121234892090343,0.6287876510790968
8430,42308.0,1.0,0.38400343984431407,0.6159965601556858
8431,42315.0,0.0,0.5038802871637327,0.4961197128362674
8432,42317.0,1.0,0.437898682700708,0.5621013172992921
8433,42319.0,0.0,0.5369652428918226,0.4630347571081774
8434,42327.0,1.0,0.4729618905962104,0.5270381094037897
8435,42334.0,1.0,0.4999267183077892,0.5000732816922108
8436,42338.0,1.0,0.4668313316239416,0.5331686683760586
8437,42349.0,1.0,0.4203975051213866,0.5796024948786136
8438,42351.0,1.0,0.39861670892633333,0.6013832910736668
8439,42357.0,0.0,0.7094635088697936,0.2905364911302066
8440,42359.0,1.0,0.4930039332499655,0.5069960667500346
8441,42360.0,1.0,0.48624738108788845,0.5137526189121115
8442,42361.0,0.0,0.6403576788048962,0.3596423211951034
8443,42363.0,1.0,0.48024028923497997,0.51975971076502
8444,42364.0,0.0,0.6410991855044093,0.3589008144955907
8445,42386.0,0.0,0.5785848334918969,0.42141516650810296
8446,42388.0,0.0,0.5433153024765214,0.4566846975234784
8447,42394.0,0.0,0.6555141693312031,0.344485830668797
8448,42395.0,0.0,0.5376147994825188,0.4623852005174813
8449,42399.0,0.0,0.5329907821141491,0.4670092178858509
8450,42404.0,0.0,0.5070738613437282,0.49292613865627183
8451,42415.0,1.0,0.4918385895372618,0.5081614104627381
8452,42416.0,1.0,0.4877112670961523,0.5122887329038477
8453,42425.0,1.0,0.46448330790660314,0.5355166920933969
8454,42428.0,0.0,0.5373891473422447,0.4626108526577549
8455,42431.0,0.0,0.5116886828105242,0.4883113171894757
8456,42434.0,0.0,0.5656428801069495,0.4343571198930504
8457,42436.0,0.0,0.6003507051499356,0.399649294850064
8458,42440.0,0.0,0.5898668438668312,0.41013315613316886
8459,42442.0,1.0,0.4558311351332393,0.5441688648667609
8460,42447.0,0.0,0.6092291989031934,0.39077080109680656
8461,42451.0,0.0,0.5558651810193109,0.44413481898068896
8462,42456.0,0.0,0.5523839621994847,0.4476160378005152
8463,42461.0,1.0,0.3911682640601928,0.6088317359398076
8464,42464.0,1.0,0.39086402344215515,0.609135976557845
8465,42466.0,0.0,0.5314126574697161,0.4685873425302839
8466,42471.0,1.0,0.4357332881860521,0.5642667118139477
8467,42476.0,1.0,0.37206332104403445,0.6279366789559657
8468,42486.0,0.0,0.5681465297926922,0.4318534702073078
8469,42490.0,0.0,0.5381247625308614,0.4618752374691386
8470,42491.0,1.0,0.4008025107569129,0.599197489243087
8471,42494.0,0.0,0.6722013022605594,0.3277986977394406
8472,42511.0,1.0,0.4286206155192993,0.5713793844807007
8473,42514.0,0.0,0.5425105209159192,0.4574894790840807
8474,42516.0,0.0,0.713416046583418,0.2865839534165823
8475,42518.0,0.0,0.7048751003627507,0.29512489963724947
8476,42519.0,1.0,0.4625125201678961,0.5374874798321041
8477,42520.0,1.0,0.4392256188396453,0.5607743811603548
8478,42522.0,0.0,0.6062161571891109,0.39378384281088896
8479,42524.0,1.0,0.42152665650595317,0.5784733434940469
8480,42526.0,1.0,0.4727191536163572,0.5272808463836429
8481,42534.0,0.0,0.5978747366250997,0.4021252633749002
8482,42538.0,0.0,0.500200274742888,0.499799725257112
8483,42539.0,1.0,0.4797580870570256,0.5202419129429745
8484,42553.0,1.0,0.03372961232285645,0.9662703876771436
8485,42555.0,0.0,0.5635500495044674,0.43644995049553276
8486,42556.0,1.0,0.45291243435667644,0.5470875656433235
8487,42562.0,0.0,0.5112737684287312,0.48872623157126877
8488,42570.0,1.0,0.4420861383217723,0.5579138616782278
8489,42573.0,1.0,0.48536356050741714,0.514636439492583
8490,42579.0,1.0,0.44321308916868085,0.5567869108313193
8491,42580.0,0.0,0.5775878323211948,0.4224121676788051
8492,42582.0,0.0,0.6851449940013009,0.3148550059986995
8493,42585.0,0.0,0.6311821964213741,0.36881780357862615
8494,42586.0,1.0,0.3847163212824898,0.6152836787175103
8495,42588.0,0.0,0.581475653509521,0.4185243464904789
8496,42592.0,1.0,0.3812587226145314,0.6187412773854686
8497,42593.0,1.0,0.4800565404565223,0.5199434595434778
8498,42600.0,1.0,0.46271718469419276,0.5372828153058073
8499,42602.0,0.0,0.5895314387422474,0.4104685612577525
8500,42611.0,0.0,0.5034112381989075,0.4965887618010925
8501,42613.0,0.0,0.5683798053327443,0.43162019466725554
8502,42615.0,1.0,0.4044225382756463,0.5955774617243538
8503,42616.0,1.0,0.4556435156276797,0.5443564843723203
8504,42622.0,1.0,0.43387476269729064,0.5661252373027095
8505,42626.0,0.0,0.6520273820632204,0.3479726179367794
8506,42627.0,1.0,0.48616377283576356,0.5138362271642365
8507,42628.0,1.0,0.3898495509571355,0.6101504490428645
8508,42641.0,1.0,0.3803450921552111,0.6196549078447893
8509,42653.0,0.0,0.5998119886622475,0.4001880113377525
8510,42657.0,0.0,0.606213344876405,0.39378665512359473
8511,42659.0,1.0,0.4852688400257418,0.5147311599742583
8512,42660.0,0.0,0.5165840040956234,0.4834159959043764
8513,42662.0,1.0,0.48469432846313604,0.515305671536864
8514,42672.0,0.0,0.5808447315421515,0.41915526845784856
8515,42677.0,1.0,0.3919976924617775,0.6080023075382226
8516,42678.0,0.0,0.6214820036557926,0.37851799634420735
8517,42688.0,0.0,0.5562265749370588,0.44377342506294126
8518,42690.0,1.0,0.49418994603319605,0.505810053966804
8519,42692.0,0.0,0.5253195082180095,0.4746804917819905
8520,42696.0,1.0,0.41207237759180965,0.5879276224081905
8521,42701.0,1.0,0.41288237340341977,0.5871176265965802
8522,42702.0,0.0,0.6412090850644865,0.3587909149355135
8523,42710.0,1.0,0.40348058133072406,0.596519418669276
8524,42713.0,0.0,0.5424867449391864,0.45751325506081364
8525,42714.0,1.0,0.39269880170741567,0.6073011982925843
8526,42720.0,1.0,0.47246394460190666,0.5275360553980932
8527,42721.0,1.0,0.44407961692021947,0.5559203830797805
8528,42726.0,1.0,0.45646451005312644,0.5435354899468733
8529,42727.0,0.0,0.6408637146053513,0.35913628539464854
8530,42736.0,0.0,0.6909099766210522,0.3090900233789478
8531,42737.0,1.0,0.4419303649042158,0.5580696350957843
8532,42739.0,0.0,0.563650088101872,0.43634991189812794
8533,42751.0,1.0,0.3934977607582922,0.6065022392417078
8534,42759.0,1.0,0.4545189908828383,0.5454810091171616
8535,42761.0,1.0,0.4471521108843926,0.5528478891156074
8536,42777.0,0.0,0.5368540168105299,0.46314598318947
8537,42780.0,0.0,0.5262713373559067,0.47372866264409325
8538,42784.0,1.0,0.39869865065390164,0.6013013493460985
8539,42790.0,1.0,0.3391394182694799,0.6608605817305201
8540,42791.0,1.0,0.05014300737896202,0.949856992621038
8541,42803.0,1.0,0.4154851616066758,0.5845148383933241
8542,42804.0,1.0,0.38205766194588464,0.6179423380541155
8543,42807.0,0.0,0.5522789268530993,0.4477210731469005
8544,42812.0,1.0,0.48497834776973703,0.5150216522302629
8545,42819.0,1.0,0.4146626093516948,0.5853373906483053
8546,42822.0,0.0,0.5411882362499258,0.458811763750074
8547,42828.0,1.0,0.47108815636187784,0.5289118436381222
8548,42829.0,0.0,0.6533968046540511,0.34660319534594863
8549,42830.0,0.0,0.6273892562555649,0.37261074374443504
8550,42831.0,1.0,0.4013984769796888,0.5986015230203114
8551,42841.0,1.0,0.4075051003638097,0.5924948996361904
8552,42848.0,0.0,0.5813274173161912,0.41867258268380886
8553,42858.0,1.0,0.4295207051744751,0.5704792948255251
8554,42863.0,0.0,0.5697829131863245,0.43021708681367565
8555,42865.0,0.0,0.5912427682877465,0.4087572317122535
8556,42874.0,0.0,0.5410107396302536,0.45898926036974624
8557,42879.0,1.0,0.44261055225182444,0.5573894477481756
8558,42901.0,1.0,0.4049315856372984,0.5950684143627019
8559,42903.0,0.0,0.5620738641916254,0.4379261358083747
8560,42905.0,0.0,0.6048666918355308,0.3951333081644693
8561,42906.0,0.0,0.5354446976667104,0.4645553023332895
8562,42919.0,0.0,0.574033653353116,0.4259663466468841
8563,42920.0,0.0,0.6042814391860002,0.3957185608139996
8564,42929.0,0.0,0.5171218095760994,0.4828781904239007
8565,42933.0,0.0,0.5296771918593098,0.4703228081406899
8566,42938.0,0.0,0.5270303723431145,0.4729696276568853
8567,42939.0,0.0,0.5607361019347976,0.4392638980652024
8568,42943.0,1.0,0.3887432220046241,0.6112567779953761
8569,42947.0,0.0,0.6071618486292225,0.39283815137077743
8570,42954.0,1.0,0.4421376240418575,0.5578623759581426
8571,42963.0,0.0,0.6943248997579474,0.3056751002420526
8572,42974.0,1.0,0.485290573516499,0.514709426483501
8573,42983.0,0.0,0.5003641721832917,0.4996358278167083
8574,42989.0,0.0,0.6237820801870706,0.3762179198129292
8575,42993.0,1.0,0.48368804435385643,0.5163119556461436
8576,42996.0,0.0,0.6107350432883492,0.38926495671165057
8577,42999.0,1.0,0.44393104735396105,0.5560689526460392
8578,43000.0,1.0,0.38027356919440414,0.619726430805596
8579,43007.0,1.0,0.4103172724920624,0.5896827275079378
8580,43014.0,1.0,0.4119834993720368,0.5880165006279631
8581,43024.0,1.0,0.04547463723899845,0.9545253627610016
8582,43025.0,0.0,0.5345025261914641,0.46549747380853573
8583,43027.0,1.0,0.4586247879483436,0.5413752120516563
8584,43032.0,0.0,0.6312597918428154,0.36874020815718467
8585,43046.0,1.0,0.42839891537097763,0.5716010846290223
8586,43047.0,0.0,0.5312399772909554,0.4687600227090446
8587,43060.0,1.0,0.4363496349017833,0.5636503650982166
8588,43068.0,0.0,0.5359861913225876,0.46401380867741226
8589,43074.0,1.0,0.408898026750852,0.591101973249148
8590,43080.0,0.0,0.5885678640275149,0.4114321359724851
8591,43084.0,1.0,0.3791262948527928,0.6208737051472076
8592,43085.0,0.0,0.5312961736569414,0.46870382634305874
8593,43090.0,1.0,0.3817118475353516,0.6182881524646484
8594,43091.0,1.0,0.4252906128160086,0.5747093871839916
8595,43098.0,0.0,0.5611820836380342,0.43881791636196554
8596,43109.0,1.0,0.37868607765328016,0.6213139223467199
8597,43112.0,1.0,0.4891276487467288,0.5108723512532712
8598,43121.0,1.0,0.4896678701775044,0.5103321298224955
8599,43122.0,0.0,0.5864570996758477,0.4135429003241522
8600,43128.0,1.0,0.40898474712836874,0.5910152528716313
8601,43130.0,1.0,0.3664241162541442,0.6335758837458557
8602,43131.0,0.0,0.5352654296497795,0.46473457035022053
8603,43133.0,1.0,0.47831496516427213,0.5216850348357279
8604,43135.0,1.0,0.07732642342899351,0.9226735765710065
8605,43138.0,1.0,0.4151370568298373,0.5848629431701629
8606,43139.0,0.0,0.5523655168869369,0.4476344831130629
8607,43149.0,1.0,0.02948947858590994,0.9705105214140901
8608,43150.0,1.0,0.06378773997815639,0.9362122600218435
8609,43151.0,0.0,0.6320026005789786,0.36799739942102133
8610,43152.0,1.0,0.0753118541709758,0.9246881458290243
8611,43158.0,0.0,0.6318846078265978,0.3681153921734023
8612,43172.0,1.0,0.4604770191434464,0.5395229808565536
8613,43175.0,1.0,0.4193638686329609,0.5806361313670392
8614,43178.0,1.0,0.49126977667422295,0.5087302233257769
8615,43180.0,0.0,0.656524816229776,0.3434751837702239
8616,43187.0,1.0,0.3987587872836633,0.6012412127163367
8617,43192.0,1.0,0.45682096784411835,0.5431790321558818
8618,43195.0,1.0,0.42687766547311606,0.5731223345268841
8619,43196.0,0.0,0.6659749643142732,0.33402503568572683
8620,43205.0,1.0,0.4808085684810935,0.5191914315189063
8621,43209.0,1.0,0.47123352528633106,0.528766474713669
8622,43210.0,0.0,0.553477819974602,0.4465221800253979
8623,43214.0,1.0,0.3878371190621433,0.6121628809378569
8624,43225.0,0.0,0.5522457274678708,0.4477542725321292
8625,43228.0,1.0,0.3879804608025441,0.612019539197456
8626,43231.0,1.0,0.44569889575055077,0.5543011042494493
8627,43241.0,0.0,0.6250569579428936,0.3749430420571063
8628,43245.0,1.0,0.49716479142281417,0.5028352085771859
8629,43251.0,1.0,0.48263792726029253,0.5173620727397076
8630,43259.0,1.0,0.4060788702238308,0.5939211297761693
8631,43263.0,0.0,0.5475647649112483,0.4524352350887517
8632,43264.0,1.0,0.4846072066288183,0.5153927933711817
8633,43280.0,1.0,0.44853504759679497,0.551464952403205
8634,43286.0,1.0,0.4966690621349155,0.5033309378650845
8635,43291.0,1.0,0.06023391463357657,0.9397660853664234
8636,43296.0,1.0,0.4562663411201,0.5437336588799001
8637,43298.0,0.0,0.6177717510568755,0.38222824894312457
8638,43307.0,1.0,0.44451726178743867,0.5554827382125613
8639,43310.0,1.0,0.38327788875523927,0.616722111244761
8640,43313.0,0.0,0.6343204019048967,0.3656795980951035
8641,43317.0,1.0,0.4943939793535534,0.5056060206464467
8642,43318.0,1.0,0.4059355054111207,0.5940644945888793
8643,43322.0,1.0,0.4010992748508215,0.5989007251491787
8644,43323.0,1.0,0.48428950207601784,0.5157104979239822
8645,43329.0,0.0,0.5925549748318643,0.4074450251681359
8646,43331.0,0.0,0.648074475671484,0.35192552432851576
8647,43333.0,1.0,0.46607039365349096,0.5339296063465091
8648,43342.0,0.0,0.6931854945822201,0.30681450541778
8649,43350.0,0.0,0.591671862358015,0.408328137641985
8650,43351.0,1.0,0.4212001717498569,0.5787998282501433
8651,43355.0,1.0,0.3948282273433799,0.60517177265662
8652,43357.0,0.0,0.5640398448406523,0.43596015515934783
8653,43361.0,1.0,0.4050756571272867,0.5949243428727133
8654,43362.0,0.0,0.5195176316976393,0.4804823683023606
8655,43381.0,1.0,0.4457067895478232,0.5542932104521768
8656,43383.0,1.0,0.39294105189369793,0.6070589481063022
8657,43388.0,0.0,0.5887512128921173,0.4112487871078829
8658,43389.0,1.0,0.43373795666471743,0.5662620433352825
8659,43393.0,1.0,0.43975581640305966,0.5602441835969404
8660,43394.0,1.0,0.4371008261037217,0.5628991738962783
8661,43402.0,1.0,0.03200453814578015,0.9679954618542199
8662,43404.0,0.0,0.6226711768416846,0.3773288231583154
8663,43407.0,1.0,0.02223835948920073,0.9777616405107993
8664,43411.0,0.0,0.5679309708806357,0.4320690291193642
8665,43413.0,0.0,0.5345296850602298,0.46547031493977004
8666,43415.0,0.0,0.5787121768805614,0.4212878231194386
8667,43420.0,1.0,0.34606630151022943,0.6539336984897708
8668,43425.0,1.0,0.4536100422374992,0.5463899577625008
8669,43431.0,0.0,0.6533611477130379,0.346638852286962
8670,43432.0,0.0,0.5155150340379121,0.48448496596208784
8671,43449.0,0.0,0.6389039895112036,0.3610960104887963
8672,43450.0,0.0,0.5264643353543932,0.47353566464560687
8673,43452.0,0.0,0.6002087259186618,0.39979127408133813
8674,43453.0,1.0,0.4667841117775688,0.5332158882224314
8675,43454.0,1.0,0.4037249393888229,0.5962750606111772
8676,43455.0,1.0,0.4558833400986408,0.5441166599013592
8677,43457.0,1.0,0.4946725638384727,0.5053274361615273
8678,43458.0,1.0,0.4133980168148616,0.5866019831851385
8679,43461.0,1.0,0.4755218658467728,0.5244781341532272
8680,43463.0,1.0,0.47088222404156954,0.5291177759584305
8681,43470.0,1.0,0.4418441807728177,0.5581558192271824
8682,43471.0,1.0,0.49909578582799097,0.500904214172009
8683,43476.0,0.0,0.58326089601379,0.4167391039862096
8684,43482.0,0.0,0.5418470628688694,0.4581529371311305
8685,43489.0,1.0,0.4271272853984045,0.5728727146015955
8686,43494.0,0.0,0.60202875624706,0.39797124375294024
8687,43510.0,0.0,0.5278497028779268,0.4721502971220732
8688,43516.0,1.0,0.47473231475071165,0.5252676852492885
8689,43518.0,1.0,0.4727880926260281,0.5272119073739719
8690,43523.0,0.0,0.5196121293841723,0.4803878706158277
8691,43527.0,0.0,0.5841559967329819,0.415844003267018
8692,43529.0,1.0,0.37291658125844473,0.6270834187415555
8693,43536.0,0.0,0.5046771836855395,0.49532281631446023
8694,43537.0,1.0,0.4721046338816853,0.5278953661183149
8695,43547.0,1.0,0.4055424412449581,0.594457558755042
8696,43567.0,1.0,0.4563272472123546,0.5436727527876455
8697,43574.0,1.0,0.4970132030854088,0.5029867969145912
8698,43585.0,1.0,0.3957030645887872,0.6042969354112128
8699,43588.0,0.0,0.5381716233292753,0.46182837667072485
8700,43597.0,1.0,0.4275220280578715,0.5724779719421285
8701,43598.0,1.0,0.39673497978160993,0.6032650202183903
8702,43605.0,0.0,0.61432595830656,0.3856740416934401
8703,43606.0,1.0,0.03313063228345719,0.9668693677165427
8704,43607.0,0.0,0.5908286717553451,0.40917132824465463
8705,43609.0,0.0,0.54345826776354,0.45654173223646
8706,43610.0,1.0,0.4606619611441717,0.5393380388558282
8707,43614.0,1.0,0.4961929471834928,0.5038070528165072
8708,43621.0,1.0,0.3879192726048115,0.6120807273951886
8709,43623.0,1.0,0.4564284493741289,0.5435715506258711
8710,43638.0,1.0,0.3944107244235313,0.6055892755764687
8711,43647.0,1.0,0.4414697142495833,0.5585302857504169
8712,43648.0,1.0,0.3728570341754397,0.6271429658245605
8713,43652.0,0.0,0.5440676817527054,0.45593231824729463
8714,43654.0,0.0,0.5660746947315566,0.4339253052684433
8715,43655.0,0.0,0.5986258050454972,0.40137419495450266
8716,43659.0,0.0,0.5518243877948041,0.44817561220519603
8717,43663.0,0.0,0.508389927224778,0.49161007277522195
8718,43673.0,1.0,0.4492140887864877,0.5507859112135122
8719,43675.0,1.0,0.38201860020613254,0.6179813997938673
8720,43678.0,0.0,0.6827756632261293,0.3172243367738704
8721,43680.0,1.0,0.42873218452217765,0.5712678154778222
8722,43681.0,1.0,0.4651201877773823,0.5348798122226177
8723,43687.0,0.0,0.5059850803896137,0.4940149196103863
8724,43690.0,1.0,0.48938900867745955,0.5106109913225406
8725,43692.0,0.0,0.5299172358226909,0.4700827641773089
8726,43694.0,1.0,0.3728672712616427,0.6271327287383573
8727,43695.0,1.0,0.3951842840903444,0.6048157159096555
8728,43696.0,0.0,0.5698972668196478,0.4301027331803523
8729,43697.0,1.0,0.45618330459798756,0.5438166954020125
8730,43700.0,1.0,0.4633738669931173,0.5366261330068828
8731,43703.0,1.0,0.4110983106734901,0.5889016893265101
8732,43704.0,1.0,0.4074712056913352,0.592528794308665
8733,43705.0,1.0,0.4523063773341335,0.5476936226658665
8734,43710.0,0.0,0.5011607395044323,0.4988392604955677
8735,43714.0,0.0,0.5425421839557081,0.4574578160442917
8736,43715.0,1.0,0.3650579814764574,0.6349420185235428
8737,43717.0,1.0,0.4702204866480861,0.5297795133519139
8738,43722.0,1.0,0.3736258732398081,0.6263741267601922
8739,43725.0,1.0,0.49478526677787693,0.5052147332221231
8740,43734.0,0.0,0.5580692472990622,0.44193075270093785
8741,43737.0,1.0,0.41198675522410544,0.5880132447758946
8742,43738.0,1.0,0.39353805632568417,0.6064619436743159
8743,43742.0,1.0,0.496904173042278,0.5030958269577219
8744,43747.0,0.0,0.568992451308193,0.431007548691807
8745,43750.0,1.0,0.49628984452641384,0.503710155473586
8746,43765.0,1.0,0.07835025952379508,0.9216497404762051
8747,43772.0,1.0,0.4088075896770262,0.5911924103229741
8748,43795.0,1.0,0.43491095498179566,0.5650890450182042
8749,43796.0,1.0,0.4487572362004326,0.5512427637995675
8750,43803.0,0.0,0.6664176984507333,0.33358230154926666
8751,43809.0,0.0,0.5760503004101594,0.4239496995898406
8752,43817.0,0.0,0.6320886776399975,0.36791132236000246
8753,43828.0,0.0,0.5036068245728588,0.4963931754271412
8754,43837.0,0.0,0.5509604688223797,0.4490395311776203
8755,43845.0,0.0,0.5657283191819307,0.43427168081806916
8756,43850.0,1.0,0.4091932443471631,0.5908067556528371
8757,43852.0,1.0,0.45809621610868484,0.5419037838913152
8758,43859.0,0.0,0.5504401499318599,0.44955985006814
8759,43860.0,1.0,0.4003944920142667,0.5996055079857333
8760,43864.0,0.0,0.5566557831014562,0.44334421689854364
8761,43871.0,1.0,0.4249475583513289,0.5750524416486712
8762,43876.0,0.0,0.5223435348806114,0.47765646511938864
8763,43879.0,0.0,0.567354264597755,0.4326457354022449
8764,43880.0,1.0,0.02965395427474495,0.970346045725255
8765,43884.0,1.0,0.4097771161471531,0.5902228838528469
8766,43888.0,1.0,0.4168751727957619,0.5831248272042381
8767,43896.0,1.0,0.38644768174123034,0.6135523182587699
8768,43898.0,1.0,0.47187981257639555,0.5281201874236042
8769,43899.0,1.0,0.01800190618295412,0.981998093817046
8770,43903.0,1.0,0.46554652933361523,0.5344534706663847
8771,43908.0,0.0,0.5136025440466251,0.48639745595337486
8772,43912.0,1.0,0.44561038602025127,0.5543896139797487
8773,43913.0,1.0,0.4394271628127319,0.5605728371872682
8774,43914.0,0.0,0.5657007354142926,0.4342992645857075
8775,43917.0,1.0,0.4531743757836926,0.5468256242163074
8776,43918.0,1.0,0.4601994156187096,0.5398005843812905
8777,43921.0,0.0,0.5899384017352324,0.41006159826476746
8778,43926.0,0.0,0.6337589089047735,0.3662410910952261
8779,43927.0,0.0,0.5406438759554671,0.45935612404453274
8780,43928.0,0.0,0.5314789460264912,0.46852105397350885
8781,43931.0,0.0,0.5910669873476191,0.40893301265238086
8782,43932.0,0.0,0.5217505260254225,0.4782494739745775
8783,43934.0,0.0,0.5389045733584245,0.46109542664157543
8784,43954.0,1.0,0.39830655182377206,0.601693448176228
8785,43958.0,1.0,0.43060677053628027,0.5693932294637198
8786,43962.0,1.0,0.48399988115077136,0.5160001188492287
8787,43967.0,0.0,0.5781210394419615,0.4218789605580384
8788,43970.0,1.0,0.466417964686554,0.5335820353134461
8789,43978.0,0.0,0.5058572627666823,0.49414273723331775
8790,43986.0,1.0,0.4898837091765868,0.5101162908234133
8791,43990.0,1.0,0.05892600870413592,0.9410739912958641
8792,43993.0,0.0,0.5231934126640335,0.4768065873359664
8793,44001.0,0.0,0.5684094433068381,0.4315905566931618
8794,44002.0,1.0,0.01710857732050546,0.9828914226794945
8795,44004.0,1.0,0.4497968021445455,0.5502031978554545
8796,44011.0,0.0,0.5314569038624104,0.4685430961375895
8797,44012.0,0.0,0.5437250299382622,0.4562749700617378
8798,44014.0,0.0,0.5319469305579159,0.4680530694420842
8799,44015.0,0.0,0.532793051754209,0.46720694824579084
8800,44018.0,0.0,0.5525361509114634,0.4474638490885365
8801,44023.0,1.0,0.420733492706003,0.579266507293997
8802,44028.0,1.0,0.4305168480388772,0.5694831519611229
8803,44036.0,0.0,0.5469996390756864,0.4530003609243136
8804,44045.0,0.0,0.5840559327567711,0.41594406724322897
8805,44046.0,0.0,0.5347120018850111,0.46528799811498883
8806,44047.0,0.0,0.530709141896612,0.469290858103388
8807,44049.0,0.0,0.576358094434325,0.42364190556567516
8808,44055.0,0.0,0.7398046357590969,0.2601953642409029
8809,44060.0,0.0,0.5049195853813129,0.4950804146186871
8810,44062.0,0.0,0.5100181025816041,0.48998189741839565
8811,44067.0,0.0,0.5523480571056121,0.44765194289438787
8812,44068.0,1.0,0.35880643469777856,0.6411935653022218
8813,44071.0,1.0,0.40995497365503214,0.5900450263449677
8814,44072.0,0.0,0.538437917898249,0.4615620821017509
8815,44076.0,1.0,0.028466872451229454,0.9715331275487705
8816,44078.0,1.0,0.4814880728036436,0.5185119271963563
8817,44084.0,0.0,0.5585908535767413,0.4414091464232587
8818,44090.0,1.0,0.3931714715026242,0.606828528497376
8819,44094.0,1.0,0.4831727701595871,0.5168272298404131
8820,44099.0,0.0,0.6701862525313871,0.3298137474686132
8821,44114.0,1.0,0.3989779359251516,0.6010220640748486
8822,44115.0,1.0,0.4403116152784534,0.5596883847215467
8823,44131.0,1.0,0.4208320066002579,0.5791679933997425
8824,44142.0,1.0,0.409072058087572,0.5909279419124281
8825,44145.0,0.0,0.5283115568577954,0.4716884431422046
8826,44146.0,1.0,0.032704395755623235,0.9672956042443768
8827,44160.0,0.0,0.5815249374734974,0.41847506252650246
8828,44163.0,1.0,0.06224123084225395,0.937758769157746
8829,44174.0,1.0,0.41882186877816985,0.5811781312218303
8830,44175.0,1.0,0.3936779170315695,0.6063220829684305
8831,44176.0,0.0,0.5117914290799823,0.48820857092001774
8832,44178.0,0.0,0.5711221616275574,0.4288778383724427
8833,44206.0,1.0,0.3651459424259442,0.6348540575740562
8834,44212.0,1.0,0.40267393944738894,0.5973260605526111
8835,44215.0,1.0,0.45367984118049337,0.5463201588195067
8836,44222.0,1.0,0.38537058493477966,0.6146294150652206
8837,44231.0,0.0,0.5604175214673149,0.4395824785326849
8838,44242.0,1.0,0.4368289494224701,0.5631710505775299
8839,44249.0,0.0,0.516695793627482,0.483304206372518
8840,44254.0,1.0,0.4169356534928651,0.5830643465071349
8841,44260.0,1.0,0.04655766328174979,0.9534423367182501
8842,44261.0,1.0,0.049727356298947006,0.9502726437010531
8843,44268.0,0.0,0.581923263456205,0.418076736543795
8844,44277.0,0.0,0.6418768406484208,0.35812315935157923
8845,44288.0,0.0,0.5963099562375977,0.40369004376240203
8846,44292.0,0.0,0.5310037138029686,0.4689962861970313
8847,44293.0,0.0,0.5874857097881568,0.41251429021184316
8848,44294.0,1.0,0.01826450415660646,0.9817354958433934
8849,44304.0,0.0,0.5140110513687881,0.4859889486312119
8850,44305.0,0.0,0.6416594033795778,0.35834059662042234
8851,44307.0,1.0,0.4474603033303564,0.5525396966696438
8852,44314.0,1.0,0.3889036880297983,0.6110963119702016
8853,44321.0,0.0,0.5506366476671153,0.4493633523328846
8854,44327.0,1.0,0.450463458071274,0.5495365419287261
8855,44328.0,0.0,0.5383707517206768,0.4616292482793233
8856,44343.0,1.0,0.4848260654642788,0.5151739345357212
8857,44351.0,1.0,0.44131576682283585,0.558684233177164
8858,44352.0,1.0,0.44020465775430656,0.5597953422456936
8859,44355.0,0.0,0.5210781406916998,0.4789218593083001
8860,44356.0,0.0,0.6301411033662468,0.3698588966337534
8861,44361.0,1.0,0.4720149327522399,0.5279850672477602
8862,44364.0,1.0,0.42850434031562457,0.5714956596843754
8863,44369.0,1.0,0.44914365063530803,0.5508563493646921
8864,44376.0,1.0,0.49170685325784125,0.5082931467421588
8865,44381.0,0.0,0.6606482364585469,0.33935176354145297
8866,44386.0,1.0,0.4002076616706347,0.5997923383293654
8867,44387.0,1.0,0.4558645767578575,0.5441354232421425
8868,44390.0,0.0,0.5003076839264634,0.49969231607353665
8869,44392.0,0.0,0.5272661843984099,0.47273381560158995
8870,44406.0,1.0,0.45426304990615873,0.5457369500938414
8871,44408.0,1.0,0.48113642972464765,0.5188635702753522
8872,44410.0,1.0,0.49057012029072283,0.5094298797092771
8873,44415.0,0.0,0.5124272392683438,0.48757276073165623
8874,44416.0,1.0,0.4054860946237375,0.5945139053762625
8875,44422.0,0.0,0.5495366647031503,0.45046333529684973
8876,44426.0,0.0,0.5651679984151284,0.4348320015848715
8877,44428.0,0.0,0.5550680398518838,0.44493196014811615
8878,44429.0,0.0,0.5192987800154307,0.48070121998456933
8879,44433.0,1.0,0.3957596305674707,0.6042403694325293
8880,44436.0,1.0,0.028094395430772138,0.9719056045692278
8881,44439.0,1.0,0.39990006567312064,0.6000999343268795
8882,44442.0,1.0,0.4607586091995725,0.5392413908004273
8883,44453.0,1.0,0.41837039568799866,0.5816296043120013
8884,44458.0,1.0,0.4906791602113579,0.5093208397886422
8885,44469.0,0.0,0.6393338549674852,0.3606661450325147
8886,44475.0,1.0,0.46861262105401247,0.5313873789459875
8887,44479.0,1.0,0.4955228655184634,0.5044771344815365
8888,44481.0,0.0,0.6470318588561554,0.35296814114384445
8889,44485.0,0.0,0.6265870255908463,0.37341297440915355
8890,44486.0,1.0,0.48632108528238993,0.5136789147176101
8891,44487.0,1.0,0.40080683584973215,0.5991931641502679
8892,44501.0,1.0,0.43500031978464526,0.5649996802153548
8893,44505.0,0.0,0.5834118397881903,0.41658816021180944
8894,44508.0,0.0,0.5095355865853223,0.4904644134146776
8895,44517.0,1.0,0.4043047563480745,0.5956952436519255
8896,44518.0,1.0,0.4101744235906071,0.5898255764093931
8897,44523.0,1.0,0.42373159804208804,0.5762684019579121
8898,44525.0,0.0,0.5954056476786923,0.4045943523213079
8899,44541.0,0.0,0.6376123437671297,0.36238765623287
8900,44545.0,0.0,0.5407348595098751,0.4592651404901247
8901,44548.0,1.0,0.019104576171926162,0.9808954238280739
8902,44555.0,0.0,0.5542201430697908,0.4457798569302092
8903,44556.0,0.0,0.5511854984520599,0.44881450154793995
8904,44557.0,1.0,0.4836050681802601,0.5163949318197399
8905,44564.0,1.0,0.3480972839155853,0.6519027160844151
8906,44576.0,1.0,0.39636967822562347,0.6036303217743765
8907,44581.0,1.0,0.38189606577653507,0.6181039342234651
8908,44585.0,1.0,0.3720891247298933,0.6279108752701068
8909,44587.0,1.0,0.4485427394657148,0.5514572605342852
8910,44590.0,1.0,0.49270931320994454,0.5072906867900554
8911,44604.0,0.0,0.6727984492077251,0.32720155079227475
8912,44607.0,0.0,0.6236739633959574,0.3763260366040423
8913,44613.0,1.0,0.40201071938227806,0.5979892806177222
8914,44614.0,0.0,0.5229695985268011,0.47703040147319875
8915,44624.0,1.0,0.4745137964536099,0.5254862035463901
8916,44627.0,0.0,0.5022252771068847,0.4977747228931154
8917,44636.0,0.0,0.5159591685529991,0.48404083144700083
8918,44643.0,1.0,0.44917132347105765,0.5508286765289422
8919,44650.0,1.0,0.40751291320132926,0.5924870867986708
8920,44662.0,1.0,0.4348265005214153,0.5651734994785848
8921,44663.0,0.0,0.5900320586959245,0.40996794130407543
8922,44676.0,0.0,0.506182878893762,0.49381712110623793
8923,44679.0,0.0,0.5328289513578628,0.4671710486421372
8924,44680.0,0.0,0.5106906110067271,0.4893093889932729
8925,44683.0,0.0,0.5104336472695427,0.4895663527304574
8926,44684.0,1.0,0.48566040283374484,0.5143395971662551
8927,44689.0,0.0,0.5895454005182225,0.4104545994817775
8928,44701.0,0.0,0.5712653791647203,0.42873462083527963
8929,44703.0,1.0,0.39723321260775646,0.6027667873922435
8930,44709.0,1.0,0.4663790338151137,0.5336209661848863
8931,44712.0,1.0,0.42449570203225095,0.5755042979677492
8932,44714.0,0.0,0.6357502546378844,0.3642497453621156
8933,44720.0,1.0,0.4694796546180536,0.5305203453819464
8934,44724.0,0.0,0.5489475073148179,0.45105249268518205
8935,44725.0,1.0,0.4291522159248315,0.5708477840751686
8936,44726.0,0.0,0.5109379478854124,0.4890620521145877
8937,44729.0,1.0,0.0723407581394258,0.9276592418605741
8938,44737.0,1.0,0.4731810409410517,0.5268189590589484
8939,44739.0,0.0,0.6188292007154268,0.38117079928457315
8940,44741.0,1.0,0.027049912407394894,0.9729500875926049
8941,44746.0,1.0,0.48742996609714345,0.5125700339028566
8942,44759.0,1.0,0.39672228662016445,0.6032777133798356
8943,44760.0,1.0,0.4137881181433707,0.5862118818566293
8944,44764.0,0.0,0.5992551008779223,0.4007448991220774
8945,44772.0,1.0,0.4878370829577227,0.5121629170422773
8946,44774.0,1.0,0.4751748205140103,0.5248251794859897
8947,44777.0,1.0,0.44744880939894366,0.5525511906010564
8948,44785.0,0.0,0.5191654276036315,0.48083457239636823
8949,44794.0,0.0,0.5728363600752244,0.4271636399247755
8950,44796.0,0.0,0.6954759572357648,0.3045240427642351
8951,44797.0,1.0,0.4713406281141498,0.5286593718858501
8952,44800.0,1.0,0.4269106917633218,0.5730893082366784
8953,44803.0,1.0,0.48695994546736654,0.5130400545326335
8954,44805.0,1.0,0.4838968590427208,0.5161031409572792
8955,44813.0,0.0,0.5757106683778511,0.42428933162214866
8956,44815.0,1.0,0.3783357439789107,0.6216642560210895
8957,44825.0,1.0,0.49902872844145413,0.5009712715585457
8958,44826.0,1.0,0.023950066095456198,0.9760499339045439
8959,44830.0,0.0,0.6438778696999371,0.35612213030006296
8960,44842.0,0.0,0.5629285681783123,0.4370714318216878
8961,44843.0,0.0,0.5809994042399591,0.41900059576004095
8962,44856.0,1.0,0.42956001894163004,0.5704399810583702
8963,44863.0,1.0,0.38648794458731045,0.6135120554126897
8964,44864.0,0.0,0.5602739505342174,0.4397260494657827
8965,44866.0,1.0,0.41317467546626757,0.5868253245337324
8966,44868.0,1.0,0.4785936908840287,0.5214063091159714
8967,44869.0,0.0,0.538463289376227,0.461536710623773
8968,44883.0,1.0,0.3781617301692332,0.6218382698307671
8969,44885.0,1.0,0.4698665595182588,0.5301334404817413
8970,44887.0,1.0,0.46511261065991055,0.5348873893400894
8971,44891.0,0.0,0.5147303246422115,0.48526967535778864
8972,44918.0,0.0,0.5614599922038697,0.4385400077961302
8973,44920.0,1.0,0.43475748473441134,0.5652425152655887
8974,44921.0,1.0,0.49771824909663764,0.5022817509033622
8975,44923.0,0.0,0.5977120952289258,0.4022879047710741
8976,44933.0,1.0,0.4899184864248101,0.5100815135751899
8977,44941.0,1.0,0.4014268338139072,0.5985731661860928
8978,44944.0,1.0,0.4092668658987677,0.5907331341012323
8979,44957.0,0.0,0.5065814227471555,0.4934185772528446
8980,44960.0,1.0,0.07995443533214489,0.920045564667855
8981,44963.0,1.0,0.4150254384331306,0.5849745615668693
8982,44969.0,1.0,0.4685263703378104,0.5314736296621895
8983,44972.0,1.0,0.46862297682793025,0.5313770231720697
8984,44974.0,0.0,0.5263446325512977,0.4736553674487023
8985,44979.0,1.0,0.39002266790848034,0.6099773320915197
8986,44980.0,1.0,0.49215122266351174,0.5078487773364883
8987,44982.0,1.0,0.38285809437484003,0.6171419056251601
8988,44986.0,1.0,0.3975352956377441,0.602464704362256
8989,44988.0,1.0,0.41098892296525835,0.5890110770347416
8990,44990.0,1.0,0.4171198381650808,0.5828801618349193
8991,44993.0,1.0,0.41020935693100585,0.5897906430689941
8992,44994.0,0.0,0.546141804514933,0.45385819548506695
8993,45008.0,1.0,0.42349408962739443,0.5765059103726058
8994,45010.0,0.0,0.642563033957044,0.3574369660429562
8995,45012.0,0.0,0.5004096808435221,0.4995903191564778
8996,45015.0,1.0,0.4855853678349485,0.5144146321650515
8997,45016.0,0.0,0.5556367869074242,0.4443632130925757
8998,45033.0,1.0,0.4219470767878526,0.5780529232121474
8999,45038.0,0.0,0.5308669149202219,0.4691330850797782
9000,45044.0,0.0,0.5798640180639225,0.4201359819360775
9001,45059.0,0.0,0.5691388559843347,0.4308611440156654
9002,45061.0,1.0,0.4090588122595408,0.5909411877404592
9003,45062.0,1.0,0.4947649329531618,0.5052350670468381
9004,45081.0,0.0,0.5434579045626862,0.45654209543731383
9005,45087.0,0.0,0.5788137116591456,0.4211862883408544
9006,45089.0,1.0,0.08282639107186716,0.9171736089281329
9007,45093.0,1.0,0.4227947471281388,0.5772052528718613
9008,45098.0,1.0,0.40500177921233865,0.5949982207876614
9009,45103.0,0.0,0.582310465711966,0.4176895342880339
9010,45106.0,1.0,0.410003127045423,0.5899968729545769
9011,45107.0,1.0,0.4494929820562946,0.5505070179437053
9012,45109.0,1.0,0.4742024864933856,0.5257975135066144
9013,45111.0,0.0,0.5247819935302824,0.47521800646971757
9014,45117.0,1.0,0.4389875894323891,0.561012410567611
9015,45121.0,1.0,0.4058405914537835,0.5941594085462167
9016,45122.0,0.0,0.551695277052236,0.4483047229477639
9017,45126.0,0.0,0.5502919051526605,0.4497080948473395
9018,45127.0,1.0,0.4309749260625705,0.5690250739374294
9019,45132.0,0.0,0.680985939961829,0.31901406003817107
9020,45134.0,0.0,0.5223032755392306,0.47769672446076933
9021,45143.0,1.0,0.42720590123897445,0.5727940987610256
9022,45146.0,1.0,0.37005600668015887,0.6299439933198413
9023,45153.0,0.0,0.5453838322646526,0.4546161677353476
9024,45163.0,1.0,0.43162182548258743,0.5683781745174126
9025,45180.0,1.0,0.3529237761403738,0.6470762238596263
9026,45183.0,1.0,0.034328618505689024,0.965671381494311
9027,45186.0,0.0,0.6132227221938081,0.3867772778061919
9028,45194.0,1.0,0.4442917871745259,0.5557082128254741
9029,45201.0,0.0,0.6323808988930717,0.36761910110692836
9030,45206.0,0.0,0.600764643324137,0.3992353566758631
9031,45214.0,0.0,0.5451215428004822,0.4548784571995178
9032,45216.0,1.0,0.10223576780504534,0.8977642321949546
9033,45217.0,0.0,0.5281084383068869,0.471891561693113
9034,45226.0,0.0,0.5615798525554708,0.4384201474445291
9035,45232.0,1.0,0.39864688244807545,0.6013531175519248
9036,45235.0,1.0,0.403708030834689,0.596291969165311
9037,45236.0,1.0,0.41866582597648966,0.5813341740235103
9038,45238.0,0.0,0.5651882925571268,0.4348117074428732
9039,45240.0,0.0,0.674964405767302,0.32503559423269784
9040,45243.0,1.0,0.04115970561450846,0.9588402943854917
9041,45262.0,1.0,0.37794298425828565,0.6220570157417142
9042,45265.0,1.0,0.39694788427007877,0.6030521157299213
9043,45266.0,0.0,0.5843388844229712,0.41566111557702873
9044,45279.0,1.0,0.4824786093613725,0.5175213906386275
9045,45285.0,1.0,0.39644012646176774,0.6035598735382325
9046,45287.0,1.0,0.061272825083808796,0.9387271749161912
9047,45288.0,0.0,0.5617290663257237,0.4382709336742762
9048,45298.0,0.0,0.5151444523885775,0.48485554761142247
9049,45300.0,1.0,0.43107339514795057,0.5689266048520495
9050,45301.0,1.0,0.4239794299975132,0.5760205700024869
9051,45306.0,1.0,0.43728175099406796,0.5627182490059323
9052,45312.0,1.0,0.4094780401024323,0.5905219598975677
9053,45316.0,1.0,0.3339261985817845,0.6660738014182155
9054,45317.0,1.0,0.42360264653844787,0.5763973534615522
9055,45321.0,1.0,0.43366034273442233,0.5663396572655777
9056,45323.0,1.0,0.3727396595993899,0.6272603404006104
9057,45330.0,1.0,0.4810413890759304,0.5189586109240697
9058,45332.0,1.0,0.02776905704758476,0.9722309429524154
9059,45343.0,1.0,0.47187794132013744,0.5281220586798626
9060,45345.0,1.0,0.47425445045241327,0.5257455495475868
9061,45346.0,1.0,0.45257572074441166,0.5474242792555883
9062,45347.0,1.0,0.4644219848191398,0.5355780151808601
9063,45349.0,1.0,0.4784147716598905,0.5215852283401095
9064,45351.0,0.0,0.5941217549594474,0.40587824504055253
9065,45358.0,1.0,0.42593432637522605,0.574065673624774
9066,45372.0,0.0,0.5274592627881551,0.47254073721184475
9067,45374.0,1.0,0.4362255244415795,0.5637744755584205
9068,45375.0,1.0,0.42833827678082115,0.571661723219179
9069,45384.0,1.0,0.38805078279084043,0.6119492172091594
9070,45401.0,1.0,0.38585815365646753,0.6141418463435324
9071,45408.0,1.0,0.45640088969819465,0.5435991103018053
9072,45409.0,0.0,0.5558299370175831,0.4441700629824169
9073,45411.0,0.0,0.6252360208243136,0.37476397917568627
9074,45412.0,1.0,0.4914476883852995,0.5085523116147005
9075,45416.0,0.0,0.5992831697140074,0.4007168302859927
9076,45422.0,1.0,0.030826982946383107,0.9691730170536169
9077,45426.0,0.0,0.5291680873834149,0.47083191261658514
9078,45428.0,1.0,0.46975351049679537,0.5302464895032047
9079,45429.0,0.0,0.5202338969296436,0.4797661030703562
9080,45431.0,1.0,0.38862558562249006,0.6113744143775098
9081,45432.0,0.0,0.5567560137200658,0.44324398627993405
9082,45437.0,1.0,0.39036464561603834,0.6096353543839615
9083,45438.0,1.0,0.4019011763853758,0.5980988236146242
9084,45442.0,1.0,0.38156069163746364,0.6184393083625365
9085,45449.0,0.0,0.5450808643493775,0.45491913565062253
9086,45455.0,0.0,0.52588937998569,0.47411062001431
9087,45460.0,1.0,0.02528926064433676,0.9747107393556632
9088,45461.0,1.0,0.42776934107544934,0.5722306589245507
9089,45471.0,0.0,0.5576010634614922,0.4423989365385077
9090,45488.0,1.0,0.05688505431687208,0.9431149456831279
9091,45490.0,1.0,0.4372598533982713,0.5627401466017288
9092,45491.0,1.0,0.06020176379493559,0.9397982362050645
9093,45492.0,0.0,0.639802602327154,0.3601973976728459
9094,45493.0,1.0,0.44052371491794373,0.5594762850820563
9095,45497.0,1.0,0.4106933704037127,0.5893066295962874
9096,45500.0,1.0,0.47863071951642994,0.5213692804835701
9097,45502.0,0.0,0.518382842169938,0.48161715783006204
9098,45503.0,1.0,0.494008456566278,0.5059915434337219
9099,45510.0,1.0,0.45348399542195184,0.5465160045780483
9100,45513.0,1.0,0.45186604056788743,0.5481339594321126
9101,45520.0,1.0,0.4960518565131459,0.5039481434868541
9102,45523.0,1.0,0.4078660139224724,0.5921339860775278
9103,45525.0,0.0,0.5443900738829486,0.4556099261170515
9104,45530.0,0.0,0.5721670960206685,0.4278329039793316
9105,45531.0,1.0,0.4811982195302582,0.5188017804697419
9106,45535.0,1.0,0.37910634910077506,0.6208936508992251
9107,45541.0,1.0,0.3895601727529758,0.6104398272470245
9108,45543.0,0.0,0.5093398546493438,0.49066014535065605
9109,45547.0,1.0,0.4395397978622859,0.560460202137714
9110,45548.0,1.0,0.460897201014961,0.539102798985039
9111,45549.0,0.0,0.5726995136189181,0.4273004863810817
9112,45551.0,1.0,0.4707923626349396,0.5292076373650604
9113,45554.0,0.0,0.6274714727582409,0.372528527241759
9114,45555.0,0.0,0.5765578097938484,0.4234421902061515
9115,45557.0,0.0,0.6475947888024589,0.3524052111975412
9116,45563.0,1.0,0.4928330479372201,0.50716695206278
9117,45567.0,1.0,0.4090132244807869,0.590986775519213
9118,45574.0,1.0,0.026732551376536386,0.9732674486234637
9119,45575.0,1.0,0.4635653595119279,0.536434640488072
9120,45582.0,1.0,0.46112118947343506,0.5388788105265649
9121,45591.0,0.0,0.651507457197911,0.34849254280208847
9122,45600.0,1.0,0.49316355459523054,0.5068364454047694
9123,45609.0,0.0,0.662470525411663,0.33752947458833654
9124,45614.0,0.0,0.5146930368887601,0.48530696311123983
9125,45621.0,0.0,0.5527635290425486,0.4472364709574515
9126,45639.0,0.0,0.5886138884585508,0.41138611154144916
